0,0,0,0,0,0,0,0,0,0,0,0,0,0,0,0,0,0,0,0,0,0,0,0,0,0,0,0,0,0,0,0,0,0,0,0,0,0,0,0,0,0,0,0,0,0,0,0,0,0,0,0,0,0,0,0,0,0,0,0,0,0,0,0,0,0,0,0,0,0,0,0,0,0,0,0,0,0,0,0,0,0,0,0,0,0,0,0,0,0,0,0,0,0,0,0,0,0,0,0,0,0,0,0,0,0,0,0,0,0,0,0,0,0,0,0,0,0,0,0,0,0,0,0,0,0,0,0,0,0,0,0,0,0,0,0,0,0,0,0,0,0,0,0,0,0,0,0,0
0,0,0,0,0,0,0,0,0,0,0,0,0,0,0,0,203,202,199,192,186,184,184,187,193,198,199,199,0,0,0,0,0,0,0,0,0,0,0,0,0,0,0,0,0,0,0,0,0,0,0,0,0,0,0,0,0,0,0,0,0,0,0,0,0,0,0,0,0,0,0,0,0,0,0,0,0,0,0,0,0,0,0,0,0,0,0,0,0,0,0,0,0,0,0,0,0,0,0,0,0,0,0,0,0,0,0,0,0,0,0,0,0,0,0,0,0,0,0,0,0,0,0,0,0,0,0,0,0,0,0,0,0,0,0,0,0,0,0,0,0,0,0,0,0,0,0,0,0
0,0,0,0,0,0,0,0,0,0,0,0,0,0,0,202,203,202,197,189,181,177,177,181,184,186,187,189,190,190,193,195,197,195,196,197,197,197,199,202,203,0,0,0,0,0,0,0,0,0,0,0,0,0,0,0,0,0,0,0,0,0,0,0,0,0,0,0,0,0,0,0,0,0,0,0,0,0,0,0,0,0,0,0,0,0,0,0,0,0,0,0,0,0,0,0,0,0,0,0,0,0,0,0,0,0,0,0,0,0,0,0,0,0,0,0,0,0,0,0,0,0,0,0,0,0,0,0,0,0,0,0,0,0,0,0,0,0,0,0,0,0,0,0,0,0,0,0,0
0,0,0,0,0,0,0,0,0,0,0,0,0,0,0,175,175,172,174,167,159,150,144,144,144,144,140,142,147,152,158,159,161,160,157,154,151,148,148,154,159,159,160,160,161,165,166,161,155,152,153,152,160,160,0,0,0,0,0,0,0,0,0,0,0,0,0,0,0,0,0,0,0,0,0,0,0,0,0,0,0,0,0,0,0,0,0,0,0,0,0,0,0,0,0,0,0,0,0,0,0,0,0,0,0,0,0,0,0,0,0,0,0,0,0,0,0,0,0,0,0,0,0,0,0,0,0,0,0,0,0,0,0,0,0,0,0,0,0,0,0,0,0,0,0,0,0,0,0
0,0,0,0,0,0,0,0,0,0,0,0,0,0,0,146,145,142,130,124,116,103,94,88,85,84,84,86,90,95,102,104,104,101,102,101,97,95,97,103,110,115,115,113,111,110,112,113,111,107,113,112,115,123,128,126,119,124,127,136,139,142,145,141,145,141,140,136,0,0,0,0,0,0,0,0,0,0,0,0,0,0,0,0,0,0,0,0,0,0,0,0,0,0,0,0,0,0,0,0,0,0,0,0,0,0,0,0,0,0,0,0,0,0,0,0,0,0,0,0,0,0,0,0,0,0,0,0,0,0,0,0,0,0,0,0,0,0,0,0,0,0,0,0,0,0,0,0,0
0,0,0,0,0,0,0,0,0,0,0,0,0,0,0,131,131,130,82,81,76,58,48,42,40,40,40,43,44,45,45,45,45,43,50,55,52,49,53,54,56,63,72,68,64,64,69,76,78,77,90,95,96,103,106,108,106,119,121,124,128,128,130,119,126,127,131,132,135,136,129,115,108,109,109,98,98,98,91,87,88,0,0,0,0,0,0,0,0,0,0,0,0,0,0,0,0,0,0,0,0,0,0,0,0,0,0,0,0,0,0,0,0,0,0,0,0,0,0,0,0,0,0,0,0,0,0,0,0,0,0,0,0,0,0,0,0,0,0,0,0,0,0,0,0,0,0,0,0
0,0,0,0,0,0,0,0,0,0,0,0,0,0,0,129,126,124,91,71,52,38,41,41,40,40,43,44,43,44,42,41,40,41,42,43,40,42,47,48,47,46,41,40,42,49,58,65,69,70,65,72,78,76,77,79,90,101,100,104,105,103,102,106,106,108,110,113,116,115,103,89,90,98,96,101,104,96,88,98,99,87,87,96,114,130,139,145,151,159,161,163,168,170,0,0,0,0,0,0,0,0,0,0,0,0,0,0,0,0,0,0,0,0,0,0,0,0,0,0,0,0,0,0,0,0,0,0,0,0,0,0,0,0,0,0,0,0,0,0,0,0,0,0,0,0,0,0,0
0,0,0,0,0,0,0,0,0,0,0,0,0,0,0,126,116,110,83,71,53,44,45,44,40,45,46,45,46,47,50,47,46,46,44,45,48,48,41,41,42,41,34,33,34,39,41,44,47,43,31,28,28,29,29,32,36,37,36,36,36,35,39,45,48,53,56,61,62,63,70,79,90,94,97,101,100,99,99,98,97,98,100,104,111,122,134,140,141,141,143,146,150,154,156,156,157,159,159,167,173,167,168,173,177,181,187,0,0,0,0,0,0,0,0,0,0,0,0,0,0,0,0,0,0,0,0,0,0,0,0,0,0,0,0,0,0,0,0,0,0,0,0,0,0,0,0,0,0
0,0,0,0,0,0,0,0,0,0,0,0,0,0,0,122,107,93,67,56,47,43,51,51,46,48,51,46,44,46,49,43,47,47,48,51,53,52,48,50,50,49,52,57,59,59,56,50,49,49,44,41,39,36,36,36,38,40,41,38,36,35,37,41,44,46,46,48,51,54,56,57,59,63,68,75,75,72,73,76,76,77,76,79,83,87,91,96,99,101,103,103,104,105,107,110,117,122,126,126,130,133,137,139,139,143,145,153,159,164,165,165,168,167,165,169,175,179,185,189,189,0,0,0,0,0,0,0,0,0,0,0,0,0,0,0,0,0,0,0,0,0,0,0,0,0,0,0,0
0,0,0,0,0,0,0,0,0,0,0,0,0,0,0,116,97,78,57,53,49,48,54,53,47,52,52,51,49,51,52,48,51,47,41,45,48,46,45,50,56,59,62,61,58,55,52,48,47,47,48,48,47,46,49,50,53,55,57,54,52,50,51,55,54,50,45,44,44,44,39,35,29,31,41,44,39,38,40,40,39,40,33,32,29,29,30,33,37,38,35,34,33,34,37,42,49,55,58,50,52,64,71,73,72,78,87,96,103,108,114,120,127,132,129,137,147,150,149,152,157,164,169,173,174,174,175,175,177,177,175,176,179,180,0,0,0,0,0,0,0,0,0,0,0,0,0,0,0
0,0,0,0,0,0,0,0,0,0,0,0,0,0,0,109,90,72,54,54,51,49,50,49,44,58,64,71,73,71,68,67,63,59,55,57,61,61,56,54,53,52,49,45,44,44,43,43,45,46,48,49,49,48,50,52,57,59,58,57,56,52,47,45,42,41,42,43,42,41,40,41,40,42,38,33,28,28,30,29,31,34,47,45,43,42,39,38,39,39,39,36,34,33,36,42,47,51,48,39,39,47,50,50,50,55,57,55,58,62,66,75,84,86,81,90,101,102,97,96,104,113,111,115,118,120,123,124,127,129,131,134,137,139,140,142,144,145,142,144,146,152,156,155,157,157,158,0,0
0,0,0,0,0,0,0,0,0,0,0,0,0,0,0,104,82,65,54,53,49,45,47,46,46,66,82,92,99,97,89,89,75,77,77,71,76,81,79,72,62,53,51,48,48,49,49,49,51,53,53,50,49,48,50,58,68,68,56,52,48,43,38,32,29,32,35,38,36,32,35,41,48,50,49,46,44,42,43,42,44,43,42,42,47,51,49,42,38,36,38,38,39,42,44,43,39,36,36,34,33,29,27,29,32,32,30,24,23,23,21,23,25,27,24,28,33,30,26,26,30,34,36,37,40,42,45,45,49,52,67,72,76,79,84,88,89,92,96,99,104,115,126,132,139,145,145,148,151
0,0,0,0,0,0,0,0,0,0,0,0,0,0,0,100,77,60,55,53,50,45,49,48,55,76,92,101,106,103,96,98,86,92,90,85,90,92,85,77,76,78,83,78,72,72,74,74,75,79,78,68,61,60,63,75,85,79,69,61,51,46,48,49,48,50,55,58,56,51,49,48,53,55,51,52,53,51,50,48,48,43,41,42,48,54,55,49,43,40,42,42,43,45,46,44,39,35,36,42,45,38,37,45,51,49,46,43,39,35,32,28,28,32,32,39,47,42,35,32,37,42,42,36,33,30,29,30,36,40,41,46,48,48,50,50,50,51,52,54,60,71,82,92,107,124,136,142,0
0,0,0,0,0,0,0,0,0,0,0,0,0,0,0,96,77,60,53,50,51,46,49,49,62,79,93,98,97,93,93,99,98,104,100,99,105,108,105,98,94,96,100,98,93,95,97,94,96,100,97,86,78,75,76,85,92,83,73,64,55,52,59,68,71,72,78,80,78,71,61,53,48,47,52,56,56,54,51,49,47,44,46,47,48,47,46,45,43,43,40,39,38,37,37,38,37,37,39,42,46,47,49,53,55,53,47,44,43,44,44,46,49,47,49,46,43,37,35,36,37,38,42,38,38,37,32,30,30,30,26,26,26,24,22,24,24,24,23,24,29,32,39,48,67,90,124,134,0
0,0,0,0,0,0,0,0,0,0,0,0,0,0,0,94,77,57,54,49,49,47,47,49,62,73,84,87,87,87,94,97,101,102,104,101,102,102,105,101,97,100,104,103,101,106,105,99,100,99,98,93,89,85,82,86,91,83,68,56,51,56,68,79,83,85,84,82,77,67,56,50,44,44,47,59,63,64,61,60,58,59,68,66,59,53,54,58,59,58,55,53,49,46,45,47,51,54,54,46,42,49,50,46,44,45,47,53,52,51,51,51,52,53,47,42,37,37,41,44,39,35,44,43,46,48,42,41,37,35,35,32,29,27,25,30,33,32,26,26,29,28,32,40,54,75,96,112,0
0,0,0,0,0,0,0,0,0,0,0,0,0,0,0,94,75,60,53,46,47,43,47,50,64,73,85,87,83,83,94,102,103,103,104,101,100,99,99,97,95,101,107,106,107,108,104,96,93,92,92,94,98,93,84,84,90,83,69,57,58,66,79,89,96,95,96,89,83,70,57,48,41,40,49,65,75,77,80,84,83,85,91,84,77,77,80,86,84,78,75,75,79,82,78,72,65,59,57,64,62,51,44,49,48,43,47,59,59,56,53,49,48,49,42,42,47,48,50,46,38,31,30,27,29,36,43,45,40,35,37,36,31,28,24,32,35,36,32,30,32,28,27,32,41,54,75,92,0
0,0,0,0,0,0,0,0,0,0,0,0,0,0,107,91,73,61,52,47,49,50,50,53,63,73,82,86,84,85,93,100,100,101,98,98,94,89,92,92,93,105,107,107,107,104,97,91,84,79,80,89,99,96,84,79,79,69,55,48,53,67,82,92,98,98,97,92,84,72,59,49,42,39,55,77,89,89,92,94,93,92,97,95,91,89,90,94,94,93,89,90,95,97,93,88,82,78,75,81,81,77,73,73,74,76,79,79,77,70,60,54,55,56,50,53,59,62,61,55,47,42,46,46,46,46,47,47,44,41,41,41,38,35,30,32,34,36,35,32,32,29,30,32,36,41,62,81,0
0,0,0,0,0,0,0,0,0,0,0,0,0,0,105,88,68,56,51,49,55,57,51,51,61,73,79,86,88,90,93,97,96,97,97,98,95,91,95,99,102,111,111,110,109,103,98,96,89,82,68,79,92,90,77,68,64,56,53,49,53,65,81,92,97,99,95,93,85,74,61,49,42,37,52,72,84,91,99,100,100,102,99,100,97,94,91,90,89,92,90,89,93,95,96,94,89,86,86,91,92,96,95,89,89,95,99,91,83,70,57,50,54,64,66,69,74,80,82,76,64,58,63,66,64,56,51,49,51,54,45,46,45,42,40,38,39,41,44,37,32,31,35,36,35,36,61,77,0
0,0,0,0,0,0,0,0,0,0,0,0,0,0,104,87,66,52,48,48,56,54,47,45,57,74,84,94,97,98,96,97,95,97,99,97,97,97,99,104,107,107,111,112,112,103,99,101,96,89,83,91,99,99,89,79,75,70,64,63,63,68,81,94,97,98,95,91,81,70,58,46,36,32,52,73,86,92,96,97,96,95,94,97,96,91,85,82,84,88,87,85,89,93,97,96,90,88,90,92,91,95,94,85,85,92,91,84,71,56,42,36,46,63,72,78,84,93,93,84,74,74,75,81,82,74,67,64,67,71,65,63,61,60,62,61,62,61,58,47,37,33,37,34,32,32,51,67,0
0,0,0,0,0,0,0,0,0,0,0,0,0,0,103,86,66,52,45,46,51,47,42,41,52,70,90,97,98,97,93,93,92,95,96,96,101,104,103,106,106,100,100,102,102,95,94,100,98,93,99,97,94,92,91,91,90,87,85,86,84,84,92,100,98,95,93,87,78,65,51,41,34,37,62,79,89,94,95,95,93,91,90,92,93,88,82,83,88,90,87,84,87,93,98,97,91,90,95,94,91,94,91,79,78,83,82,76,63,49,36,33,46,62,67,75,82,92,91,83,75,78,83,91,94,90,85,82,83,86,87,84,82,82,84,85,87,84,64,52,40,37,38,32,31,33,42,60,0
0,0,0,0,0,0,0,0,0,0,0,0,0,0,104,87,67,52,48,47,46,44,42,42,43,55,75,77,74,72,71,74,76,80,83,85,89,89,86,84,82,79,82,82,82,82,85,89,94,97,100,91,80,78,86,97,100,97,99,98,98,99,103,102,97,92,90,83,75,60,46,38,36,42,72,82,90,95,97,96,92,92,92,90,94,93,87,84,88,90,88,84,84,90,95,97,97,96,100,93,90,94,93,85,82,82,80,78,64,49,42,42,53,69,70,74,77,83,79,70,70,81,90,93,94,92,91,89,88,90,90,88,87,85,84,83,84,79,59,49,39,38,39,34,36,41,42,55,0
0,0,0,0,0,0,0,0,0,0,0,0,0,0,104,87,68,54,52,47,46,46,47,44,36,40,51,50,45,43,45,49,53,56,57,59,59,58,58,58,59,62,62,63,64,69,70,70,79,90,91,84,77,81,91,101,99,95,89,88,92,95,98,97,95,93,91,88,86,79,67,54,45,43,45,62,77,81,89,93,91,90,90,89,94,96,91,84,87,90,88,87,85,88,91,93,98,99,97,90,88,90,91,92,93,86,77,76,62,49,47,48,56,72,78,78,64,51,48,58,68,72,76,78,80,84,88,91,91,91,86,86,84,81,78,73,69,61,53,44,34,34,37,34,38,41,40,51,0
0,0,0,0,0,0,0,0,0,0,0,0,0,0,103,84,65,55,53,45,47,47,50,45,36,36,41,39,35,33,35,39,41,43,46,46,47,47,47,47,48,50,48,51,50,55,60,61,67,72,66,61,61,70,78,79,72,66,65,63,70,74,79,80,82,82,77,78,77,71,57,45,41,39,47,63,77,78,89,90,85,86,82,81,83,86,91,91,91,88,91,90,87,90,91,92,94,90,84,82,88,88,88,95,97,86,75,70,61,49,46,48,55,68,77,79,71,64,64,71,76,78,77,77,79,83,89,93,93,90,87,88,85,85,85,79,71,62,51,42,32,32,35,33,36,37,37,52,0
0,0,0,0,0,0,0,0,0,0,0,0,0,0,100,84,67,54,48,45,47,47,44,42,42,42,43,42,41,41,41,42,41,41,42,39,39,39,40,40,40,40,45,43,43,47,39,36,38,29,35,37,40,34,45,39,38,40,43,45,48,49,50,57,59,58,62,59,51,42,40,35,36,43,57,67,70,66,64,70,72,76,77,78,80,84,89,91,91,92,94,96,97,98,97,95,88,85,77,79,82,82,85,88,88,79,69,66,59,49,45,46,50,60,68,72,71,71,75,75,77,77,77,78,81,84,87,90,92,91,94,93,91,92,91,85,78,69,51,43,33,34,36,33,33,35,38,56,0
0,0,0,0,0,0,0,0,0,0,0,0,0,0,98,82,66,56,45,43,45,46,43,42,42,44,44,44,43,43,43,43,42,42,40,40,38,36,37,39,39,36,41,40,39,45,42,35,34,29,34,36,31,29,37,36,32,36,36,39,42,46,38,48,53,50,45,42,40,37,39,36,39,46,51,58,53,46,51,48,59,56,57,56,61,72,76,74,75,82,85,87,87,91,88,82,71,67,71,76,80,80,81,83,84,78,73,69,61,49,43,44,51,63,72,75,78,83,88,84,80,81,81,82,84,87,89,91,91,89,89,89,87,90,91,86,78,68,52,42,31,32,36,32,29,33,48,61,0
0,0,0,0,0,0,0,0,0,0,0,0,0,0,92,74,62,54,47,43,42,43,45,45,44,43,43,43,43,43,43,43,43,42,41,42,40,40,41,42,41,36,42,39,39,48,45,34,36,41,42,42,40,40,38,38,36,37,40,40,42,43,28,35,38,34,32,28,29,34,39,40,35,38,41,43,41,38,39,37,36,32,37,35,39,47,47,41,43,51,56,56,55,59,57,56,50,49,58,65,68,67,69,74,78,77,77,72,62,48,40,41,51,66,73,79,83,87,87,83,82,86,87,88,88,88,88,87,86,84,82,82,80,82,84,80,70,59,42,35,29,32,37,33,31,38,48,57,0
0,0,0,0,0,0,0,0,0,0,0,0,0,0,89,73,63,54,50,43,39,42,47,49,44,41,41,41,42,42,42,42,42,42,41,41,39,42,43,41,41,37,36,35,38,42,40,39,39,39,30,28,30,30,30,28,29,30,32,32,35,32,23,29,29,27,34,32,33,42,46,48,36,37,39,33,36,39,34,40,27,26,30,32,33,31,28,26,26,28,30,31,31,35,37,40,37,35,42,48,49,48,50,55,60,61,63,59,52,41,35,36,44,56,62,70,71,72,68,65,69,73,78,79,78,76,73,71,69,70,72,74,75,80,85,83,74,63,49,40,35,34,36,32,27,33,41,54,0
0,0,0,0,0,0,0,0,0,0,0,0,0,0,93,76,64,55,48,43,40,42,46,47,44,42,42,42,42,42,42,42,41,41,40,39,37,40,40,37,38,37,35,35,38,38,41,47,41,38,33,28,23,22,30,27,27,30,28,29,34,32,29,39,37,37,43,41,42,48,50,46,33,37,36,34,36,41,37,42,32,32,37,38,38,36,35,36,35,32,29,32,35,35,33,33,36,39,34,40,40,38,37,38,38,37,36,38,38,36,35,35,36,41,47,51,47,47,43,42,50,52,57,58,56,54,52,50,50,52,59,62,67,76,83,84,77,68,58,48,42,36,32,28,25,28,47,0,0
0,0,0,0,0,0,0,0,0,0,0,0,0,0,102,79,57,47,47,43,41,42,45,46,44,43,43,43,42,42,42,42,41,41,39,39,38,40,39,37,38,38,36,39,40,33,36,47,46,51,61,58,51,48,49,45,44,46,44,46,49,44,38,49,44,41,42,38,38,40,43,35,24,27,34,35,31,29,28,33,28,29,37,42,41,37,39,48,47,38,33,37,43,42,37,31,32,35,35,40,38,35,32,32,31,29,25,30,35,39,41,39,35,32,39,42,35,31,30,35,45,45,44,44,43,42,42,41,42,42,42,43,47,53,58,60,56,50,41,35,33,30,29,31,32,35,51,0,0
0,0,0,0,0,0,0,0,0,0,0,0,0,0,110,82,54,44,47,43,43,43,44,45,44,43,43,43,42,42,42,42,42,41,38,39,40,41,40,38,38,39,40,41,39,34,33,40,53,73,94,98,97,94,86,85,83,81,83,81,79,73,62,62,55,50,51,47,44,43,43,37,27,24,23,23,21,21,23,29,24,24,31,28,28,29,31,33,34,34,31,30,32,34,34,32,32,32,34,37,35,33,31,33,34,33,31,35,38,39,40,39,35,31,36,40,38,32,31,39,46,42,40,39,38,38,39,40,40,39,33,31,32,34,35,37,38,36,33,28,27,29,34,38,36,36,43,0,0
0,0,0,0,0,0,0,0,0,0,0,0,0,122,104,75,55,50,44,42,44,45,43,43,43,43,43,42,42,42,42,42,42,41,40,39,40,41,40,38,37,40,42,41,40,36,33,42,61,79,103,113,115,113,108,109,105,101,106,102,101,100,97,90,87,85,83,84,81,81,78,82,77,72,64,63,63,61,58,54,61,58,54,52,51,49,45,44,46,47,45,42,39,36,34,36,36,35,35,38,36,35,35,39,39,37,39,41,40,36,35,35,34,32,37,38,39,34,34,40,42,39,35,33,33,34,35,35,36,35,35,31,33,34,33,35,38,38,36,33,29,29,33,31,24,23,40,0,0
0,0,0,0,0,0,0,0,0,0,0,0,0,107,91,70,58,56,44,43,43,43,43,43,43,44,42,42,42,42,42,42,41,41,39,39,39,39,38,37,36,37,41,41,38,36,35,46,67,89,113,122,124,121,119,124,125,125,122,121,121,120,122,121,119,118,112,112,112,109,108,116,109,109,108,106,106,106,102,90,91,88,81,77,75,73,68,65,61,57,54,46,36,32,34,35,36,35,38,38,39,41,42,37,34,31,35,39,38,36,36,35,35,34,35,38,39,38,39,40,38,36,35,34,32,32,32,32,32,32,32,31,31,31,34,36,34,34,32,31,29,28,29,29,24,26,38,0,0
0,0,0,0,0,0,0,0,0,0,0,0,0,106,87,68,56,47,43,43,43,43,43,42,42,43,42,42,42,42,42,42,41,41,39,39,39,39,38,37,37,37,39,39,37,37,37,46,70,96,118,126,127,122,118,122,124,126,123,121,124,126,129,132,132,130,128,127,127,127,126,126,125,126,126,124,123,121,122,116,111,110,112,112,113,112,108,104,98,92,84,77,69,62,55,47,45,43,42,41,42,43,44,40,37,35,39,40,37,34,33,34,36,36,35,38,39,39,39,40,39,37,36,34,32,32,32,32,31,31,32,31,31,32,35,35,32,31,29,29,27,23,24,28,29,31,43,0,0
0,0,0,0,0,0,0,0,0,0,0,0,0,107,93,65,47,39,43,43,43,43,43,43,43,43,42,41,41,41,41,41,41,40,39,39,39,39,38,37,37,37,38,39,38,38,40,50,71,95,118,125,125,121,117,121,122,122,123,120,121,121,120,122,124,124,123,124,124,123,124,126,126,125,121,121,122,122,123,120,129,129,125,126,128,128,125,123,119,114,112,108,103,95,84,73,64,54,49,45,44,42,41,38,37,39,41,40,36,33,33,34,36,37,38,39,39,37,37,39,40,39,36,34,32,32,33,32,32,31,32,32,32,33,35,35,32,30,29,29,29,24,26,30,34,36,42,0,0
0,0,0,0,0,0,0,0,0,0,0,0,0,114,104,68,49,43,42,42,42,42,42,42,42,42,41,41,41,41,41,41,41,41,39,39,39,39,39,37,37,37,40,39,38,37,40,51,71,92,114,121,122,121,119,122,122,121,119,118,120,119,117,117,118,118,121,122,123,121,122,130,124,122,123,121,122,124,124,118,131,129,126,125,125,126,126,125,124,121,122,125,126,121,108,94,82,70,62,55,50,44,40,37,38,41,42,41,38,37,36,36,37,37,39,39,37,35,35,38,40,40,36,34,32,33,33,33,32,32,32,32,32,32,33,33,31,31,30,28,28,27,28,31,34,38,44,0,0
0,0,0,0,0,0,0,0,0,0,0,0,0,108,98,65,49,45,43,42,42,42,42,42,42,42,41,41,41,41,41,41,41,41,39,39,39,39,39,37,37,38,38,38,39,39,41,50,70,93,113,119,122,120,118,120,122,123,120,118,119,118,121,121,121,120,121,121,123,125,125,130,124,123,122,120,120,119,121,117,119,118,120,120,121,123,121,118,117,117,119,123,126,127,119,105,96,87,79,71,61,52,43,37,39,41,41,40,38,37,37,36,37,37,37,37,37,35,35,38,39,40,36,34,33,33,33,32,32,32,32,32,31,30,30,30,29,30,30,28,29,29,27,27,29,34,37,0,0
0,0,0,0,0,0,0,0,0,0,0,0,0,100,88,63,46,45,43,42,42,43,44,43,42,42,41,41,41,41,41,41,41,40,39,39,39,39,38,37,37,39,40,39,40,38,40,52,73,95,116,120,121,117,117,118,119,119,120,119,120,120,124,125,126,127,127,127,127,126,125,122,122,122,123,124,123,124,123,125,126,125,123,118,116,120,122,120,115,112,112,115,117,119,118,112,109,103,97,90,77,64,51,41,41,40,38,37,35,36,37,37,37,37,36,38,37,36,37,37,37,38,35,34,33,33,33,32,32,32,31,32,31,30,30,29,29,30,29,30,30,27,22,22,25,32,35,0,0
0,0,0,0,0,0,0,0,0,0,0,0,0,98,84,65,46,44,43,41,41,43,43,41,41,42,41,41,41,41,41,41,40,40,39,39,39,39,38,36,37,39,44,41,39,34,38,54,78,97,111,113,115,114,120,123,126,125,122,122,124,123,123,121,122,122,121,122,123,121,120,118,122,123,124,125,123,127,124,125,126,121,120,118,119,120,120,117,115,115,119,122,121,118,113,110,111,105,106,99,90,76,61,48,43,39,38,37,34,37,40,39,38,38,37,38,37,36,37,37,36,36,35,34,33,33,33,32,32,32,32,32,31,31,32,31,31,30,28,29,28,23,20,22,26,35,48,0,0
0,0,0,0,0,0,0,0,0,0,0,0,0,100,83,64,48,44,43,41,41,43,43,41,41,43,41,41,41,41,41,41,40,40,39,39,40,40,38,36,37,39,43,39,39,36,40,55,79,98,114,115,116,114,120,121,125,123,123,121,123,123,121,122,122,122,122,121,122,122,120,121,119,122,123,123,124,122,123,123,119,122,122,121,122,125,125,122,118,117,119,119,119,118,115,114,119,112,110,106,103,90,74,61,51,44,40,38,34,35,39,39,37,37,36,38,37,36,38,37,35,36,35,34,33,33,33,32,32,32,32,33,31,32,34,33,31,29,30,29,30,27,27,25,26,32,50,0,0
0,0,0,0,0,0,0,0,0,0,0,0,0,101,84,65,48,47,43,39,38,43,42,38,39,40,40,40,39,39,39,39,39,39,40,39,39,39,39,37,39,41,41,38,36,36,40,54,79,98,115,117,118,118,120,123,124,123,122,121,121,121,121,122,122,123,124,123,123,122,121,121,119,121,122,123,121,121,120,121,120,120,121,120,122,125,126,123,118,114,117,117,119,119,118,116,113,110,108,102,107,96,86,68,55,44,39,39,36,36,37,37,32,32,34,39,36,35,37,37,34,36,35,35,33,33,32,32,32,32,32,32,31,30,31,31,31,31,31,30,30,29,30,31,32,39,49,0,0
0,0,0,0,0,0,0,0,0,0,0,0,0,103,85,61,47,49,42,39,39,42,42,39,39,40,40,40,39,39,39,39,39,39,40,40,39,40,39,38,39,40,39,37,36,37,42,55,81,99,117,119,119,119,121,122,122,122,121,120,121,121,121,122,122,122,123,123,123,122,121,120,120,120,122,121,121,120,121,121,121,120,120,121,122,122,123,122,118,114,116,117,117,115,116,117,117,115,114,108,114,112,107,88,70,54,45,43,36,33,36,36,30,28,33,39,35,34,37,37,32,36,36,35,33,33,32,32,32,32,32,32,31,30,29,29,30,31,33,31,33,27,29,26,31,42,53,0,0
0,0,0,0,0,0,0,0,0,0,0,0,0,105,88,63,49,48,43,38,38,42,42,38,38,40,40,39,39,39,39,39,40,40,40,40,39,41,39,39,39,39,37,37,37,35,40,58,85,100,121,121,121,120,120,119,119,121,120,120,120,121,122,122,122,122,121,123,122,122,120,120,122,120,121,120,120,120,122,122,122,121,120,121,121,120,120,121,119,116,117,117,116,112,114,117,119,119,119,115,117,117,114,101,85,69,52,49,41,36,38,36,30,29,33,39,34,32,37,37,31,35,35,35,33,33,32,33,32,32,31,31,30,31,29,30,30,31,33,35,34,20,20,24,32,43,56,0,0
0,0,0,0,0,0,0,0,0,0,0,0,0,101,84,61,48,45,42,38,38,41,40,38,38,40,39,39,39,39,39,39,40,40,40,40,40,41,41,41,40,38,36,37,37,34,40,58,86,98,124,123,122,120,119,117,117,119,120,120,121,121,122,122,122,122,121,122,121,121,122,121,122,122,121,120,120,120,122,121,122,121,122,121,120,119,119,119,119,118,117,118,116,113,114,117,119,119,119,120,118,116,114,108,95,78,62,52,43,38,40,38,32,30,32,37,32,30,36,35,29,34,34,34,33,33,32,33,32,33,32,31,32,35,34,34,31,31,31,30,29,29,27,24,26,40,0,0,0
0,0,0,0,0,0,0,0,0,0,0,0,121,101,84,61,45,43,41,41,41,38,38,40,41,38,39,39,39,39,39,39,40,40,40,40,40,41,42,41,41,37,34,34,35,36,43,60,87,100,123,124,122,120,119,118,118,119,120,120,121,121,121,121,121,121,121,121,120,119,123,122,120,122,122,121,120,121,121,121,121,122,123,122,120,118,118,118,118,118,117,117,117,115,117,117,118,119,119,122,117,116,116,114,103,85,72,55,43,39,40,36,33,32,35,38,34,32,37,37,32,35,35,34,33,33,32,32,31,31,32,32,32,36,35,35,31,30,30,33,28,29,28,27,29,38,0,0,0
0,0,0,0,0,0,0,0,0,0,0,0,120,100,81,59,42,42,40,41,41,38,37,42,42,39,39,39,39,39,39,39,40,40,40,39,40,40,41,41,41,36,34,35,36,37,46,63,92,104,121,122,122,120,120,120,120,120,120,120,121,121,121,120,121,121,121,120,119,119,122,122,117,121,122,122,120,121,120,121,120,121,123,122,119,116,116,118,119,119,117,116,117,118,119,118,118,119,120,122,115,115,115,114,106,94,82,64,50,43,40,35,34,34,36,36,34,32,36,36,32,34,35,35,33,33,32,32,31,31,31,31,31,33,32,32,31,31,30,32,30,29,29,26,29,35,0,0,0
0,0,0,0,0,0,0,0,0,0,0,0,117,99,80,60,43,40,39,40,40,38,38,41,41,39,39,39,39,39,39,39,40,40,40,39,39,41,41,41,40,36,38,41,39,36,44,63,92,104,118,121,121,120,121,121,121,121,121,121,121,121,121,121,121,121,121,121,120,120,122,121,120,121,122,122,122,121,121,121,121,121,122,120,118,115,116,118,120,121,117,115,116,118,119,117,117,118,119,121,117,117,115,113,108,101,93,79,63,48,43,38,36,34,37,36,34,32,36,36,32,35,35,35,33,33,32,32,31,31,31,31,31,31,31,32,32,32,32,31,32,27,29,27,29,36,0,0,0
0,0,0,0,0,0,0,0,0,0,0,0,115,97,78,58,44,41,39,40,41,38,38,41,41,39,39,39,39,39,39,39,40,40,40,39,39,41,41,41,41,37,38,41,39,36,45,62,91,104,118,121,121,121,122,122,122,122,124,123,121,121,121,121,120,120,122,122,121,122,122,122,124,124,123,123,123,122,122,122,122,121,122,119,117,117,117,117,119,122,118,115,116,117,117,116,117,116,120,121,117,116,115,114,109,105,100,93,76,52,42,36,36,37,36,36,33,31,36,35,31,34,35,34,32,32,31,31,31,31,30,31,31,31,32,32,31,30,33,31,34,29,30,32,32,41,0,0,0
0,0,0,0,0,0,0,0,0,0,0,0,117,95,76,57,49,43,39,40,41,39,39,41,41,39,40,39,39,38,39,39,39,39,38,38,38,39,39,39,38,36,37,41,39,36,44,62,91,107,119,120,120,120,121,121,121,121,125,125,121,120,122,122,119,117,121,121,118,120,118,121,126,126,125,125,124,125,124,124,122,121,118,116,118,117,119,119,119,121,120,117,115,115,113,114,117,118,118,118,117,116,115,114,112,108,104,103,83,61,45,38,39,40,36,35,34,34,36,35,33,34,34,33,32,31,31,31,31,31,31,31,31,31,32,32,31,31,32,34,34,30,32,32,36,43,0,0,0
0,0,0,0,0,0,0,0,0,0,0,0,119,94,72,56,48,43,39,40,41,39,39,41,41,39,39,39,38,38,39,39,39,39,38,38,39,39,39,39,39,37,39,39,38,35,44,63,91,111,118,120,121,121,121,121,121,121,122,122,118,118,120,119,113,109,113,110,107,108,108,110,112,115,116,116,116,118,118,123,121,120,119,118,118,121,125,126,125,124,120,119,117,114,111,111,116,117,117,117,117,117,115,112,112,110,107,107,92,73,54,44,42,41,35,35,35,34,35,35,34,34,34,33,32,31,31,31,31,31,31,31,31,31,32,32,31,31,31,31,32,27,31,32,35,42,0,0,0
0,0,0,0,0,0,0,0,0,0,0,0,119,92,67,51,43,39,40,39,40,39,38,40,39,39,38,38,38,38,39,39,39,39,38,38,38,39,39,39,39,37,37,39,38,32,41,65,93,111,119,121,122,122,121,122,123,122,119,119,117,119,121,118,110,104,100,89,83,80,82,84,85,91,96,98,98,99,100,116,116,116,116,117,115,118,120,122,120,118,119,120,119,115,112,113,116,117,118,119,119,118,115,113,113,112,108,109,98,83,62,47,43,40,35,35,36,35,34,35,34,33,34,33,32,31,31,31,31,31,31,31,31,31,31,31,31,31,32,29,28,21,27,30,34,41,0,0,0
0,0,0,0,0,0,0,0,0,0,0,0,117,91,68,52,44,40,41,38,38,38,37,38,38,38,38,38,38,38,38,39,39,39,38,38,38,39,38,38,38,37,37,39,37,32,42,63,92,110,119,120,122,122,121,121,122,121,118,118,118,122,124,120,110,103,88,69,56,49,53,54,56,59,59,61,59,59,61,78,83,85,83,88,93,100,104,106,109,111,116,118,118,118,119,118,118,117,118,120,120,117,115,115,115,113,111,111,102,89,69,52,44,41,35,33,34,35,35,36,36,34,34,33,32,31,31,31,31,31,31,31,31,31,31,31,31,31,30,27,28,21,28,32,34,41,0,0,0
0,0,0,0,0,0,0,0,0,0,0,0,107,84,65,48,42,42,40,37,37,37,37,37,37,37,38,38,38,38,38,38,39,39,39,39,39,39,38,38,38,37,36,39,37,34,43,65,94,110,119,120,121,123,121,120,122,122,123,123,123,126,127,123,113,106,84,59,41,33,36,36,37,36,34,32,29,30,30,35,42,47,47,54,64,78,90,97,106,111,110,112,115,119,121,119,115,115,117,118,117,116,117,118,118,116,115,113,104,93,76,57,46,42,43,38,35,35,34,33,34,31,32,32,31,31,31,31,31,31,31,31,31,31,31,31,31,31,30,28,29,23,30,34,36,44,0,0,0
0,0,0,0,0,0,0,0,0,0,0,0,98,78,62,46,42,46,40,37,36,37,37,37,37,37,38,38,38,38,38,38,38,39,39,39,39,39,38,38,38,38,36,39,37,34,45,69,98,108,119,121,122,122,122,121,123,123,125,124,124,126,126,124,116,109,85,60,44,35,32,31,35,36,33,33,30,30,29,28,31,34,37,39,44,55,69,79,92,100,104,108,114,118,120,116,112,112,116,115,113,116,119,119,119,118,116,114,106,98,82,62,46,40,42,36,33,34,34,34,35,33,32,32,31,31,31,31,31,31,31,31,31,31,31,31,31,32,32,29,28,23,28,32,35,44,0,0,0
0,0,0,0,0,0,0,0,0,0,0,0,103,85,65,46,41,45,40,37,36,37,37,37,37,37,38,38,38,38,38,38,38,39,39,38,39,39,38,38,39,39,38,36,35,35,48,72,99,108,118,121,121,120,120,121,123,122,122,122,120,120,121,120,114,108,84,62,49,39,34,33,36,42,44,45,44,40,39,38,37,38,38,36,36,37,43,53,66,77,91,102,111,114,116,114,111,112,113,112,110,114,118,118,118,118,117,115,110,103,86,65,48,40,40,37,34,34,34,34,34,31,33,32,31,31,31,31,31,31,31,31,31,31,31,31,32,32,31,29,28,26,30,32,33,41,0,0,0
0,0,0,0,0,0,0,0,0,0,0,0,103,88,67,48,40,45,39,36,36,36,37,38,37,37,38,38,38,38,38,38,38,39,39,39,39,39,38,38,38,39,39,36,36,35,48,76,100,105,117,122,122,119,120,122,123,122,123,121,118,118,117,117,111,105,79,56,45,36,33,32,30,38,42,43,42,36,35,35,31,32,33,34,34,31,29,33,43,56,74,90,104,108,110,112,110,111,111,112,111,114,118,119,118,117,117,115,112,106,87,66,50,42,40,37,34,34,34,34,34,32,32,31,31,31,31,31,31,31,31,31,31,31,31,31,32,32,31,30,27,28,32,34,36,43,0,0,0
0,0,0,0,0,0,0,0,0,0,0,0,97,85,67,49,42,42,39,37,35,36,38,39,38,38,38,38,38,38,38,39,39,39,39,39,39,39,38,37,38,39,41,37,34,33,50,79,103,106,113,122,122,117,118,123,124,121,122,121,118,119,120,118,112,100,79,59,45,39,37,33,32,37,40,42,41,33,31,34,32,30,33,36,37,36,33,31,35,45,56,71,86,103,108,111,110,111,114,113,114,115,119,119,118,118,116,115,110,107,91,68,54,44,39,36,34,35,36,34,33,34,33,33,32,32,32,32,32,32,32,32,31,32,32,32,32,31,31,30,29,27,29,34,40,48,0,0,0
0,0,0,0,0,0,0,0,0,0,0,0,99,81,65,53,46,44,40,38,35,36,38,39,38,38,38,38,38,38,38,38,39,39,39,39,39,39,38,38,39,40,41,38,28,29,49,83,104,111,113,126,124,114,115,126,126,121,121,121,119,120,121,119,114,100,78,61,50,45,43,39,36,39,39,39,37,35,36,37,34,32,34,37,40,39,36,34,36,40,49,61,76,96,106,111,110,111,113,113,117,119,122,121,121,120,119,115,117,108,95,69,51,42,41,37,35,34,34,35,34,33,33,33,32,32,32,32,32,32,32,32,31,31,32,32,32,32,32,33,32,26,21,23,36,52,0,0,0
0,0,0,0,0,0,0,0,0,0,0,107,97,82,68,55,46,43,40,38,36,37,38,39,38,38,38,38,38,38,38,38,38,38,38,38,38,38,37,37,39,41,41,36,32,38,49,75,99,113,108,122,121,115,117,125,126,121,121,121,120,120,119,118,114,99,82,62,47,40,40,39,36,36,39,37,35,37,38,34,34,36,35,36,38,38,35,35,36,35,39,48,64,87,103,110,111,112,113,114,120,116,115,115,119,119,120,123,121,116,98,79,50,45,39,36,34,35,35,35,35,33,33,33,33,32,32,32,32,32,32,32,31,31,31,31,32,32,31,31,28,24,20,21,35,0,0,0,0
0,0,0,0,0,0,0,0,0,0,0,103,92,77,63,49,41,40,40,38,37,37,38,38,38,38,38,38,38,38,38,38,38,38,38,38,38,38,38,38,39,41,39,37,35,34,51,83,108,112,114,122,119,120,120,121,124,124,122,120,120,121,119,116,112,95,77,57,43,37,38,37,33,32,38,36,34,39,38,31,32,38,36,36,38,37,34,36,37,34,34,40,57,80,100,108,110,112,115,118,123,118,115,114,117,120,117,120,119,117,103,90,64,51,41,37,31,34,35,34,35,35,33,33,32,32,31,31,31,31,31,31,30,31,31,31,32,32,30,29,25,22,20,23,39,0,0,0,0
0,0,0,0,0,0,0,0,0,0,0,108,94,72,57,46,40,39,39,38,38,38,37,37,38,38,38,38,38,38,38,38,38,38,39,38,38,38,38,38,38,39,37,37,35,33,53,82,108,116,120,124,120,126,124,118,123,123,122,119,120,123,121,116,111,92,71,54,45,41,40,38,33,32,37,34,33,39,39,32,32,36,36,36,39,38,35,36,37,34,33,38,54,76,96,106,109,111,116,119,120,119,118,118,115,119,119,113,119,117,109,99,78,56,42,42,32,36,36,34,34,34,33,33,32,31,31,31,31,31,30,30,30,31,31,31,32,32,30,29,25,21,22,27,43,0,0,0,0
0,0,0,0,0,0,0,0,0,0,0,116,99,73,57,48,43,42,38,38,39,38,37,36,37,38,38,38,38,38,38,38,38,38,37,37,37,37,37,37,37,36,37,37,36,35,52,82,106,112,118,122,118,127,125,117,122,123,123,119,120,123,121,115,110,91,70,52,43,40,40,38,35,34,36,35,34,37,38,35,34,36,35,35,38,37,35,36,36,33,31,35,50,73,93,104,108,110,116,122,121,118,117,122,116,118,117,112,117,117,107,100,74,59,42,44,34,34,34,35,36,33,33,32,31,31,31,31,31,31,29,30,30,31,31,31,32,32,30,29,26,22,24,32,46,0,0,0,0
0,0,0,0,0,0,0,0,0,0,0,117,96,72,56,46,43,44,37,37,39,38,36,36,37,37,38,38,38,38,38,38,38,38,37,37,37,37,37,37,37,37,35,35,36,37,52,83,109,114,119,122,119,124,124,118,121,123,123,120,120,121,120,114,111,91,65,46,38,37,40,40,37,34,35,37,37,35,35,37,37,37,36,36,36,35,35,36,36,34,31,32,46,71,92,104,108,111,112,122,121,118,115,121,113,114,113,112,118,117,109,98,72,61,48,47,38,34,34,39,42,39,32,31,30,30,31,31,31,31,30,30,30,31,31,30,31,31,30,29,28,22,24,34,49,0,0,0,0
0,0,0,0,0,0,0,0,0,0,0,115,92,70,55,44,39,39,37,37,38,38,36,35,37,37,37,37,38,38,38,38,38,37,37,37,37,37,37,37,37,37,37,37,36,37,58,85,106,110,114,122,121,123,125,122,121,123,122,120,121,122,120,115,111,91,65,47,39,38,40,41,37,35,34,38,39,33,34,40,38,35,36,36,35,33,34,37,36,34,32,32,44,71,93,105,108,112,113,118,117,118,117,121,113,115,113,111,115,119,108,97,74,53,46,41,38,34,33,36,38,34,31,30,29,30,31,31,31,31,30,30,29,31,31,30,31,31,30,29,30,25,28,37,49,0,0,0,0
0,0,0,0,0,0,0,0,0,0,0,112,96,76,61,47,36,36,36,36,37,37,36,35,36,37,37,37,37,37,37,37,37,37,36,36,36,37,37,37,36,37,38,34,36,38,59,89,100,109,111,121,125,124,124,124,119,123,124,123,119,120,120,114,111,92,68,49,41,38,39,39,37,36,36,36,36,35,35,36,36,35,36,36,33,32,34,36,36,32,32,33,45,70,93,102,107,115,112,116,117,117,118,117,114,116,115,113,114,115,108,95,75,49,47,39,35,33,31,33,34,32,31,30,29,29,31,30,29,31,29,30,29,31,31,31,31,30,30,29,30,24,28,39,49,0,0,0,0
0,0,0,0,0,0,0,0,0,0,0,105,88,75,59,42,35,36,36,36,36,36,36,35,35,36,37,37,37,37,37,37,37,37,36,36,36,37,36,36,36,37,37,34,35,40,63,91,99,115,109,123,125,119,122,125,121,123,124,124,119,119,120,113,110,92,68,49,41,38,40,39,36,34,33,35,35,35,34,36,36,36,35,36,33,31,33,36,36,32,33,34,44,68,92,104,111,118,114,118,117,116,118,120,118,118,119,116,111,114,110,98,76,51,46,39,32,29,31,33,31,31,30,30,29,29,30,29,29,31,30,29,29,32,31,31,31,30,30,28,28,25,29,34,41,0,0,0,0
0,0,0,0,0,0,0,0,0,0,0,101,86,75,54,35,34,36,36,35,35,36,36,35,35,36,37,37,37,37,37,37,37,36,36,36,35,36,36,36,36,37,36,34,34,39,64,92,97,118,113,125,123,115,120,124,122,124,124,125,119,118,120,114,109,91,65,46,38,36,38,38,35,32,33,35,35,35,35,36,37,37,36,35,32,30,32,37,37,32,32,34,44,68,92,106,115,119,115,120,114,115,116,122,119,116,116,112,103,110,107,94,73,53,45,39,33,30,33,34,32,33,31,30,29,29,30,30,29,29,29,28,28,32,31,31,31,30,30,30,27,25,29,35,40,0,0,0,0
0,0,0,0,0,0,0,0,0,0,0,97,86,71,48,35,38,39,36,35,35,35,35,35,35,35,36,36,36,36,36,36,36,35,35,35,35,36,36,36,36,37,38,33,33,56,75,95,110,118,117,123,120,117,121,120,120,123,123,124,119,117,120,114,107,87,63,45,39,36,38,38,35,34,35,36,35,35,35,37,37,37,36,35,31,30,34,40,39,32,32,36,44,67,92,108,118,120,118,125,116,116,112,119,117,113,115,113,107,114,109,97,73,56,43,35,33,31,30,32,32,31,31,31,29,28,29,30,29,28,29,28,28,32,31,31,31,30,28,29,27,24,29,35,42,0,0,0,0
0,0,0,0,0,0,0,0,0,0,0,96,87,65,46,43,42,35,35,35,35,35,35,35,35,35,36,36,36,36,36,36,36,35,35,35,35,36,36,36,36,37,36,34,34,53,73,98,110,116,118,118,119,124,125,117,118,120,121,123,119,118,120,113,103,83,61,46,41,38,39,37,35,35,36,36,35,35,35,37,37,37,36,34,32,31,35,40,38,32,33,39,49,70,94,110,119,120,122,126,118,116,112,113,115,114,113,114,113,117,108,100,72,53,46,35,35,33,30,32,35,33,30,31,31,29,27,28,29,30,29,31,30,31,32,32,30,30,29,28,27,25,29,33,42,0,0,0,0
0,0,0,0,0,0,0,0,0,0,0,96,87,62,48,50,45,34,35,35,35,35,35,35,36,36,36,37,37,37,37,37,36,36,36,35,35,36,36,36,36,37,36,32,33,53,72,96,112,119,119,118,119,128,127,118,118,119,119,122,120,120,122,112,100,80,59,46,41,38,39,36,35,35,35,35,35,35,35,37,37,37,36,35,33,31,34,37,35,34,37,43,55,75,96,111,119,119,123,120,116,115,118,112,115,115,115,113,114,115,105,99,70,51,44,35,34,32,31,32,33,32,31,31,31,29,28,28,29,30,29,32,30,30,32,32,30,30,30,29,28,25,28,33,45,0,0,0,0
0,0,0,0,0,0,0,0,0,0,0,89,77,57,46,46,42,35,36,36,36,36,36,36,36,37,36,37,37,37,37,37,37,36,36,36,35,36,35,36,36,37,39,36,36,42,64,92,102,116,121,122,120,126,125,118,121,121,119,121,120,121,123,113,100,79,59,46,41,38,39,37,35,36,35,35,34,35,36,37,37,37,37,37,35,33,34,35,34,37,42,48,61,79,97,110,117,120,122,117,115,116,122,116,118,117,117,113,112,112,101,92,64,49,42,33,34,32,32,32,32,31,31,30,29,29,29,29,29,28,28,30,28,30,31,31,30,30,29,28,26,23,26,34,48,0,0,0,0
0,0,0,0,0,0,0,0,0,0,0,98,78,61,49,43,39,35,36,36,36,36,36,36,36,36,36,37,37,37,37,37,37,36,36,36,35,36,36,36,36,37,38,35,36,46,69,94,105,118,121,124,118,123,122,118,122,123,121,121,119,121,123,114,101,79,59,46,40,37,39,37,35,35,35,34,33,34,36,38,37,36,37,38,38,37,38,36,34,38,42,49,66,85,101,111,115,117,120,119,118,119,119,117,117,118,117,116,113,111,99,87,59,44,43,33,35,33,31,31,32,31,29,28,29,29,29,29,29,29,29,29,28,30,30,30,30,29,30,27,25,26,29,33,47,0,0,0,0
0,0,0,0,0,0,0,0,0,0,103,102,86,66,50,39,36,36,37,36,36,36,36,36,35,36,36,36,36,36,38,38,36,36,36,36,35,37,36,36,36,37,36,32,35,54,76,101,111,114,119,124,121,121,122,118,123,123,122,122,117,118,123,114,103,81,60,47,39,37,36,36,35,36,38,32,30,34,37,36,35,37,36,39,39,38,38,38,36,35,37,46,65,91,108,114,115,120,119,116,115,119,117,118,117,118,115,116,114,110,97,80,55,42,40,36,34,32,33,33,32,32,30,29,29,29,29,29,29,29,29,29,29,29,30,30,30,29,32,27,24,28,29,34,49,0,0,0,0
0,0,0,0,0,0,0,0,0,0,104,103,88,67,50,38,36,38,38,37,37,37,37,37,36,36,36,36,36,36,38,38,36,36,35,35,34,36,36,36,36,37,34,30,34,56,77,103,113,118,119,124,121,123,122,120,123,121,124,120,115,117,121,118,102,78,60,47,39,37,37,36,35,36,34,31,31,35,35,33,33,36,41,42,40,34,31,38,38,41,43,50,69,92,109,115,113,116,117,113,112,117,113,116,116,114,114,117,114,109,97,78,55,41,39,35,36,33,33,33,31,31,30,30,29,29,29,29,29,29,29,29,29,29,30,30,29,29,29,24,21,27,31,36,0,0,0,0,0
0,0,0,0,0,0,0,0,0,0,101,101,84,61,45,38,39,40,38,37,37,37,37,37,36,36,36,36,36,36,38,38,36,36,35,35,34,36,36,36,36,37,34,34,35,60,80,103,114,114,117,122,114,113,128,126,108,120,125,121,117,118,116,118,98,72,59,46,40,37,38,35,35,35,33,32,35,37,32,29,32,38,36,38,38,36,32,32,33,37,47,57,79,102,113,113,111,115,118,114,114,120,113,115,115,112,112,117,112,106,96,75,52,39,37,33,37,33,31,33,31,32,30,30,29,29,29,29,29,29,29,29,29,29,29,29,29,29,28,21,21,30,36,40,0,0,0,0,0
0,0,0,0,0,0,0,0,0,0,102,101,85,59,40,38,42,41,38,37,37,37,37,37,36,36,36,36,36,36,39,39,36,36,35,35,34,36,36,36,36,37,38,35,39,62,82,105,115,116,117,119,115,118,126,124,113,121,123,121,121,117,114,118,95,71,56,45,38,36,37,34,34,35,33,30,32,36,31,29,31,36,30,35,35,28,31,33,34,34,59,73,96,117,122,112,114,120,119,116,116,121,115,113,111,111,111,117,112,105,95,75,49,37,35,31,36,33,31,33,31,31,30,30,29,29,29,29,29,29,29,29,29,29,29,29,29,29,29,21,21,30,39,41,0,0,0,0,0
0,0,0,0,0,0,0,0,0,0,103,98,84,61,40,37,43,42,38,37,37,37,37,37,36,36,36,36,36,36,38,39,36,36,35,35,34,36,36,36,36,37,36,40,41,60,83,104,117,111,113,118,119,119,119,119,118,121,122,120,121,114,116,120,95,71,53,43,35,33,34,33,34,36,37,30,27,36,37,37,34,34,33,36,34,25,30,35,29,32,67,83,108,121,123,112,113,119,119,116,116,117,112,112,113,111,111,116,112,104,92,71,42,35,34,31,35,35,34,34,32,29,30,29,29,29,29,29,29,29,29,29,29,29,29,29,29,29,34,25,22,28,35,37,0,0,0,0,0
0,0,0,0,0,0,0,0,0,0,101,94,80,60,43,41,43,39,38,37,37,37,37,37,36,36,36,36,36,36,38,38,36,36,35,35,33,35,35,35,35,36,38,41,43,55,80,107,116,111,115,116,121,121,117,118,120,122,122,121,122,114,116,115,89,66,49,40,31,28,28,28,31,33,37,30,28,37,38,38,33,32,33,34,24,26,28,32,40,54,84,99,121,120,119,116,115,118,120,114,114,113,108,115,120,113,111,116,112,100,84,62,35,33,34,31,34,35,35,34,32,30,30,29,29,29,29,29,29,29,29,29,29,29,29,29,29,29,35,26,22,26,31,34,0,0,0,0,0
0,0,0,0,0,0,0,0,0,0,102,91,74,56,45,43,41,35,37,36,37,37,37,37,36,36,36,36,36,36,38,38,36,36,35,35,34,35,35,35,35,35,35,40,42,64,90,111,116,112,115,119,119,123,118,114,122,122,122,121,120,117,115,110,88,70,48,41,33,28,28,27,28,28,31,28,28,31,30,28,27,29,29,32,22,22,26,41,65,84,108,118,127,119,115,114,115,118,118,112,113,112,108,116,122,113,111,117,110,95,77,54,32,32,35,31,34,34,35,34,31,30,30,30,29,29,29,29,28,28,28,28,28,29,29,29,29,29,31,23,20,25,29,34,0,0,0,0,0
0,0,0,0,0,0,0,0,0,0,96,84,65,49,41,38,36,36,37,36,37,37,38,37,36,36,35,35,35,35,38,38,35,35,35,35,33,35,35,35,35,36,35,42,43,64,88,115,116,112,117,119,120,122,118,117,121,122,122,119,116,117,115,113,96,83,64,59,53,47,47,43,42,40,39,39,40,38,36,33,37,42,19,24,35,35,48,72,89,103,116,121,120,119,116,112,114,115,116,112,112,115,111,117,118,111,110,116,106,89,71,49,31,31,35,30,35,35,35,34,29,30,30,30,29,29,28,28,28,28,28,28,28,28,29,29,29,28,28,22,20,27,30,38,0,0,0,0,0
0,0,0,0,0,0,0,0,0,0,97,91,71,51,43,31,29,41,37,37,37,37,37,36,36,36,36,36,36,36,36,36,35,35,33,35,33,34,35,34,35,35,38,41,43,64,91,116,119,114,118,119,121,124,120,118,123,121,119,115,113,115,113,117,106,93,88,88,83,76,77,77,72,65,56,72,72,52,44,47,53,51,48,46,64,67,81,100,111,115,117,115,118,118,116,113,114,114,115,114,112,119,115,114,112,111,111,113,102,84,65,46,31,32,36,31,33,34,34,33,29,29,30,30,29,30,28,28,28,28,28,29,28,29,30,30,29,28,24,22,26,28,28,42,0,0,0,0,0
0,0,0,0,0,0,0,0,0,0,107,100,79,55,44,32,28,33,37,37,37,37,37,37,36,36,36,35,35,36,36,36,35,35,34,35,33,35,34,34,35,35,37,39,44,62,93,116,119,117,116,120,122,117,121,126,122,122,119,113,113,116,113,122,115,109,105,100,101,106,108,107,106,103,101,99,97,91,85,87,88,86,88,90,97,97,108,116,117,119,118,114,115,119,118,114,115,115,116,115,116,121,119,115,109,111,111,110,94,77,55,41,31,33,34,31,33,34,34,34,30,29,31,31,30,30,28,28,28,28,28,28,28,29,29,28,29,28,26,27,31,30,32,44,0,0,0,0,0
0,0,0,0,0,0,0,0,0,0,112,98,73,49,40,37,33,29,36,36,37,37,37,37,36,35,36,36,36,36,36,36,35,34,34,34,33,36,34,34,35,33,38,38,44,65,93,112,120,120,121,121,117,118,119,119,124,126,118,110,113,115,106,119,118,118,126,120,119,125,126,120,116,119,124,114,110,112,112,118,113,107,109,111,113,117,124,120,115,117,119,116,116,120,120,114,116,115,115,112,115,119,119,114,111,111,110,107,89,72,50,38,30,31,33,33,33,35,34,33,29,28,32,31,30,30,28,28,28,28,28,28,28,29,28,28,29,28,29,33,34,27,29,40,0,0,0,0,0
0,0,0,0,0,0,0,0,0,0,113,92,65,45,37,39,41,36,38,37,37,37,37,37,37,36,37,36,36,36,36,36,35,34,34,34,33,36,33,35,36,33,30,33,42,72,93,109,121,119,122,120,115,123,120,116,126,123,118,111,116,117,105,115,119,121,133,130,127,128,128,125,121,124,125,121,115,116,122,130,123,116,119,119,121,126,124,117,112,112,114,115,117,119,116,112,113,112,113,111,112,116,115,114,114,111,111,106,85,66,48,36,32,33,33,36,33,34,33,33,30,29,32,31,30,30,28,28,28,28,28,27,28,29,28,28,29,28,30,33,33,25,27,39,0,0,0,0,0
0,0,0,0,0,0,0,0,0,0,117,87,61,48,40,39,40,37,37,37,37,37,36,37,36,35,36,36,36,36,36,36,35,34,34,34,32,35,32,36,37,33,32,33,41,72,94,108,121,119,118,118,119,123,124,121,120,122,122,120,120,121,115,117,119,120,121,120,118,117,119,127,127,121,117,118,116,117,121,125,122,121,119,118,122,124,118,118,115,113,113,115,121,120,117,115,115,114,115,114,115,116,113,113,111,110,110,101,76,57,43,34,30,32,32,36,33,33,33,33,32,32,32,31,30,30,28,28,27,27,28,26,28,29,27,27,27,26,23,26,28,21,24,39,0,0,0,0,0
0,0,0,0,0,0,0,0,0,0,111,81,59,51,42,36,34,32,36,37,37,37,37,37,37,36,35,35,35,35,35,35,34,34,33,33,31,32,30,34,36,33,34,33,43,71,100,111,116,114,116,119,123,121,123,122,116,120,124,125,119,121,125,122,119,118,120,121,116,113,118,127,123,112,111,112,114,118,118,118,122,125,121,119,121,121,117,119,114,113,114,114,121,121,119,117,115,115,116,115,117,114,112,112,105,107,106,93,63,47,37,32,27,31,33,36,33,33,33,33,33,34,32,31,30,30,28,28,27,26,27,26,27,28,27,27,25,24,22,23,24,20,23,43,0,0,0,0,0
0,0,0,0,0,0,0,0,0,99,97,79,63,51,38,36,36,33,32,33,34,34,34,34,34,34,35,35,35,35,35,35,34,34,32,33,31,30,29,32,36,34,34,33,42,69,100,112,115,114,117,123,123,118,120,123,118,113,120,122,116,119,126,124,122,120,126,125,121,118,123,125,120,114,111,110,114,119,119,120,124,128,121,118,119,120,119,118,113,115,117,117,121,121,119,117,116,116,115,114,114,113,112,111,106,102,96,80,53,40,32,31,28,33,34,35,34,32,32,33,32,33,32,31,30,30,28,28,27,27,27,26,28,28,28,27,25,25,23,23,23,22,27,49,0,0,0,0,0
0,0,0,0,0,0,0,0,0,104,90,82,66,46,34,40,43,36,33,34,35,34,34,34,35,34,35,35,35,35,35,35,34,34,33,34,32,30,29,32,37,35,34,35,44,75,102,113,117,114,120,123,121,117,118,118,116,118,120,119,116,118,121,121,122,119,120,115,116,119,120,118,118,118,115,111,114,119,122,124,123,128,121,120,118,118,117,117,113,114,115,116,119,119,116,115,116,114,115,113,113,115,113,112,113,96,78,63,45,36,31,29,28,32,33,34,34,32,32,32,31,32,32,31,30,30,28,28,28,27,28,27,28,28,28,27,24,25,26,26,26,28,35,52,0,0,0,0,0
0,0,0,0,0,0,0,0,0,97,86,80,63,43,37,41,40,33,34,36,36,33,33,36,36,34,35,34,33,34,34,34,34,34,35,33,35,30,30,32,39,34,31,35,48,79,101,119,115,111,119,122,118,118,118,118,115,119,120,118,118,119,120,121,120,119,117,115,115,115,118,117,117,117,115,114,114,117,117,122,120,121,119,118,117,117,117,117,113,113,114,116,117,118,117,117,118,116,115,115,115,115,113,114,109,89,63,49,41,34,29,28,30,32,34,33,32,31,30,32,32,32,30,30,29,29,29,29,27,28,28,28,28,28,28,26,25,26,29,33,35,32,35,0,0,0,0,0,0
0,0,0,0,0,0,0,0,0,87,84,77,60,42,36,39,39,33,35,35,35,36,36,35,35,35,35,34,33,34,34,34,34,34,33,35,35,30,29,32,39,35,30,38,48,81,98,118,121,111,119,122,119,119,119,117,114,117,118,117,117,118,119,121,120,117,114,115,117,117,115,115,116,115,115,115,115,116,116,119,118,118,119,118,118,117,117,117,113,113,115,116,116,115,114,114,116,117,118,117,115,113,110,108,96,68,46,37,35,32,30,30,31,32,33,32,32,31,29,32,31,31,30,31,30,30,30,29,28,29,28,28,28,28,28,27,27,27,28,32,34,30,32,0,0,0,0,0,0
0,0,0,0,0,0,0,0,0,85,84,75,58,42,36,38,38,34,37,32,33,39,39,33,32,36,35,34,33,34,34,34,34,34,34,34,36,29,28,32,37,36,37,42,47,90,107,107,114,114,118,119,118,118,116,116,114,117,118,119,118,117,118,120,120,119,118,114,115,119,117,115,116,117,117,118,117,117,117,118,119,119,119,118,117,117,116,116,113,114,119,121,119,118,117,116,116,117,117,118,115,112,105,98,80,55,36,32,32,30,28,28,30,31,32,32,31,31,29,31,30,30,29,30,30,29,30,29,28,29,28,29,28,28,28,29,27,27,27,29,30,28,32,0,0,0,0,0,0
0,0,0,0,0,0,0,0,0,88,87,75,57,42,36,37,38,36,37,33,34,37,37,34,33,36,35,34,34,34,34,34,34,34,35,34,37,36,39,30,39,41,40,37,50,82,100,107,114,114,117,118,118,119,117,117,117,120,120,120,119,118,119,120,120,121,118,115,115,117,116,116,117,117,118,119,118,118,119,118,120,119,119,119,118,117,117,117,114,115,119,122,118,115,115,114,114,116,117,118,114,108,96,80,61,43,34,31,33,32,30,29,30,31,32,32,31,30,28,30,30,29,30,31,30,29,30,29,29,29,28,28,28,28,29,29,28,27,27,27,29,29,34,0,0,0,0,0,0
0,0,0,0,0,0,0,0,0,84,90,75,56,41,36,36,37,37,35,38,37,33,33,37,38,34,34,34,34,34,34,34,34,34,36,36,34,36,34,41,32,27,28,40,61,85,108,108,116,119,117,118,120,121,119,118,119,120,120,120,120,120,120,120,119,119,118,117,116,117,116,117,116,116,119,119,118,118,119,117,119,117,118,118,117,116,116,116,113,113,119,122,120,117,115,112,113,114,117,116,107,93,79,58,41,33,31,29,33,34,33,31,30,30,31,30,31,28,28,28,30,28,27,29,28,26,28,27,27,27,26,27,27,28,30,29,28,28,25,25,27,29,35,0,0,0,0,0,0
0,0,0,0,0,0,0,0,0,79,92,75,54,40,35,34,36,38,35,39,38,33,33,38,39,34,34,34,34,34,34,34,34,34,34,35,34,36,37,37,35,30,31,38,64,85,111,112,116,115,117,118,120,121,119,118,118,119,120,120,119,120,121,120,118,118,119,117,115,115,116,116,115,117,119,118,118,118,119,118,118,117,116,116,115,115,115,114,111,110,114,119,121,121,117,114,113,113,116,110,92,70,54,40,30,31,32,29,31,33,33,30,29,29,31,30,31,28,29,27,30,28,28,30,28,26,29,27,28,27,26,26,27,28,30,29,28,28,25,23,23,26,35,0,0,0,0,0,0
0,0,0,0,0,0,0,0,0,78,92,75,54,41,35,34,36,38,37,36,36,35,35,36,36,35,34,34,34,34,34,34,34,34,36,35,36,34,34,38,35,32,32,39,60,87,114,109,116,117,117,118,120,121,119,118,119,120,120,120,120,120,120,120,120,120,117,118,117,113,112,116,119,118,118,117,118,118,118,118,118,118,117,117,115,116,115,115,112,111,112,114,118,121,120,118,117,113,103,91,69,47,35,30,29,32,31,29,30,30,31,30,31,31,30,30,31,28,29,27,30,28,27,30,28,25,28,26,27,27,26,27,28,28,29,29,28,28,26,22,22,25,39,0,0,0,0,0,0
0,0,0,0,0,0,0,0,0,80,92,75,54,41,35,34,35,38,37,34,34,36,36,34,33,35,34,34,34,34,34,34,34,34,35,34,35,36,34,36,35,34,35,39,61,89,113,112,117,118,117,118,120,121,119,118,118,119,119,119,121,120,119,119,121,120,120,119,118,115,115,119,122,119,119,119,120,119,119,120,119,119,118,118,115,115,115,115,114,113,111,112,116,122,121,118,113,104,82,65,46,33,30,32,32,32,29,30,31,31,31,30,30,29,30,30,31,28,28,27,30,28,27,31,29,26,29,26,28,27,26,28,29,28,28,29,28,28,25,23,24,28,42,0,0,0,0,0,0
0,0,0,0,0,0,0,0,0,83,91,75,54,41,35,34,36,37,37,36,35,35,34,32,33,35,33,34,35,35,35,35,35,35,35,34,35,35,35,36,35,36,34,39,61,90,111,112,118,119,117,118,120,121,119,116,118,118,119,118,117,119,118,118,121,122,125,121,120,121,125,126,125,122,121,122,123,120,120,120,118,120,119,119,116,114,116,117,117,115,112,110,115,121,123,119,101,79,53,36,31,28,30,31,34,32,30,30,31,31,31,30,30,30,30,30,30,29,27,26,30,28,27,31,28,25,29,26,27,28,28,28,28,29,28,28,28,28,28,27,26,28,40,0,0,0,0,0,0
0,0,0,0,0,0,0,0,0,82,90,74,54,39,34,34,35,37,37,36,35,35,34,32,32,34,34,34,35,35,35,35,35,35,35,35,35,35,35,36,35,36,37,42,64,90,109,112,118,120,117,118,120,121,119,116,118,118,117,116,116,115,117,115,115,115,117,117,118,116,118,119,120,119,117,119,119,117,118,119,120,122,122,121,119,119,121,120,120,121,122,119,115,105,91,79,61,45,32,23,24,29,34,36,34,31,29,30,30,30,30,30,29,29,29,29,30,28,28,26,30,28,27,30,28,25,29,26,28,28,28,28,28,29,27,28,28,28,31,28,25,29,43,0,0,0,0,0,0
0,0,0,0,0,0,0,0,0,83,89,74,54,40,34,34,35,36,35,35,35,35,34,33,33,34,34,34,35,35,35,35,35,35,35,35,35,35,35,37,36,37,37,45,67,90,107,113,118,119,117,118,121,122,121,118,117,117,113,113,111,111,103,96,90,97,94,95,99,94,93,95,99,104,112,114,114,115,117,120,123,123,119,119,119,120,121,120,121,120,118,113,99,74,50,35,26,22,21,21,27,32,35,34,31,30,30,31,31,30,30,30,29,28,29,29,29,28,28,27,30,28,27,30,28,26,29,27,28,28,28,28,28,28,27,28,28,28,28,25,25,30,43,0,0,0,0,0,0
0,0,0,0,0,0,0,0,0,84,86,73,53,39,33,33,34,34,32,33,34,34,34,34,34,34,34,34,35,35,35,35,35,35,35,35,35,35,35,37,36,37,37,48,72,93,110,118,122,121,118,119,121,122,121,119,117,117,118,116,112,110,102,83,64,64,64,62,68,67,64,65,68,75,77,78,79,81,85,88,90,90,88,91,93,93,94,92,91,88,84,76,61,44,32,26,22,21,24,27,33,33,33,32,31,32,31,32,31,29,29,30,30,29,29,29,28,28,28,27,30,28,27,29,28,27,29,27,28,28,28,28,28,27,26,28,29,28,26,24,25,30,44,0,0,0,0,0,0
0,0,0,0,0,0,0,0,75,84,84,70,51,37,31,31,32,32,31,33,34,34,34,35,35,35,35,35,35,35,35,35,35,35,35,35,35,35,34,35,33,34,33,45,70,92,111,120,121,120,118,118,118,119,119,118,117,118,120,121,114,109,96,69,41,31,29,19,23,27,25,26,27,32,31,30,31,32,35,36,37,38,36,39,42,43,42,38,35,32,34,32,30,29,31,30,27,27,28,32,35,32,32,33,33,32,31,32,30,28,29,30,30,29,29,29,28,28,28,28,29,28,27,29,28,27,29,28,28,28,28,28,27,27,25,27,28,28,26,24,25,27,44,0,0,0,0,0,0
0,0,0,0,0,0,0,0,78,85,84,70,51,36,30,30,31,31,31,32,33,34,34,35,35,35,35,35,35,35,35,35,35,35,35,35,35,35,35,33,32,34,34,46,69,94,114,120,121,119,118,118,118,118,118,118,117,117,122,122,110,106,93,68,38,26,34,20,18,24,25,27,27,28,25,23,25,26,24,23,23,24,27,30,32,30,28,26,26,23,21,20,22,28,35,35,30,28,30,34,36,32,32,31,32,31,30,32,30,28,30,30,29,29,29,29,28,28,28,28,28,28,27,28,28,28,28,28,28,28,28,28,27,27,26,28,28,28,30,28,27,29,43,0,0,0,0,0,0
0,0,0,0,0,0,0,0,81,86,82,68,49,35,29,29,30,30,31,31,32,33,34,34,34,35,35,35,35,35,35,35,35,35,35,34,36,35,36,32,32,35,36,46,69,96,117,119,121,119,118,118,118,118,118,118,116,117,117,116,112,105,95,68,47,40,36,27,25,28,30,32,30,29,33,33,34,36,34,32,31,31,32,34,34,31,29,29,31,29,27,26,28,28,28,28,28,30,30,33,34,32,31,31,32,33,31,32,31,29,30,30,29,29,29,28,28,28,28,28,28,28,28,28,28,28,28,28,28,28,28,27,27,27,26,28,28,28,29,29,26,28,39,0,0,0,0,0,0
0,0,0,0,0,0,0,0,82,86,80,67,49,36,31,30,30,31,31,31,32,33,34,34,34,34,34,34,34,34,34,34,35,35,35,34,36,34,36,31,31,35,36,46,69,97,119,118,121,119,118,118,118,118,118,118,116,118,117,115,110,102,89,69,47,41,40,38,34,33,32,35,35,34,34,35,34,36,36,35,37,35,36,35,35,34,32,31,33,33,30,29,29,26,22,24,29,32,32,32,31,32,31,31,30,31,32,33,31,29,30,30,29,30,28,28,28,28,28,28,28,28,28,28,28,28,27,28,28,28,28,26,25,26,25,27,27,27,28,28,24,29,0,0,0,0,0,0,0
0,0,0,0,0,0,0,0,82,85,78,63,47,37,37,32,27,32,33,32,32,33,33,33,33,32,33,33,34,34,33,33,34,34,34,35,34,35,35,32,32,35,39,50,72,101,120,120,118,120,118,118,118,118,118,118,116,116,118,119,110,99,88,69,44,36,33,36,36,31,31,36,36,33,34,34,34,33,33,33,33,33,34,34,34,33,32,31,31,32,30,30,31,29,28,29,30,32,32,32,32,32,32,31,32,31,33,31,31,31,31,31,29,29,29,28,28,28,28,28,28,29,28,28,28,28,28,28,28,28,27,26,25,25,26,27,27,25,23,22,24,27,0,0,0,0,0,0,0
0,0,0,0,0,0,0,0,84,87,75,58,43,34,34,29,25,33,33,32,32,33,33,33,34,33,33,33,34,34,33,33,34,34,34,35,35,35,35,33,32,35,39,52,75,103,118,120,119,119,118,118,117,118,118,118,116,117,119,122,108,95,86,65,39,30,31,35,35,30,30,35,35,32,33,33,33,33,32,32,32,32,31,31,32,32,32,31,31,31,32,32,33,32,32,32,32,33,32,32,31,32,31,31,31,31,32,31,31,31,31,31,29,29,29,29,28,28,28,28,29,29,29,29,29,29,29,29,28,28,27,26,25,25,25,27,27,25,21,21,24,28,0,0,0,0,0,0,0
0,0,0,0,0,0,0,0,87,84,69,54,42,39,39,32,27,34,33,32,32,32,32,32,33,33,33,33,33,33,32,32,34,34,34,35,36,35,35,35,32,33,38,55,80,106,116,121,119,119,118,118,117,117,117,118,116,117,118,121,112,102,91,69,46,35,31,35,35,30,30,35,35,31,32,32,32,32,32,32,32,32,32,32,32,33,33,33,33,33,33,33,33,33,33,34,33,32,32,32,30,30,30,30,31,31,31,31,31,31,31,31,29,29,29,29,29,29,29,29,29,29,29,29,29,29,29,29,28,28,26,25,24,24,25,26,27,25,21,23,25,30,0,0,0,0,0,0,0
0,0,0,0,0,0,0,0,91,77,67,53,44,41,43,36,30,34,34,32,32,32,32,32,32,32,32,32,33,33,32,32,34,34,34,35,35,35,35,37,31,30,36,57,84,106,116,120,119,120,118,118,117,117,117,118,116,118,119,120,115,104,88,66,48,42,33,36,35,30,30,35,35,31,32,32,32,32,32,32,32,32,33,32,32,33,33,33,33,33,33,33,33,33,33,34,33,32,32,32,30,30,30,30,31,31,31,30,31,31,31,31,30,29,29,29,29,29,29,29,29,29,29,29,29,29,29,29,28,28,26,25,24,24,24,26,26,25,22,23,28,33,0,0,0,0,0,0,0
0,0,0,0,0,0,0,0,93,77,72,56,42,35,36,34,32,34,33,32,32,32,32,32,32,32,32,32,33,33,32,32,34,34,34,35,35,35,35,36,29,29,35,59,86,103,115,118,118,119,118,117,117,117,116,117,116,118,119,118,111,97,83,62,41,37,33,36,35,30,30,35,35,31,32,32,32,32,32,32,32,32,32,32,32,32,32,33,33,33,33,33,33,33,33,33,33,32,32,32,30,30,30,30,30,30,30,30,30,30,30,30,29,29,28,28,28,28,28,28,28,28,28,28,28,28,28,28,27,27,27,26,25,24,24,25,26,25,22,22,28,35,0,0,0,0,0,0,0
0,0,0,0,0,0,0,0,92,83,75,58,41,31,31,32,33,34,32,31,31,32,32,32,32,31,32,32,33,33,32,32,34,34,34,35,35,35,35,34,30,30,36,58,84,99,115,118,118,118,117,117,117,118,117,116,115,119,119,119,114,97,78,58,39,35,33,35,35,30,30,35,34,31,32,32,32,32,32,32,32,32,32,32,33,33,33,34,33,33,33,33,33,33,33,33,33,32,32,32,30,30,30,30,31,30,30,30,30,30,30,30,29,29,28,28,28,28,28,28,28,28,28,28,28,28,28,28,28,28,28,27,26,25,24,25,26,25,21,21,27,36,0,0,0,0,0,0,0
0,0,0,0,0,0,0,0,87,84,70,55,41,34,35,36,35,35,32,31,31,31,31,31,31,31,32,32,33,33,32,32,34,34,34,35,35,35,34,32,30,32,37,57,83,98,115,118,118,118,117,116,117,119,118,116,115,119,119,116,115,104,85,60,38,27,33,35,35,31,30,34,34,32,32,32,32,32,32,32,32,32,32,33,33,33,33,33,33,32,33,34,33,33,33,33,33,32,32,32,30,30,30,30,31,30,30,30,30,30,30,30,29,29,29,29,29,29,29,29,29,29,29,29,29,29,29,29,28,28,28,27,27,25,24,25,25,24,21,21,25,37,0,0,0,0,0,0,0
0,0,0,0,0,0,0,0,86,88,61,48,39,36,39,39,37,36,32,30,30,31,31,31,31,31,33,33,33,33,32,32,34,35,34,34,33,34,34,30,30,33,37,57,84,100,114,117,119,118,117,116,117,120,120,116,114,119,117,115,113,102,82,53,37,35,33,35,35,31,30,33,33,32,32,32,32,32,32,32,32,32,33,33,33,33,33,33,33,32,33,33,32,32,32,32,33,32,32,32,30,30,30,30,30,29,30,29,30,30,30,30,29,29,29,29,29,29,29,29,29,29,29,29,29,29,29,29,28,28,28,27,27,25,24,24,24,24,22,23,27,38,0,0,0,0,0,0,0
0,0,0,0,0,0,0,0,101,86,60,47,40,39,39,35,34,35,31,31,32,32,32,32,32,32,33,33,33,32,32,32,32,32,33,34,32,34,34,30,30,34,40,58,84,99,113,118,118,116,117,115,117,121,120,116,117,121,122,115,110,100,76,51,39,38,33,34,35,32,29,31,32,32,34,32,32,32,32,32,32,32,33,33,33,33,33,33,33,32,31,32,32,32,32,32,31,30,30,30,30,30,30,30,30,29,30,30,30,30,30,30,29,29,29,29,29,29,29,29,29,29,29,29,29,29,29,29,29,28,28,27,26,24,24,24,25,25,25,27,28,38,0,0,0,0,0,0,0
0,0,0,0,0,0,0,0,99,82,60,48,43,40,36,31,33,37,32,32,31,32,32,32,32,32,33,33,33,32,32,32,32,32,33,34,32,33,33,29,30,35,41,59,85,100,116,120,118,116,117,115,117,122,122,117,117,121,123,117,110,97,73,49,40,37,33,34,35,32,30,31,32,34,34,32,32,33,32,32,32,32,33,32,33,33,33,33,33,32,32,32,32,32,32,32,32,30,30,30,30,30,30,30,29,29,29,29,29,29,29,29,29,28,29,29,29,29,29,29,29,29,29,29,29,29,29,29,28,28,28,28,26,25,24,24,25,26,27,28,29,36,0,0,0,0,0,0,0
0,0,0,0,0,0,0,106,95,80,60,48,43,38,33,29,34,41,34,33,32,32,32,32,32,32,33,33,33,33,32,32,32,32,33,33,32,32,32,29,31,35,41,60,87,100,115,117,116,118,117,114,117,123,122,116,116,120,122,117,109,96,72,49,40,35,31,32,35,33,30,30,31,33,34,31,32,32,32,32,31,32,32,32,33,33,33,33,33,32,32,31,31,30,30,30,30,29,30,30,30,30,30,30,29,29,29,29,29,29,29,29,29,29,29,29,29,29,29,29,29,29,29,29,29,29,29,29,29,29,28,28,27,25,24,24,25,26,27,29,29,34,0,0,0,0,0,0,0
0,0,0,0,0,0,0,91,87,83,58,46,38,33,30,31,35,40,34,33,32,32,32,32,32,32,33,33,33,33,32,32,32,32,33,33,32,32,32,30,31,36,42,60,88,102,117,119,117,119,118,115,117,124,124,117,116,120,120,115,107,96,72,48,39,33,31,32,35,35,31,29,31,33,34,32,32,32,32,32,32,32,32,32,33,33,33,33,33,32,32,32,31,30,30,30,30,30,30,30,30,30,30,30,29,29,29,29,29,29,29,29,29,29,29,29,29,29,29,29,29,29,29,29,29,29,29,29,29,29,28,28,28,27,25,25,25,26,28,29,29,35,0,0,0,0,0,0,0
0,0,0,0,0,0,0,78,82,79,54,43,35,31,29,33,34,35,33,32,32,32,32,32,32,32,33,33,33,33,32,32,32,32,33,34,33,33,33,32,32,35,42,61,89,105,118,118,116,117,117,114,117,124,124,117,115,119,121,116,107,96,71,47,39,36,32,32,35,34,30,29,31,34,34,32,32,32,31,32,32,32,32,32,33,33,33,33,33,32,32,32,31,30,30,30,30,30,30,30,30,30,30,30,29,29,28,28,28,28,28,28,28,28,28,28,28,28,28,28,28,28,28,28,28,28,28,28,28,29,28,29,29,28,27,27,27,28,26,27,29,38,0,0,0,0,0,0,0
0,0,0,0,0,0,0,76,80,66,51,41,37,34,32,36,34,33,33,33,33,33,33,33,33,33,33,33,33,33,32,32,32,32,33,33,33,33,33,33,33,35,52,77,102,117,125,122,118,118,117,114,117,124,124,117,115,119,119,115,107,95,70,45,38,39,32,32,35,34,30,29,32,34,34,32,32,32,32,32,32,32,31,31,32,32,32,32,32,32,32,31,31,30,30,30,30,29,30,30,30,30,30,30,29,29,28,28,28,28,28,28,28,28,28,28,28,28,28,28,28,28,28,28,28,28,28,28,28,29,29,30,30,28,27,27,27,27,23,25,28,38,0,0,0,0,0,0,0
0,0,0,0,0,0,0,77,83,70,57,44,40,37,36,36,35,34,34,34,33,34,34,33,33,33,33,33,33,33,33,33,32,32,31,32,33,33,33,33,33,35,44,76,99,115,126,126,120,119,114,112,114,121,121,114,112,116,116,112,104,91,66,41,34,36,32,32,36,35,31,31,33,34,35,34,34,34,34,34,33,33,31,31,32,32,32,32,32,32,33,32,32,32,32,31,31,30,30,30,30,30,30,30,29,29,29,29,29,29,29,29,29,28,28,28,28,28,28,28,28,28,28,28,28,28,28,28,29,29,29,30,29,28,27,26,26,26,24,25,27,0,0,0,0,0,0,0,0
0,0,0,0,0,0,0,80,86,83,66,47,41,37,37,34,34,34,34,33,33,33,33,33,33,33,33,33,33,33,33,33,32,32,31,32,33,33,33,33,33,35,46,81,98,108,116,118,115,117,114,112,115,121,121,115,114,117,118,112,103,89,65,41,31,34,32,31,34,33,29,30,33,34,35,33,34,34,34,34,33,33,32,32,33,33,32,33,34,33,32,32,32,32,32,31,30,30,30,30,30,30,30,30,30,29,29,29,29,29,29,29,29,28,28,28,28,28,28,28,28,28,28,28,28,28,28,28,29,29,29,30,30,29,28,27,26,26,28,26,27,0,0,0,0,0,0,0,0
0,0,0,0,0,0,0,133,103,82,66,47,39,31,33,33,35,33,34,34,34,34,34,34,34,34,33,33,33,33,33,33,33,33,32,30,32,33,32,30,34,36,45,78,100,106,113,114,115,115,113,115,117,119,118,116,114,115,114,115,106,87,63,42,31,31,31,32,34,33,31,30,33,35,34,34,35,34,34,34,34,34,35,35,35,35,35,35,35,34,32,32,32,32,32,31,32,32,32,30,30,30,30,30,30,29,29,30,29,29,29,29,29,28,28,28,28,28,28,28,28,28,28,28,28,28,28,28,28,29,29,30,29,29,27,26,27,25,28,31,35,0,0,0,0,0,0,0,0
0,0,0,0,0,0,0,134,97,77,57,44,38,32,29,30,31,32,34,34,34,34,34,34,34,34,33,33,33,33,33,33,33,33,31,31,34,33,33,31,35,38,44,76,102,108,112,115,119,118,118,117,117,119,118,116,113,114,118,118,107,86,62,44,35,35,31,32,33,32,30,30,32,33,33,33,34,34,33,34,34,34,35,35,35,35,35,34,34,33,31,32,32,32,32,32,32,32,32,30,30,29,29,30,30,29,29,30,29,29,29,29,29,28,28,28,27,27,27,27,27,27,27,27,27,27,27,27,28,28,29,29,29,29,28,27,27,25,25,29,38,0,0,0,0,0,0,0,0
0,0,0,0,0,0,0,111,79,66,47,41,39,35,28,29,30,32,34,34,34,34,34,34,34,34,32,32,32,32,33,33,33,33,30,31,32,30,31,30,34,39,48,78,103,109,111,112,114,115,114,116,116,118,117,117,112,112,114,116,110,93,69,47,35,32,30,31,31,31,29,31,32,33,34,34,34,33,32,32,32,32,35,35,35,35,35,35,35,34,32,32,32,31,32,33,32,32,31,30,30,30,30,30,30,29,29,29,29,29,29,29,29,28,28,28,27,27,27,27,26,26,27,27,27,27,27,27,28,28,28,29,29,29,29,27,26,24,20,28,39,0,0,0,0,0,0,0,0
0,0,0,0,0,0,0,84,74,63,52,41,40,35,34,33,34,34,34,34,34,34,34,34,34,34,32,32,32,32,33,33,33,33,32,32,31,30,32,33,34,40,58,84,105,117,121,119,120,119,118,120,121,124,122,123,121,123,122,120,105,81,53,34,26,28,28,28,28,28,27,28,29,30,30,30,30,30,30,30,30,30,30,30,30,30,30,30,30,30,30,30,30,29,30,30,30,30,30,30,30,30,30,30,30,29,29,29,29,29,29,28,28,27,28,27,27,27,27,27,27,27,27,27,27,27,27,27,28,28,28,29,29,29,29,27,25,24,23,28,36,0,0,0,0,0,0,0,0
0,0,0,0,0,0,0,81,90,66,60,41,35,31,35,35,35,33,33,34,35,35,35,35,35,34,34,33,32,32,32,32,32,32,32,32,31,33,33,34,32,37,63,86,102,118,126,123,124,122,117,118,120,125,126,125,124,127,133,129,108,77,48,33,29,29,29,27,29,30,29,28,29,29,30,31,31,31,31,31,32,31,33,32,32,32,32,32,32,32,32,31,31,31,31,31,31,31,30,29,29,29,29,29,29,28,28,28,28,29,28,27,28,27,27,27,27,27,27,27,27,27,27,27,27,27,27,27,28,28,28,29,29,29,29,27,24,24,24,32,34,0,0,0,0,0,0,0,0
0,0,0,0,0,0,0,98,103,74,61,42,35,34,35,34,34,35,33,34,35,35,35,35,35,34,35,34,33,32,32,32,32,32,33,33,33,34,33,34,31,35,55,76,81,91,104,102,100,103,102,105,107,110,115,120,120,120,116,114,97,73,49,36,33,32,29,28,30,32,32,29,30,31,31,31,31,31,31,31,31,30,32,32,32,32,32,32,32,32,33,32,32,32,32,30,29,29,30,30,30,30,29,29,29,28,27,28,28,28,28,27,28,27,27,27,27,27,27,27,27,27,27,27,27,27,27,27,28,28,28,28,29,28,27,26,24,25,28,34,41,0,0,0,0,0,0,0,0
0,0,0,0,0,0,0,106,93,74,54,40,37,35,33,31,31,34,32,33,34,34,34,34,34,33,34,33,32,32,32,32,32,32,31,30,30,29,28,30,29,30,36,47,44,51,62,60,58,65,81,84,85,83,89,97,101,101,97,94,83,68,51,38,34,31,29,28,29,31,31,29,29,30,31,32,33,32,32,32,32,32,32,32,32,32,32,32,32,31,32,32,31,31,31,31,30,30,30,30,31,31,30,29,29,28,27,27,27,28,28,27,28,27,27,27,27,27,27,27,27,27,27,27,27,27,27,27,28,28,28,27,28,28,26,25,24,25,27,34,44,0,0,0,0,0,0,0,0
0,0,0,0,0,0,0,108,82,66,50,38,37,34,33,31,31,32,32,33,34,33,34,34,34,32,32,32,32,32,32,32,32,32,31,28,29,27,29,32,32,30,31,29,29,33,36,34,34,38,43,45,48,46,49,50,53,56,62,62,55,49,41,38,38,36,33,32,32,33,32,32,31,32,33,34,34,32,30,29,29,30,30,30,30,30,30,30,29,28,29,28,28,28,29,30,31,30,30,29,29,29,28,28,29,29,28,27,26,27,28,28,28,27,27,27,27,27,27,27,27,27,27,27,27,27,27,27,28,28,29,27,28,28,26,25,24,25,29,33,47,0,0,0,0,0,0,0,0
0,0,0,0,0,0,135,113,82,63,49,37,37,35,35,32,33,32,32,32,32,32,32,32,32,32,32,32,32,32,33,33,31,31,29,30,29,27,32,34,33,30,35,37,34,33,32,30,28,32,23,29,28,23,21,24,29,30,31,32,33,31,32,32,34,35,36,35,35,35,35,36,37,33,34,35,36,36,34,33,32,32,32,31,31,31,30,32,31,30,29,30,28,28,29,32,29,29,32,32,29,27,29,29,31,30,28,27,27,27,27,28,29,28,28,28,27,27,27,27,27,27,27,27,27,27,27,27,28,28,28,28,28,28,27,26,25,25,29,33,45,0,0,0,0,0,0,0,0
0,0,0,0,0,0,122,105,79,58,44,34,35,33,34,33,33,33,32,32,32,32,32,32,32,32,32,32,32,31,32,32,31,31,31,32,30,29,32,34,36,34,32,30,30,30,26,23,21,20,20,21,20,19,18,20,20,20,21,24,23,22,24,27,29,30,28,28,30,23,27,30,33,29,26,29,29,30,28,30,30,27,27,24,25,24,25,23,26,27,28,30,29,29,30,33,33,35,36,38,36,32,31,30,31,30,29,28,27,27,27,28,28,28,28,28,27,27,27,27,27,27,27,27,27,27,27,27,28,28,28,28,28,28,26,26,23,23,28,31,41,0,0,0,0,0,0,0,0
0,0,0,0,0,0,100,91,89,67,45,33,32,31,34,35,34,31,32,32,32,32,32,32,32,32,32,32,32,31,32,33,31,32,32,33,34,34,36,36,39,41,30,26,30,33,26,28,34,28,25,23,23,22,18,17,15,17,22,24,21,20,20,21,20,22,25,28,30,22,25,25,27,23,25,27,27,34,28,27,28,30,30,29,27,28,28,28,29,32,32,34,35,37,35,32,32,30,32,33,30,28,25,23,23,25,28,27,27,27,28,28,28,28,29,28,27,27,27,27,27,27,27,27,27,27,27,27,28,28,28,28,28,28,26,25,22,22,23,30,39,0,0,0,0,0,0,0,0
0,0,0,0,0,0,87,89,93,68,47,36,35,31,32,33,33,32,32,32,32,32,32,32,32,32,32,32,32,32,32,32,31,32,33,32,32,33,33,32,38,45,47,57,66,68,65,69,74,70,70,62,59,58,53,46,44,48,46,44,41,40,35,28,23,24,26,26,26,29,29,30,30,23,22,23,25,18,17,13,20,21,22,25,24,25,26,30,28,26,27,28,28,26,25,25,32,31,25,25,24,26,25,25,26,29,30,30,29,28,29,29,28,28,28,28,27,27,27,27,27,27,27,27,27,27,27,27,28,28,28,28,28,28,26,25,22,23,24,33,43,0,0,0,0,0,0,0,0
0,0,0,0,0,0,72,89,76,52,47,38,36,31,31,32,32,32,32,32,32,32,32,32,32,32,32,32,32,32,32,32,30,30,32,31,32,34,33,30,35,47,62,99,112,112,118,114,101,101,101,94,92,94,96,91,92,91,81,76,76,76,70,62,58,55,54,54,43,39,44,41,28,27,24,21,18,13,19,22,22,23,23,22,24,27,30,24,20,18,20,21,24,21,16,22,22,20,19,19,18,21,24,29,30,31,33,33,32,30,28,28,29,28,27,27,27,27,27,27,27,27,27,27,27,27,27,27,28,28,28,28,28,28,25,24,22,23,30,34,44,0,0,0,0,0,0,0,0
0,0,0,0,0,0,62,81,73,58,47,38,36,32,31,33,32,31,32,32,32,32,32,32,32,32,32,32,32,32,33,32,30,30,31,30,34,37,37,34,36,52,65,106,118,121,133,131,114,112,113,114,117,120,124,122,123,119,117,112,112,112,110,108,109,105,102,100,97,86,88,91,82,78,71,70,66,54,59,60,57,56,55,52,51,51,49,42,39,40,38,31,34,35,28,36,24,25,19,15,12,14,18,24,27,28,33,34,34,32,28,28,28,28,27,27,27,27,27,27,27,27,27,27,27,27,27,27,28,28,28,28,28,27,25,24,22,24,31,37,0,0,0,0,0,0,0,0,0
0,0,0,0,0,0,73,75,75,64,45,38,37,33,32,32,31,32,32,32,32,32,32,32,32,32,32,32,32,32,33,33,30,30,30,30,34,35,36,36,37,56,67,93,105,109,117,123,120,117,118,125,129,130,130,131,131,129,130,126,126,125,123,124,126,124,119,119,123,112,114,116,113,110,107,104,100,105,108,107,95,94,91,93,89,83,77,81,82,83,71,61,61,64,58,58,46,46,41,36,33,33,34,35,35,35,37,35,35,34,29,28,28,28,27,27,27,27,27,27,27,27,27,27,27,27,27,27,28,28,28,28,28,28,25,25,23,25,32,37,0,0,0,0,0,0,0,0,0
0,0,0,0,0,0,85,81,75,58,45,36,34,32,33,34,31,30,32,32,32,32,32,32,32,32,32,32,32,32,33,33,30,30,29,30,34,33,34,36,35,54,73,93,110,115,114,116,119,116,118,123,125,123,119,120,116,117,120,120,121,122,119,118,118,119,118,119,120,120,123,122,123,118,120,118,115,118,120,119,113,111,112,111,113,114,111,106,108,111,103,99,98,97,92,86,85,83,83,81,81,76,71,65,57,51,45,38,35,34,29,28,29,28,28,27,27,27,27,27,27,27,27,27,27,27,27,27,28,28,28,28,28,28,26,25,23,24,29,33,0,0,0,0,0,0,0,0,0
0,0,0,0,0,0,82,88,77,51,43,37,36,31,33,32,30,30,32,32,33,32,32,32,32,32,33,31,32,31,33,32,30,29,29,29,34,35,33,37,36,50,78,96,113,118,115,113,115,116,115,116,118,118,116,116,114,118,118,118,120,121,116,116,116,117,117,118,120,116,120,122,123,126,122,119,117,117,120,120,115,116,119,119,117,113,112,114,112,110,108,105,115,121,117,118,118,113,115,111,108,105,99,102,105,88,59,45,36,31,29,30,29,29,28,28,28,28,28,28,28,28,27,27,27,27,27,27,26,25,27,27,26,26,27,25,25,24,24,28,0,0,0,0,0,0,0,0,0
0,0,0,0,0,0,78,76,66,49,42,36,37,32,33,32,30,30,30,31,31,31,31,31,31,31,32,32,33,33,32,32,30,30,30,29,34,34,34,35,35,55,84,98,109,121,121,115,121,119,117,117,118,117,118,116,116,119,116,117,121,125,118,115,113,118,118,117,116,112,115,116,115,115,118,116,119,118,120,121,122,125,121,124,122,119,117,116,118,120,115,111,114,119,119,114,114,112,118,116,118,117,110,110,111,94,66,48,35,30,28,29,29,29,28,28,28,28,28,28,28,28,27,27,27,27,27,27,26,26,27,27,26,26,27,25,25,25,23,34,0,0,0,0,0,0,0,0,0
0,0,0,0,0,0,82,76,63,55,41,39,35,31,32,29,32,30,32,32,32,32,32,32,32,32,33,33,33,33,29,30,29,30,31,33,33,32,37,36,34,62,86,99,110,122,124,121,126,117,120,117,115,114,120,120,119,117,116,114,118,117,118,114,115,115,120,119,117,115,113,108,107,110,113,115,122,119,112,109,112,117,117,121,121,119,118,117,118,121,122,119,114,113,117,110,108,111,116,111,110,110,106,108,110,93,73,50,34,30,29,29,29,29,28,28,28,28,28,28,28,28,27,27,27,27,27,27,26,26,27,27,26,26,27,25,26,27,27,37,0,0,0,0,0,0,0,0,0
0,0,0,0,0,0,89,82,66,58,40,38,36,30,30,29,30,31,31,30,29,29,30,30,30,30,33,32,33,32,28,29,30,30,32,32,30,34,35,36,37,60,84,104,111,110,119,121,120,120,119,119,118,116,121,120,119,116,118,117,120,118,116,123,126,120,125,125,120,116,114,114,112,111,120,125,129,125,114,109,111,113,113,114,116,113,112,113,112,114,121,122,113,111,117,112,111,114,118,110,107,108,106,110,109,91,72,50,35,32,30,29,28,29,28,28,28,28,28,28,28,28,27,27,27,27,27,27,27,26,27,27,26,26,27,25,27,28,32,41,0,0,0,0,0,0,0,0,0
0,0,0,0,0,0,85,81,64,50,35,38,35,33,32,28,32,30,32,31,30,30,30,30,30,30,30,30,33,33,31,30,31,31,30,32,30,33,37,36,39,60,81,103,117,115,121,121,118,120,121,120,119,119,121,120,122,123,125,130,130,130,129,126,128,144,127,125,118,115,115,117,117,116,118,124,124,126,122,119,120,119,119,117,115,113,110,109,111,111,115,119,111,111,116,117,117,118,119,113,113,115,111,112,109,90,67,48,36,32,30,28,28,28,28,28,28,28,28,28,28,28,27,27,27,27,27,27,27,27,27,27,26,26,27,25,26,26,31,44,0,0,0,0,0,0,0,0,0
0,0,0,0,0,0,76,80,68,52,35,35,36,33,32,30,31,31,31,30,29,30,30,30,30,30,30,30,33,32,31,31,32,31,33,31,33,35,36,35,46,66,75,104,116,111,118,121,120,122,120,119,118,123,124,121,124,125,119,115,110,104,97,87,79,78,70,67,65,66,64,63,63,68,68,76,78,87,93,100,107,112,116,118,117,122,119,112,116,115,115,116,111,111,112,116,117,117,116,112,117,119,116,115,108,88,66,47,35,32,30,29,29,28,28,28,28,28,28,28,28,28,27,27,27,27,27,27,27,27,27,27,26,26,27,25,25,24,28,43,0,0,0,0,0,0,0,0,0
0,0,0,0,0,54,71,81,73,57,36,36,34,33,33,30,32,31,31,30,30,30,30,30,30,30,31,31,33,31,30,31,31,31,32,32,34,33,36,34,44,73,85,100,109,114,118,118,120,125,120,120,120,124,117,106,99,90,80,70,55,44,29,20,9,6,4,4,6,7,5,5,3,5,11,15,19,28,33,44,58,71,83,90,95,106,113,112,117,118,119,119,118,115,109,113,115,114,109,107,114,119,116,115,106,83,66,47,34,32,30,29,30,28,28,28,28,28,28,28,28,28,27,27,27,27,27,27,27,27,27,27,26,26,27,24,24,24,26,41,0,0,0,0,0,0,0,0,0
0,0,0,0,0,55,73,79,67,50,37,34,34,33,33,32,31,31,31,30,30,30,30,29,29,30,30,31,32,32,31,32,30,31,31,31,33,36,36,35,41,76,91,105,109,108,116,120,117,120,119,114,106,99,87,68,50,28,24,14,8,7,8,7,4,3,3,2,5,6,4,4,2,2,5,4,7,8,5,7,13,26,30,38,48,59,77,91,98,105,117,119,124,118,109,112,115,111,107,105,112,115,111,110,103,82,65,46,33,32,30,28,29,28,28,28,28,28,28,28,28,28,27,27,27,27,27,27,27,27,27,27,26,26,27,25,25,24,24,39,0,0,0,0,0,0,0,0,0
0,0,0,0,0,62,76,70,56,42,35,35,32,32,32,30,31,31,32,30,30,30,29,31,28,30,29,32,33,31,32,32,31,31,28,32,34,33,35,36,42,74,91,110,118,112,109,123,127,110,117,93,66,35,14,6,6,6,4,4,4,6,7,8,7,2,2,3,15,22,21,13,5,2,2,2,6,9,5,3,3,4,4,3,3,2,23,54,67,72,97,106,116,115,111,110,113,110,111,110,112,110,110,108,100,81,64,44,33,31,30,28,28,28,28,28,28,28,28,28,28,28,27,27,27,27,27,27,27,27,27,27,26,26,25,25,24,25,28,43,0,0,0,0,0,0,0,0,0
0,0,0,0,0,68,80,71,55,42,34,33,32,32,31,30,31,32,32,31,31,30,29,30,29,29,30,32,32,32,33,32,31,31,28,29,33,32,33,41,46,64,80,116,126,117,110,113,92,57,61,36,15,3,6,6,8,8,5,3,13,36,52,55,52,42,35,37,54,69,72,58,40,26,30,42,53,56,46,30,14,4,4,4,3,3,2,15,25,32,47,68,89,99,108,111,113,115,119,116,116,114,112,110,103,85,63,44,33,31,30,28,28,28,28,28,28,28,28,28,28,28,27,27,27,27,27,27,27,27,27,27,26,26,25,25,24,26,32,45,0,0,0,0,0,0,0,0,0
0,0,0,0,0,69,80,73,57,46,35,31,31,31,31,31,31,31,31,32,31,30,30,29,31,30,30,33,30,32,32,32,31,31,28,30,34,32,35,36,48,69,76,116,129,119,106,100,63,21,9,4,5,5,24,44,55,62,42,29,43,75,96,101,92,65,50,50,71,91,97,80,61,47,56,78,93,92,75,55,34,25,28,29,25,18,5,3,5,4,5,23,42,64,87,102,108,115,116,113,109,110,107,105,101,84,61,44,34,31,29,28,28,28,28,28,28,28,28,28,28,28,27,27,27,27,27,27,27,27,27,27,26,26,26,25,26,27,37,48,0,0,0,0,0,0,0,0,0
0,0,0,0,0,68,78,74,58,43,34,30,31,31,31,32,32,31,30,32,32,31,32,29,33,32,31,33,30,33,32,32,31,30,27,31,34,31,34,29,49,69,88,109,123,119,108,100,68,36,3,4,3,37,69,89,88,93,68,43,54,86,104,106,88,52,50,47,71,92,96,78,57,47,63,93,108,99,72,51,42,50,59,72,71,56,31,7,2,5,5,5,8,26,48,70,84,96,101,104,101,104,104,102,98,84,58,42,33,30,28,27,28,28,28,28,28,28,28,28,28,28,27,27,27,27,27,27,27,27,27,26,26,26,27,25,26,28,35,48,0,0,0,0,0,0,0,0,0
0,0,0,0,0,69,75,73,56,37,32,30,34,32,30,31,32,33,31,32,32,32,33,28,33,32,30,33,31,34,33,32,31,30,28,32,33,28,34,28,50,85,102,106,112,117,110,100,78,54,27,8,18,57,104,126,122,96,82,46,43,70,94,98,84,61,48,43,68,91,93,75,50,43,65,97,112,96,61,40,44,65,83,102,98,70,44,26,20,21,16,9,6,14,21,34,50,69,86,99,100,106,108,107,101,87,56,41,32,29,27,26,27,27,28,28,28,28,28,28,28,28,27,27,27,27,27,27,27,27,27,26,26,25,27,24,25,26,31,0,0,0,0,0,0,0,0,0,0
0,0,0,0,0,69,74,72,56,37,32,30,32,31,31,30,32,32,31,32,32,32,33,28,32,32,30,33,32,33,31,31,31,30,28,28,33,28,30,35,52,73,99,106,107,120,115,107,91,68,22,7,7,43,90,121,127,103,76,44,36,58,89,96,79,54,46,42,67,89,92,76,53,49,67,94,105,85,46,28,43,73,91,105,96,65,38,38,51,67,72,61,45,29,13,9,19,43,68,89,98,105,108,106,97,81,55,40,32,29,27,26,28,28,28,28,28,28,28,28,28,28,27,27,27,27,27,27,27,27,26,26,26,27,27,24,24,26,33,0,0,0,0,0,0,0,0,0,0
0,0,0,0,0,69,77,72,56,41,34,30,29,30,32,30,31,31,31,31,32,32,32,29,31,32,30,32,32,30,29,30,30,30,27,28,31,29,30,36,52,75,94,108,113,122,118,113,98,72,28,7,5,28,69,107,120,107,72,49,35,49,86,102,90,66,55,54,74,91,94,77,59,54,71,91,99,75,34,21,45,77,90,101,86,52,30,45,75,98,111,99,74,42,15,5,11,35,58,83,97,104,105,101,89,70,54,40,33,31,28,27,28,28,28,28,28,28,28,28,28,28,27,27,27,27,27,26,26,26,27,27,27,28,26,24,24,27,39,0,0,0,0,0,0,0,0,0,0
0,0,0,0,0,67,79,73,56,44,35,30,28,30,33,29,31,32,31,31,32,32,32,30,32,32,30,31,33,30,29,31,30,29,28,31,31,31,31,34,55,77,95,107,119,123,120,119,103,72,42,13,6,26,62,98,114,109,79,65,42,52,93,105,98,85,76,74,86,96,98,82,67,61,82,95,98,76,42,33,55,80,100,99,75,43,34,51,84,106,123,108,79,42,12,5,14,37,66,90,107,112,109,103,89,68,53,39,33,31,29,27,28,28,28,28,28,28,28,28,28,28,27,27,27,27,27,26,26,26,27,27,27,27,25,24,24,29,44,0,0,0,0,0,0,0,0,0,0
0,0,0,0,0,82,78,69,57,41,32,29,29,32,34,29,29,33,33,32,32,32,32,32,31,32,30,32,32,29,28,30,31,30,30,30,33,32,30,36,54,76,103,112,120,121,121,119,105,75,49,15,8,28,62,89,105,108,97,78,77,81,84,90,110,117,94,90,97,106,110,101,93,94,92,101,109,90,66,59,76,94,112,96,63,36,34,56,85,107,119,107,76,38,12,5,17,44,77,100,115,117,112,104,88,69,53,39,32,30,29,27,28,28,28,28,29,28,28,28,28,28,27,27,27,27,26,27,27,27,26,27,26,25,25,24,24,24,42,0,0,0,0,0,0,0,0,0,0
0,0,0,0,0,95,86,61,49,37,31,28,28,32,35,29,30,32,33,32,32,32,33,32,32,32,30,32,32,30,29,30,31,30,30,32,33,30,30,36,55,79,106,115,119,121,122,121,108,83,53,18,8,25,55,81,103,113,109,102,101,100,100,104,115,126,120,114,115,118,119,114,108,109,108,110,114,107,97,91,100,110,113,91,58,41,44,69,91,106,114,102,65,26,7,8,30,58,86,106,118,118,112,103,87,67,51,38,32,31,29,28,28,28,28,28,29,28,28,28,28,28,27,27,26,26,25,26,26,27,27,27,26,25,24,24,24,25,46,0,0,0,0,0,0,0,0,0,0
0,0,0,0,0,99,93,69,54,38,31,27,27,32,36,28,30,32,34,33,32,33,33,32,32,32,30,32,32,30,29,30,30,30,30,32,31,28,30,36,55,82,112,118,118,120,122,121,109,91,61,24,8,20,45,71,97,111,113,112,115,115,114,116,118,126,127,122,122,123,124,123,117,115,117,118,119,118,118,115,118,120,109,92,74,68,73,91,101,104,107,90,48,13,6,20,47,71,93,109,119,117,112,102,86,64,50,37,32,31,30,28,28,28,28,28,29,28,28,28,27,27,27,27,26,26,24,25,25,25,25,26,26,27,25,25,24,25,48,0,0,0,0,0,0,0,0,0,0
0,0,0,0,84,78,78,70,49,33,31,25,24,32,36,26,28,32,34,33,33,33,33,32,32,32,30,31,31,30,29,30,30,30,30,30,29,28,30,37,57,85,115,120,118,119,121,121,110,95,67,31,8,13,34,62,90,108,111,114,121,125,123,123,121,123,122,120,120,124,126,128,122,118,122,122,119,117,117,115,117,117,107,100,98,98,100,111,113,108,100,76,35,7,13,36,62,83,97,110,118,113,109,100,84,62,49,36,32,31,30,28,28,28,28,28,29,28,28,27,27,26,26,26,25,26,24,24,24,24,26,26,26,27,24,26,25,27,48,0,0,0,0,0,0,0,0,0,0
0,0,0,0,67,76,69,66,48,35,28,25,26,33,36,30,31,33,33,33,32,32,32,32,32,31,30,30,30,30,30,30,31,31,31,30,30,28,30,41,63,88,113,117,118,119,119,120,113,100,76,43,15,11,25,51,84,107,106,116,124,125,119,117,118,117,116,114,115,120,121,124,122,119,123,119,112,109,110,110,113,114,112,112,116,115,116,123,123,110,87,57,21,4,21,48,74,96,105,114,118,112,107,99,84,64,49,35,31,30,29,28,28,28,28,28,28,28,28,27,27,26,26,26,25,25,24,24,24,24,26,26,27,27,24,27,26,28,50,0,0,0,0,0,0,0,0,0,0
0,0,0,0,82,81,70,66,52,41,37,34,29,27,28,28,31,33,33,33,32,32,32,32,31,31,30,30,30,30,30,30,31,31,31,31,32,29,31,47,70,91,109,114,118,119,118,119,116,106,86,53,22,11,20,43,77,103,108,119,124,123,117,111,115,118,113,111,114,116,115,116,117,114,114,106,94,88,92,100,107,110,112,117,123,120,120,125,126,108,77,42,11,6,32,61,84,104,108,115,118,111,106,100,85,65,47,33,30,29,28,28,27,28,28,28,28,28,28,26,27,26,26,26,25,25,24,24,24,24,25,26,28,28,26,28,28,30,54,0,0,0,0,0,0,0,0,0,0
0,0,0,0,102,84,63,56,46,36,33,31,29,25,27,30,31,32,33,33,32,31,31,31,31,31,30,30,30,30,30,30,30,31,32,31,32,29,32,48,72,92,110,114,117,117,117,118,117,111,91,61,27,10,13,36,71,99,110,116,118,120,119,114,114,119,114,114,115,114,110,110,110,105,98,81,60,51,62,83,98,105,106,115,121,116,112,113,114,96,63,29,6,13,46,71,87,101,107,112,113,108,104,99,82,61,44,32,29,28,27,28,27,27,28,28,28,27,27,25,27,26,26,26,25,25,24,24,24,24,25,25,26,27,27,29,30,36,50,0,0,0,0,0,0,0,0,0,0
0,0,0,0,127,103,69,56,42,37,34,31,31,25,29,30,31,32,33,33,32,31,31,31,31,31,30,30,30,31,30,30,29,30,32,30,30,28,31,45,67,90,114,116,117,115,117,119,119,115,98,72,36,10,7,30,68,97,108,111,113,118,120,120,116,116,116,115,115,111,109,111,113,106,83,55,27,21,42,73,96,109,104,115,119,114,104,97,94,75,48,21,8,26,63,84,96,105,108,112,112,106,102,98,80,58,43,31,29,28,27,27,27,27,27,27,27,27,27,25,26,26,26,26,25,25,24,24,23,24,24,24,26,28,29,29,31,38,43,0,0,0,0,0,0,0,0,0,0
0,0,0,0,133,97,74,58,47,39,34,33,32,31,30,31,29,31,34,32,31,30,31,31,31,31,30,30,30,30,30,30,30,30,30,29,29,29,32,46,71,92,113,116,116,115,118,122,121,118,101,77,41,12,4,28,65,91,101,104,109,115,117,117,115,112,113,117,114,109,111,116,119,115,80,54,33,35,52,77,97,105,106,111,114,112,112,104,89,57,26,3,6,32,66,94,109,112,113,112,111,108,102,95,77,53,42,31,29,26,26,27,27,27,26,26,26,26,26,25,26,26,26,26,25,25,25,25,24,24,24,24,24,26,28,29,29,36,43,0,0,0,0,0,0,0,0,0,0
0,0,0,0,128,94,70,58,46,34,31,31,33,33,32,33,30,30,34,33,31,30,30,31,31,31,30,30,30,30,30,30,30,30,30,29,30,30,34,51,77,98,110,113,116,116,118,123,124,120,108,88,51,18,9,29,64,89,112,115,115,115,115,115,114,114,113,115,114,112,117,123,122,113,83,54,35,44,71,97,110,109,106,110,119,113,105,100,85,54,19,4,12,44,76,100,115,113,111,111,111,108,102,93,74,50,40,31,29,26,25,26,26,26,25,26,25,25,25,25,26,26,26,26,25,25,26,25,24,24,24,24,23,26,28,28,28,36,46,0,0,0,0,0,0,0,0,0,0
0,0,0,0,140,107,75,56,39,29,30,31,34,34,32,33,31,30,34,33,31,30,30,31,31,31,30,30,30,30,30,30,30,30,30,30,30,30,35,52,79,98,109,112,118,120,120,124,125,120,112,96,60,23,10,20,56,84,114,119,119,118,120,122,118,117,119,117,118,119,122,121,114,103,81,48,32,54,92,115,120,112,108,115,121,112,103,96,78,50,10,7,28,62,86,102,113,108,108,109,110,108,103,93,73,49,38,31,29,26,26,26,26,26,25,26,25,25,25,25,26,26,26,26,25,26,27,26,25,25,25,26,22,25,27,26,29,39,56,0,0,0,0,0,0,0,0,0,0
0,0,0,0,139,102,65,57,49,36,32,31,34,34,31,33,32,31,33,33,31,30,30,31,31,31,30,30,30,30,30,30,30,30,30,30,30,30,36,55,81,99,109,113,119,122,121,122,122,117,111,98,64,26,10,11,44,78,109,122,127,132,132,128,122,120,118,114,113,113,113,108,98,86,64,35,26,53,96,117,120,117,118,124,122,113,104,90,66,33,2,11,44,76,94,105,110,108,107,109,109,108,105,95,74,49,38,32,31,27,26,26,26,26,25,25,24,24,24,25,26,26,26,26,26,26,27,26,25,25,27,27,23,22,25,27,32,42,0,0,0,0,0,0,0,0,0,0,0
0,0,0,0,121,87,54,46,40,35,31,31,34,34,32,34,32,32,34,33,32,30,30,31,31,30,30,30,30,30,30,30,30,30,30,30,30,30,38,57,82,99,110,113,118,121,121,121,118,117,113,101,72,34,12,11,34,67,104,118,119,121,116,105,97,93,84,80,76,71,70,70,62,48,32,21,22,46,83,102,110,115,124,121,116,111,105,89,56,15,4,23,57,84,100,107,109,108,110,110,109,109,107,97,74,50,39,33,31,28,26,25,25,25,25,25,24,24,24,24,26,26,26,26,26,26,26,26,25,26,29,26,25,21,24,29,33,40,0,0,0,0,0,0,0,0,0,0,0
0,0,0,0,107,84,59,50,44,35,31,31,34,33,32,34,32,32,33,33,31,30,30,31,31,31,30,30,30,30,30,30,30,30,31,30,30,30,37,56,81,98,111,114,116,118,121,120,118,118,115,108,85,47,16,12,23,46,78,81,69,64,54,43,36,32,28,26,23,18,18,19,16,8,8,9,16,32,56,68,81,96,109,112,115,113,106,84,39,3,3,32,65,90,103,107,111,110,111,112,110,108,106,96,73,49,37,32,30,27,26,25,25,25,25,25,24,24,24,25,26,26,26,27,26,26,26,25,25,26,27,24,26,21,24,29,32,36,0,0,0,0,0,0,0,0,0,0,0
0,0,0,0,85,84,71,47,35,36,32,32,33,32,31,34,32,32,32,32,31,30,30,31,32,31,30,30,30,30,30,30,30,30,30,30,30,30,37,56,82,100,112,116,117,117,120,120,119,119,116,111,93,58,23,12,11,21,26,25,16,12,5,2,2,2,2,2,3,3,3,3,3,2,2,3,8,15,24,29,42,58,75,98,112,106,87,56,19,3,13,46,79,98,106,106,108,107,110,112,110,108,104,93,69,46,35,30,28,27,27,26,25,25,26,26,25,25,25,26,27,26,26,26,26,26,26,26,25,26,25,24,26,24,25,27,30,38,0,0,0,0,0,0,0,0,0,0,0
0,0,0,0,65,76,75,52,36,30,32,32,32,31,32,34,32,32,31,32,31,30,30,31,31,30,30,30,30,30,30,30,30,30,30,30,31,31,36,55,80,98,112,116,118,118,119,121,119,117,120,111,93,63,29,13,5,3,9,8,6,5,2,3,1,1,3,2,2,2,2,2,2,2,3,5,7,11,12,12,16,24,35,65,81,71,44,19,7,7,26,57,90,105,111,111,109,107,109,113,112,108,104,90,67,45,35,30,28,28,28,26,25,25,26,26,25,25,25,26,27,26,26,26,26,26,27,26,25,25,23,24,26,26,25,25,30,42,0,0,0,0,0,0,0,0,0,0,0
0,0,0,0,93,83,63,46,34,32,33,33,32,31,32,33,31,31,32,32,31,30,30,31,31,31,31,31,31,31,31,31,31,30,29,32,34,32,42,67,95,107,111,116,118,119,121,121,117,114,123,114,91,68,38,18,7,4,4,4,3,3,1,1,1,1,1,2,2,2,2,2,2,2,2,2,3,4,4,3,4,3,5,5,5,4,5,4,9,25,43,63,92,107,111,114,111,107,107,113,112,109,100,87,65,42,34,30,28,29,28,25,27,26,27,26,26,26,26,26,27,27,27,27,27,27,27,27,26,25,25,26,24,24,24,27,33,48,0,0,0,0,0,0,0,0,0,0,0
0,0,0,124,111,84,58,46,39,35,32,32,31,31,32,33,31,31,31,31,31,30,30,31,31,31,31,31,31,32,31,31,31,30,30,32,32,31,44,68,93,106,113,114,115,120,119,120,117,116,125,115,96,70,43,23,7,7,4,5,3,2,1,1,1,1,1,2,2,2,2,2,2,2,2,2,2,2,2,1,1,2,4,4,3,3,4,5,12,29,51,73,97,106,111,112,112,109,107,115,114,110,98,85,64,40,32,28,28,30,29,26,27,28,27,27,27,27,27,27,28,28,27,27,27,27,27,27,26,26,26,26,24,26,22,23,34,52,0,0,0,0,0,0,0,0,0,0,0
0,0,0,161,130,92,59,46,42,36,32,31,31,31,32,33,31,31,31,31,31,30,30,31,31,31,31,31,31,31,31,31,31,30,28,33,35,31,42,66,92,107,110,118,113,120,120,117,115,121,122,116,99,75,51,28,8,6,4,7,4,1,1,1,1,1,2,3,3,3,3,3,3,3,3,3,3,3,3,3,4,4,5,6,5,4,4,6,17,38,61,86,107,108,113,111,113,111,108,117,116,110,96,81,63,38,30,28,29,32,30,27,28,28,28,28,28,28,28,28,28,29,27,27,27,27,27,27,26,26,25,25,23,25,19,21,35,51,0,0,0,0,0,0,0,0,0,0,0
0,0,0,155,113,84,59,42,34,30,31,31,31,30,32,33,31,31,31,31,31,30,30,30,30,30,30,30,30,30,30,30,30,30,30,31,34,31,41,66,93,108,110,121,116,121,117,114,118,122,121,117,102,81,57,30,11,8,5,8,4,1,1,0,1,0,1,1,1,1,1,1,1,1,1,1,1,1,1,1,2,3,5,5,6,5,5,9,25,49,72,96,112,110,110,108,111,110,108,115,115,109,95,80,64,38,28,29,31,31,29,27,28,28,28,28,28,28,28,28,28,28,27,27,27,27,27,27,27,26,25,26,24,25,23,25,37,50,0,0,0,0,0,0,0,0,0,0,0
0,0,0,132,89,74,60,39,29,31,31,30,30,30,31,32,31,31,30,30,30,30,30,30,30,30,30,30,30,30,30,30,30,30,30,31,35,31,41,63,91,107,109,120,118,119,117,114,116,122,120,117,107,89,63,33,12,7,6,7,3,0,1,1,1,0,1,1,2,2,2,2,2,2,2,2,2,2,2,2,3,3,4,4,4,5,7,14,36,61,86,104,115,111,107,105,109,110,111,113,111,107,95,81,63,36,26,28,31,29,27,27,27,27,28,28,28,28,28,28,28,28,27,27,27,27,27,27,27,27,25,26,25,27,26,29,38,50,0,0,0,0,0,0,0,0,0,0,0
0,0,0,127,92,76,62,42,34,38,31,30,30,29,31,32,31,31,30,30,30,30,30,30,30,30,30,30,31,32,31,31,31,30,29,33,33,30,51,75,100,111,108,107,118,119,115,117,118,118,120,118,116,101,74,44,14,7,5,4,2,1,2,1,2,1,1,1,2,2,2,2,2,2,2,2,2,2,2,2,2,4,5,5,6,5,7,18,45,71,98,111,117,114,108,108,111,112,112,111,108,105,97,83,62,35,26,28,30,28,26,26,27,27,28,28,28,28,28,28,28,28,27,27,27,27,27,27,27,27,25,24,25,27,26,27,35,50,0,0,0,0,0,0,0,0,0,0,0
0,0,0,126,101,72,53,40,36,34,31,30,30,30,31,32,31,31,30,30,30,30,30,30,30,30,30,30,31,32,31,31,31,30,30,35,34,29,53,75,101,111,109,106,117,116,118,121,117,117,117,118,118,105,79,49,17,8,5,4,2,1,2,1,3,2,1,1,2,2,2,2,2,2,2,2,2,2,2,2,3,4,5,5,7,6,7,23,54,80,105,114,117,114,111,113,112,113,110,107,107,103,97,84,63,38,28,29,29,27,26,26,26,27,28,28,28,28,28,28,28,28,27,27,27,27,27,27,27,27,25,25,25,27,25,27,37,49,0,0,0,0,0,0,0,0,0,0,0
0,0,0,122,105,69,44,36,33,28,30,30,30,30,31,32,30,31,30,30,30,30,30,30,30,30,30,30,31,32,31,30,31,30,32,31,31,30,56,75,105,116,117,114,119,115,120,122,120,117,115,121,119,109,85,54,21,8,5,4,4,1,1,0,2,1,1,1,2,2,2,2,2,2,2,2,2,2,2,2,3,4,5,5,6,6,11,34,66,87,109,116,117,112,112,114,112,113,110,108,108,102,93,80,59,37,28,28,28,27,26,26,25,27,28,28,28,28,28,28,28,28,27,27,27,27,27,27,27,27,25,25,25,27,26,28,41,49,0,0,0,0,0,0,0,0,0,0,0
0,0,0,143,88,63,42,34,35,31,30,30,29,31,31,32,31,31,30,30,30,30,30,30,30,30,30,28,32,34,31,31,33,30,31,34,29,30,61,77,106,114,117,115,122,116,117,120,120,117,114,124,122,110,95,63,27,14,6,5,4,2,2,2,2,2,1,1,1,2,2,2,2,2,2,2,2,2,2,2,3,4,6,5,6,8,18,50,82,98,111,113,112,110,112,115,112,111,110,108,108,105,89,74,56,37,28,27,28,25,26,26,23,27,28,27,27,27,27,27,27,27,27,27,27,27,27,27,27,27,28,26,27,25,27,30,41,50,0,0,0,0,0,0,0,0,0,0,0
0,0,0,132,67,55,46,37,35,31,31,31,30,31,31,31,30,30,30,30,30,30,30,30,30,30,30,28,32,35,31,31,33,30,30,35,26,29,61,79,102,112,115,119,120,115,116,119,118,117,115,121,122,117,105,75,37,20,6,6,4,2,2,2,1,1,0,0,1,1,1,2,2,2,2,2,2,2,2,2,3,4,3,3,5,10,29,62,93,108,114,112,110,110,112,114,111,112,109,109,107,104,85,73,52,33,27,26,28,24,25,25,24,28,28,27,27,27,27,27,27,27,27,27,27,27,27,27,27,27,27,27,27,25,27,29,42,49,0,0,0,0,0,0,0,0,0,0,0
0,0,0,102,66,73,62,37,27,30,32,32,31,32,31,30,29,29,29,29,29,29,29,29,29,29,29,27,32,35,31,31,33,30,31,34,26,29,62,79,101,112,114,124,118,116,117,121,118,119,118,119,118,119,110,80,44,28,7,6,4,3,2,2,1,1,0,0,0,0,1,1,2,2,2,2,2,2,2,2,3,4,4,5,8,16,42,76,102,113,114,112,110,110,112,114,111,111,108,105,103,106,88,73,49,32,26,24,26,24,26,24,24,28,28,27,27,27,27,27,27,27,27,27,27,27,27,27,27,27,27,28,26,24,26,28,39,0,0,0,0,0,0,0,0,0,0,0,0
0,0,0,110,90,75,57,38,31,31,33,33,32,32,31,29,28,29,29,29,29,29,29,29,29,29,29,27,32,35,31,31,33,29,31,33,25,28,64,79,99,109,116,123,116,114,117,120,119,118,117,117,117,124,113,78,44,32,9,7,4,3,3,2,1,1,0,0,0,0,1,1,1,1,2,2,2,2,2,2,2,4,6,5,11,26,56,84,103,109,112,112,112,111,112,115,113,111,111,109,107,102,84,69,47,32,25,24,24,22,24,23,23,28,28,27,27,27,27,27,27,27,27,27,27,27,27,27,27,27,26,26,25,24,26,30,42,0,0,0,0,0,0,0,0,0,0,0,0
0,0,0,161,110,59,43,41,39,32,33,32,32,32,31,29,28,29,29,29,29,29,29,29,29,29,29,26,32,36,31,31,33,29,32,29,30,40,68,91,112,116,124,122,117,114,117,120,120,118,119,115,116,124,113,83,54,34,13,9,6,4,3,3,2,3,0,0,0,0,1,1,1,1,2,2,2,2,2,2,3,4,8,7,16,39,70,94,107,108,110,112,113,112,113,117,115,112,110,111,112,101,80,62,43,32,28,27,25,25,23,22,23,29,28,27,27,27,27,27,27,27,27,27,27,27,27,27,27,27,26,25,26,25,28,35,44,0,0,0,0,0,0,0,0,0,0,0,0
0,0,0,138,88,52,50,46,40,37,33,32,32,32,31,28,28,29,28,29,29,29,29,29,29,29,29,26,32,36,31,31,33,29,28,32,31,38,72,90,107,115,123,118,116,114,117,118,119,116,113,110,117,126,115,95,70,33,13,7,5,4,3,2,1,1,0,0,0,0,1,1,2,2,2,2,2,2,2,2,3,4,8,8,19,49,80,103,113,114,112,112,112,113,114,117,114,112,110,109,110,102,79,61,39,30,26,29,27,28,24,22,22,28,28,27,27,27,27,27,27,27,27,27,27,27,27,27,27,27,26,24,26,24,27,35,41,0,0,0,0,0,0,0,0,0,0,0,0
0,0,0,96,70,56,58,46,34,37,34,32,32,32,32,29,28,29,29,29,30,30,30,30,30,30,30,26,32,36,31,31,33,29,28,32,35,38,74,90,108,115,121,118,115,115,118,118,118,116,113,113,121,123,111,99,82,40,17,8,6,5,3,4,3,3,1,1,0,0,0,0,1,2,2,2,2,3,3,3,4,4,8,12,27,58,86,105,112,115,113,112,111,112,114,115,112,112,112,112,109,99,76,62,38,28,28,31,31,31,28,25,26,29,28,27,27,27,27,27,27,27,27,27,27,27,27,27,27,27,25,24,25,24,27,34,42,0,0,0,0,0,0,0,0,0,0,0,0
0,0,120,110,79,56,51,35,24,36,34,32,32,32,32,29,29,29,29,29,29,30,30,30,30,30,30,26,31,35,30,30,33,29,29,32,36,41,72,90,108,114,119,119,114,114,116,115,113,115,118,120,122,119,111,102,85,42,21,9,6,6,3,3,3,2,1,1,1,0,0,0,1,2,2,2,3,3,4,4,4,4,10,21,39,69,92,105,108,112,113,113,111,112,114,115,112,113,111,109,108,100,79,61,38,31,27,30,28,28,27,26,27,29,28,27,27,27,27,27,27,27,27,27,27,27,27,27,27,27,25,26,25,24,26,33,43,0,0,0,0,0,0,0,0,0,0,0,0
0,0,122,112,89,62,42,24,27,35,33,34,32,32,31,29,31,31,30,30,30,30,30,30,30,31,30,28,31,35,29,30,34,29,29,34,37,41,70,90,110,113,121,122,119,117,119,118,118,122,131,128,121,117,116,107,82,44,23,7,5,5,5,3,3,4,1,1,1,1,0,0,2,4,5,5,2,4,6,8,5,5,14,28,55,83,101,108,109,114,113,112,110,111,114,113,111,110,112,111,106,99,78,60,40,31,26,30,30,27,25,26,27,27,27,27,28,28,27,25,25,25,25,25,27,27,27,27,27,27,25,27,25,25,27,35,44,0,0,0,0,0,0,0,0,0,0,0,0
0,0,119,114,89,57,37,27,29,32,33,33,32,32,31,29,31,31,30,30,30,30,30,30,30,31,31,28,31,34,29,30,34,29,29,36,38,41,71,90,107,110,119,123,118,118,118,117,114,120,131,128,121,117,117,109,86,51,23,6,4,4,4,3,3,2,1,2,2,2,1,1,5,5,4,3,2,4,4,4,4,5,14,32,65,93,108,112,115,112,113,112,109,110,114,113,111,111,112,112,106,96,75,58,39,31,26,33,33,28,27,26,28,29,28,27,28,28,26,25,25,25,25,25,27,27,27,27,27,27,25,27,26,25,27,34,44,0,0,0,0,0,0,0,0,0,0,0,0
0,0,109,96,72,48,34,29,31,32,33,33,32,32,32,29,31,31,30,30,30,30,30,30,30,31,31,28,30,34,28,30,34,29,31,28,37,46,70,86,106,112,118,122,118,118,115,115,113,119,126,122,116,114,119,116,98,71,28,8,3,2,2,3,6,4,3,5,5,4,3,5,9,5,6,4,3,2,2,3,3,4,10,32,67,98,114,112,114,113,113,112,109,110,114,113,110,111,115,111,105,97,80,61,38,29,24,30,30,24,29,28,29,29,28,26,28,28,25,24,25,25,25,25,27,27,27,27,27,27,25,26,26,25,27,35,46,0,0,0,0,0,0,0,0,0,0,0,0
0,0,108,84,63,50,39,31,30,32,32,33,32,32,32,29,31,31,30,30,30,30,30,30,30,31,31,28,30,33,28,30,34,30,27,32,43,48,78,99,113,110,118,120,119,119,115,115,116,119,120,117,113,114,120,120,111,96,73,57,49,44,39,35,34,27,19,16,12,10,8,6,9,9,6,6,4,3,3,1,2,4,22,60,89,99,106,109,111,112,113,112,109,111,115,113,110,111,112,109,107,100,81,60,37,31,26,28,25,20,29,29,29,28,28,25,28,28,25,25,26,25,25,25,27,27,27,27,27,27,25,25,26,25,28,35,47,0,0,0,0,0,0,0,0,0,0,0,0
0,0,99,84,69,56,46,36,31,31,32,32,32,32,32,29,30,30,30,30,30,30,30,30,30,31,31,29,31,33,28,30,34,30,29,31,40,48,78,99,112,110,117,119,120,122,118,118,117,118,113,112,113,115,120,122,122,119,114,107,103,100,97,91,85,76,48,38,25,13,7,9,14,21,25,27,23,22,19,16,21,33,58,84,101,107,115,117,109,109,112,111,109,111,115,114,111,111,111,110,106,96,78,62,41,31,26,26,22,20,29,29,30,30,28,25,28,28,25,25,26,25,25,25,27,27,27,27,27,27,25,26,27,25,28,35,47,0,0,0,0,0,0,0,0,0,0,0,0
0,0,82,80,63,42,37,33,31,32,32,32,32,33,32,29,30,30,30,30,30,30,30,30,30,31,31,29,31,33,28,30,33,30,28,30,41,51,79,98,112,109,115,120,119,122,120,121,116,119,115,114,116,117,119,120,121,121,122,121,120,118,117,115,112,104,83,61,34,14,4,11,26,45,75,84,84,84,81,76,77,87,97,106,111,114,116,116,109,109,111,110,108,110,114,113,110,109,109,112,108,96,72,57,41,34,27,25,20,22,29,30,30,30,28,25,28,28,24,25,25,25,25,25,27,27,27,27,27,27,25,26,28,27,28,35,47,0,0,0,0,0,0,0,0,0,0,0,0
0,0,85,88,71,50,43,39,35,31,32,33,32,33,33,29,30,30,30,30,30,30,30,30,30,31,30,28,30,32,28,30,32,30,30,34,38,47,83,101,114,114,115,119,118,120,121,121,117,119,115,113,116,117,119,120,120,119,123,123,122,121,120,119,119,111,85,49,18,8,2,14,40,71,106,121,123,123,122,120,118,119,120,118,114,112,111,114,116,119,117,115,113,114,117,118,115,113,111,108,101,96,71,52,36,31,31,29,25,27,28,29,28,27,28,25,28,28,25,25,25,25,25,25,27,27,27,27,27,27,24,26,27,27,28,35,47,0,0,0,0,0,0,0,0,0,0,0,0
0,0,89,91,73,53,42,40,36,29,32,33,32,33,33,29,30,30,30,30,30,30,30,30,30,31,30,28,30,32,28,30,32,30,29,32,38,49,83,101,115,113,115,116,119,121,123,121,118,117,115,114,118,117,117,119,120,119,119,118,119,118,116,115,116,106,78,42,11,7,3,20,49,75,96,112,119,120,121,120,118,114,114,115,113,114,114,115,117,118,117,114,112,112,115,117,116,112,110,105,98,98,71,49,33,30,28,30,29,30,25,26,27,28,27,25,28,28,25,26,25,25,25,25,27,27,27,27,27,27,25,26,26,27,27,36,46,0,0,0,0,0,0,0,0,0,0,0,0
0,0,90,88,66,44,38,35,33,31,32,32,32,32,33,29,31,29,29,30,30,30,30,30,30,30,31,28,30,31,29,29,31,30,32,32,35,50,82,99,117,116,114,115,117,120,121,120,119,118,117,116,116,117,117,118,118,117,115,116,119,118,117,115,113,101,69,33,10,8,2,22,51,74,92,108,118,118,119,117,114,114,115,117,115,115,114,114,114,114,114,113,113,114,114,114,113,112,109,107,99,96,73,51,35,30,30,28,30,32,28,24,28,28,27,25,26,27,27,27,27,27,27,27,25,24,25,25,25,26,26,26,28,25,32,47,58,0,0,0,0,0,0,0,0,0,0,0,0
0,0,94,85,60,43,34,30,29,32,32,32,32,32,33,29,30,29,29,30,30,30,30,30,30,30,30,28,30,31,29,29,31,30,29,32,37,61,87,104,115,114,113,114,118,121,121,119,118,117,117,116,117,117,117,117,118,117,115,115,118,118,118,115,113,99,69,36,11,8,3,20,48,73,92,104,114,117,115,112,111,112,116,117,115,114,113,112,112,112,112,112,112,112,112,112,112,112,110,108,105,95,69,48,35,33,33,27,25,26,28,28,27,24,27,25,26,27,27,27,27,27,27,27,25,25,26,25,25,25,26,26,28,26,32,47,0,0,0,0,0,0,0,0,0,0,0,0,0
0,0,81,76,58,42,34,32,32,33,33,32,32,32,33,29,30,29,29,29,29,29,29,29,29,29,29,28,29,30,29,29,30,30,30,32,38,61,87,104,116,115,112,114,118,120,119,117,118,118,117,117,117,117,116,117,117,116,114,114,118,119,119,115,113,99,75,40,13,7,2,19,49,77,100,105,114,120,118,114,114,114,117,117,115,114,113,112,112,112,112,112,112,112,112,112,112,112,110,104,104,91,65,43,31,33,33,29,29,26,25,25,24,24,27,25,26,27,27,27,27,27,27,27,25,25,25,24,25,25,26,27,28,27,32,48,0,0,0,0,0,0,0,0,0,0,0,0,0
0,0,76,69,58,43,35,28,33,37,35,32,31,32,33,29,29,29,29,29,29,29,29,29,29,29,29,29,29,29,29,29,29,30,32,32,39,60,86,104,117,114,112,113,118,120,118,117,118,118,118,117,117,117,117,117,117,115,114,115,118,119,118,115,113,98,71,36,11,8,2,23,57,86,111,111,114,118,118,118,119,119,118,118,116,115,114,113,113,113,113,113,113,113,113,113,113,113,112,103,101,88,64,42,32,33,32,29,31,28,24,23,25,26,27,25,26,27,27,27,27,27,26,26,24,24,24,24,25,25,25,27,28,26,32,48,0,0,0,0,0,0,0,0,0,0,0,0,0
0,0,74,67,59,46,38,32,34,37,35,32,31,31,33,29,30,29,29,29,29,29,29,29,29,29,29,29,29,29,29,29,29,30,31,33,39,64,86,105,116,115,111,113,117,120,119,118,119,118,118,117,117,117,117,117,117,114,115,116,119,118,118,116,114,96,66,34,10,7,2,21,56,88,114,114,112,110,112,115,117,119,118,118,116,115,114,113,113,113,113,113,113,113,113,113,113,113,112,104,99,86,62,44,35,33,31,27,27,28,25,24,28,27,27,25,27,27,26,27,27,27,27,26,24,24,24,24,25,25,25,27,28,26,31,48,0,0,0,0,0,0,0,0,0,0,0,0,0
0,72,71,75,67,46,32,33,35,37,34,31,31,31,33,30,30,30,30,29,29,29,29,29,29,29,29,29,29,29,29,29,29,30,31,32,43,69,92,105,117,119,116,116,118,120,119,118,118,118,117,117,117,117,117,118,117,114,114,115,116,116,116,115,112,90,62,35,12,9,3,20,52,85,105,110,110,107,107,110,112,115,117,118,116,115,114,113,113,113,113,113,112,112,113,113,112,112,112,106,99,86,62,43,35,33,30,26,24,26,26,25,28,26,27,26,27,27,26,26,26,27,27,26,24,25,25,25,26,25,26,28,29,26,32,48,0,0,0,0,0,0,0,0,0,0,0,0,0
0,78,70,73,62,44,36,41,37,34,33,31,31,30,32,30,30,30,30,29,29,29,29,29,29,29,29,29,29,29,29,29,29,29,30,32,48,75,100,108,118,120,120,118,117,117,117,117,118,119,117,117,117,117,117,118,117,114,111,112,114,115,116,113,108,85,51,26,8,7,7,23,54,85,103,110,114,112,112,113,114,116,116,117,115,115,114,113,113,113,113,113,113,113,113,112,112,112,114,107,98,85,61,41,33,33,31,27,25,26,28,27,27,25,27,26,27,27,26,26,26,27,26,25,24,25,25,25,26,25,28,26,27,25,31,46,0,0,0,0,0,0,0,0,0,0,0,0,0
0,82,75,75,63,41,34,38,36,35,32,31,32,30,31,30,30,30,30,29,29,29,29,29,29,29,29,29,29,29,29,29,29,28,29,33,46,76,98,110,116,118,118,117,115,115,116,117,118,119,117,117,117,117,117,117,116,114,112,114,118,120,119,114,109,86,57,27,8,6,9,28,63,92,104,108,110,110,110,111,113,114,116,116,114,114,114,113,113,113,113,113,113,113,113,112,112,111,113,105,93,75,54,38,30,28,29,28,28,26,29,29,27,29,27,26,27,27,26,26,26,26,26,25,24,25,25,26,27,25,31,26,26,25,32,46,0,0,0,0,0,0,0,0,0,0,0,0,0
0,87,79,76,58,37,30,34,36,38,32,30,31,31,31,30,30,29,30,30,30,30,30,30,30,30,30,30,30,30,30,30,29,28,29,32,45,72,98,112,116,117,117,114,116,115,115,116,120,119,117,117,116,116,117,118,117,116,113,116,111,120,123,117,102,84,47,19,2,1,8,26,59,83,107,110,110,108,107,109,111,113,117,116,115,113,114,113,114,114,114,115,113,113,113,113,111,112,110,105,93,72,50,36,27,28,29,29,29,30,31,31,30,29,27,28,28,28,28,28,27,27,25,25,24,24,24,27,27,27,43,23,25,27,32,45,0,0,0,0,0,0,0,0,0,0,0,0,0
0,111,80,76,58,38,33,37,37,38,32,30,30,30,30,29,30,30,30,30,30,30,30,30,30,30,31,30,30,30,30,31,29,27,28,30,43,69,95,112,117,117,116,114,114,114,114,116,119,118,115,116,116,116,117,117,116,115,118,115,108,114,121,118,109,98,72,56,43,39,44,60,81,96,111,114,112,108,107,110,113,115,117,115,113,114,114,113,115,114,113,114,114,114,114,114,111,112,111,105,91,67,50,38,28,28,29,27,26,30,32,31,31,31,28,28,28,28,28,28,27,27,25,25,24,24,25,27,27,26,18,19,29,29,36,53,0,0,0,0,0,0,0,0,0,0,0,0,0
0,100,89,82,59,35,30,34,32,31,31,30,30,30,30,30,30,30,30,30,30,30,30,30,30,30,30,30,30,30,30,30,28,27,26,30,46,73,96,111,115,114,116,116,116,116,115,117,119,118,115,115,115,115,115,115,116,115,118,114,110,111,117,119,117,113,105,102,95,92,95,102,106,111,115,117,115,111,109,112,115,115,117,114,111,114,113,113,115,113,114,114,113,113,114,114,110,111,108,106,91,66,49,37,29,30,29,26,23,28,31,32,30,30,29,29,28,28,28,28,27,27,26,25,24,24,25,27,26,26,20,26,33,33,41,56,0,0,0,0,0,0,0,0,0,0,0,0,0
0,81,80,76,55,34,32,34,33,31,31,30,30,30,30,30,30,30,30,30,30,30,30,30,30,30,30,30,30,30,30,30,28,26,26,29,47,77,100,112,115,116,117,117,118,118,115,118,120,118,116,115,115,115,114,114,115,116,117,114,117,112,112,115,119,122,120,125,125,123,125,126,120,118,116,117,113,109,108,111,115,116,117,114,110,114,113,113,115,114,115,115,114,114,114,114,111,111,109,106,88,64,44,36,30,31,32,29,24,28,32,33,31,30,30,29,28,28,28,28,27,27,27,26,24,24,24,25,25,25,25,30,33,33,39,50,0,0,0,0,0,0,0,0,0,0,0,0,0
0,83,74,69,50,36,40,39,38,33,31,30,30,30,31,31,31,30,30,30,30,30,30,30,30,30,31,30,29,30,31,30,28,26,28,32,51,82,106,117,116,116,117,117,118,117,115,118,121,117,116,116,116,117,117,116,116,116,115,113,120,117,112,110,116,121,115,121,124,121,124,128,124,117,114,114,111,110,108,111,114,116,117,116,112,116,117,115,116,117,114,115,115,115,115,115,112,112,110,104,88,64,44,35,31,32,33,30,26,28,31,32,31,30,30,29,28,28,28,28,28,27,27,27,25,25,24,24,24,24,24,31,35,39,45,56,0,0,0,0,0,0,0,0,0,0,0,0,0
0,79,71,65,48,35,42,41,39,33,31,30,30,29,30,30,30,30,30,30,30,30,30,30,30,30,30,29,30,31,30,29,29,27,29,39,62,89,111,122,120,118,118,120,120,119,118,119,121,116,114,116,116,115,116,116,115,115,114,115,120,118,113,112,117,121,115,114,114,112,116,120,120,117,114,113,111,112,111,111,114,114,116,119,117,116,118,118,117,116,115,115,115,115,115,115,112,112,108,101,88,64,44,32,31,32,34,30,25,27,31,30,29,30,29,29,28,28,28,28,28,28,28,28,27,27,25,24,23,23,28,31,31,37,46,62,0,0,0,0,0,0,0,0,0,0,0,0,0
0,65,68,65,54,41,38,33,29,28,30,30,31,29,32,30,30,30,30,30,30,30,30,30,30,30,30,29,31,30,29,31,32,29,35,47,67,87,104,116,116,116,120,126,125,125,125,126,126,125,118,120,119,116,117,117,116,117,117,119,116,112,110,113,119,122,121,117,115,115,116,116,116,117,117,115,111,111,110,111,115,115,119,122,122,118,119,120,118,116,116,116,115,116,115,116,113,112,107,102,85,64,43,33,30,31,34,30,25,25,30,29,29,29,28,28,28,28,28,28,28,28,28,28,27,27,26,24,23,23,25,28,30,39,49,61,0,0,0,0,0,0,0,0,0,0,0,0,0
0,56,73,64,55,47,41,32,23,29,31,33,36,34,37,34,35,34,32,31,30,30,30,30,31,32,32,29,29,28,30,36,37,30,35,43,55,68,83,93,91,90,100,111,109,109,111,114,116,120,127,131,129,125,125,125,123,124,125,129,121,120,118,118,121,127,122,122,122,121,119,117,114,115,118,117,113,113,111,113,117,116,114,112,114,113,114,113,111,112,113,113,114,116,115,115,110,108,104,105,90,72,46,36,29,32,34,31,25,21,27,28,29,27,28,28,28,28,28,28,28,28,28,28,27,27,26,24,23,23,24,27,30,39,48,59,0,0,0,0,0,0,0,0,0,0,0,0,0
0,44,71,66,55,46,39,31,28,29,29,33,32,30,35,33,34,35,33,31,31,29,30,27,33,32,33,32,29,29,28,39,37,29,28,31,39,44,46,55,56,58,59,69,68,66,76,76,76,83,90,96,98,99,99,104,109,112,111,111,104,106,111,114,113,118,122,125,123,122,115,114,114,114,115,114,113,112,113,113,119,118,113,113,118,115,113,111,113,114,114,112,114,114,115,114,111,110,108,104,86,71,47,37,32,35,34,31,26,21,30,29,28,30,28,27,28,29,28,28,28,26,27,27,28,29,28,26,24,24,28,29,29,36,47,0,0,0,0,0,0,0,0,0,0,0,0,0,0
0,49,59,59,53,41,35,28,28,29,31,30,23,18,17,23,24,28,28,24,21,23,24,22,29,30,36,36,32,28,27,38,34,30,22,23,31,36,34,34,30,31,33,32,31,31,32,35,37,42,48,49,53,54,57,61,69,71,68,68,68,76,75,77,82,85,86,89,92,96,97,100,102,103,104,101,103,102,104,107,111,113,112,112,112,111,107,111,111,115,119,119,119,119,116,114,110,110,110,108,86,70,47,39,32,35,33,30,28,26,29,29,30,28,28,28,28,28,27,28,28,27,27,27,27,28,27,26,24,24,27,26,29,38,49,0,0,0,0,0,0,0,0,0,0,0,0,0,0
0,0,0,0,0,0,0,0,0,0,0,35,29,20,16,22,27,26,30,30,23,26,32,28,29,30,34,30,26,21,18,32,28,25,17,18,26,32,28,23,21,25,27,18,20,21,16,19,20,20,20,21,19,22,22,24,25,25,24,23,26,26,29,30,38,37,40,42,47,51,57,62,64,68,65,65,69,71,73,76,80,85,92,97,98,101,103,106,109,110,113,114,114,113,114,114,108,108,105,101,84,67,45,35,33,33,31,29,29,31,29,30,30,30,28,28,28,28,28,28,28,27,27,27,28,29,28,27,25,25,27,27,31,43,55,0,0,0,0,0,0,0,0,0,0,0,0,0,0
0,0,0,0,0,0,0,0,0,0,0,0,0,0,0,0,0,0,0,0,0,0,47,45,41,32,27,22,24,22,16,27,24,18,17,17,24,27,24,20,21,29,30,23,23,22,17,17,19,18,17,17,13,19,23,19,20,20,20,19,22,22,26,24,24,25,25,25,26,26,27,29,29,33,32,35,38,41,43,43,48,49,49,53,56,61,68,72,72,70,76,79,80,79,81,89,85,90,93,80,65,55,40,31,29,30,30,30,29,31,29,29,28,29,28,28,27,28,29,29,28,27,27,27,27,27,27,26,26,26,29,30,33,45,60,0,0,0,0,0,0,0,0,0,0,0,0,0,0
0,0,0,0,0,0,0,0,0,0,0,0,0,0,0,0,0,0,0,0,0,0,0,0,0,0,0,0,0,0,0,0,0,34,33,31,32,31,29,27,28,34,35,37,35,30,30,21,22,27,32,29,27,28,29,31,30,31,33,31,24,33,32,36,30,28,29,29,28,27,24,23,24,25,26,27,26,28,29,29,29,27,23,21,19,20,22,29,21,22,28,32,34,36,35,47,38,45,53,51,44,38,29,28,22,26,29,29,30,30,29,30,30,29,29,28,28,28,28,28,28,28,27,26,25,25,25,26,28,30,38,38,38,46,62,0,0,0,0,0,0,0,0,0,0,0,0,0,0
0,0,0,0,0,0,0,0,0,0,0,0,0,0,0,0,0,0,0,0,0,0,0,0,0,0,0,0,0,0,0,0,0,0,0,0,0,0,0,0,0,0,0,0,52,47,48,36,37,47,44,35,39,25,21,22,28,31,28,29,18,29,31,31,29,29,27,26,25,24,21,22,23,22,23,24,24,22,21,22,20,20,27,27,21,23,25,25,23,22,23,22,24,24,24,27,20,19,20,25,30,28,28,26,25,28,31,27,29,31,29,28,29,28,27,28,28,28,28,28,28,29,28,27,25,24,25,26,28,30,33,34,41,50,62,0,0,0,0,0,0,0,0,0,0,0,0,0,0
0,0,0,0,0,0,0,0,0,0,0,0,0,0,0,0,0,0,0,0,0,0,0,0,0,0,0,0,0,0,0,0,0,0,0,0,0,0,0,0,0,0,0,0,0,0,0,0,0,0,0,0,0,0,0,48,52,68,64,50,34,40,44,38,35,35,37,34,33,30,25,26,25,24,25,25,24,23,22,22,18,18,24,28,27,31,32,25,31,32,30,26,28,28,29,23,23,22,19,18,19,24,31,27,28,29,33,30,30,31,28,26,26,27,28,28,27,28,29,28,27,28,28,27,25,24,24,25,27,28,22,25,40,54,61,0,0,0,0,0,0,0,0,0,0,0,0,0,0
0,0,0,0,0,0,0,0,0,0,0,0,0,0,0,0,0,0,0,0,0,0,0,0,0,0,0,0,0,0,0,0,0,0,0,0,0,0,0,0,0,0,0,0,0,0,0,0,0,0,0,0,0,0,0,0,0,0,0,0,0,0,0,0,0,0,0,58,59,54,46,49,46,45,44,43,37,39,39,36,31,26,27,25,26,26,21,18,17,23,19,18,17,27,27,23,24,22,24,38,30,31,32,34,29,28,30,35,33,30,30,33,32,32,32,30,27,27,29,29,28,28,29,27,24,23,24,26,28,29,29,31,47,56,56,0,0,0,0,0,0,0,0,0,0,0,0,0,0
0,0,0,0,0,0,0,0,0,0,0,0,0,0,0,0,0,0,0,0,0,0,0,0,0,0,0,0,0,0,0,0,0,0,0,0,0,0,0,0,0,0,0,0,0,0,0,0,0,0,0,0,0,0,0,0,0,0,0,0,0,0,0,0,0,0,0,0,0,0,0,0,0,0,0,0,0,0,58,54,50,51,59,50,37,38,25,13,10,10,11,18,15,11,7,7,7,25,28,29,29,30,30,29,29,31,32,31,32,32,28,29,33,35,41,36,24,22,29,32,27,26,29,25,25,26,24,28,32,35,40,29,36,44,55,0,0,0,0,0,0,0,0,0,0,0,0,0,0
0,0,0,0,0,0,0,0,0,0,0,0,0,0,0,0,0,0,0,0,0,0,0,0,0,0,0,0,0,0,0,0,0,0,0,0,0,0,0,0,0,0,0,0,0,0,0,0,0,0,0,0,0,0,0,0,0,0,0,0,0,0,0,0,0,0,0,0,0,0,0,0,0,0,0,0,0,0,0,0,0,0,0,0,0,0,0,0,0,43,34,32,25,18,11,17,32,35,43,47,50,50,44,39,41,43,42,39,37,39,41,35,34,39,47,44,31,20,22,26,22,19,15,15,19,22,23,21,20,22,62,49,63,86,105,0,0,0,0,0,0,0,0,0,0,0,0,0,0
0,0,0,0,0,0,0,0,0,0,0,0,0,0,0,0,0,0,0,0,0,0,0,0,0,0,0,0,0,0,0,0,0,0,0,0,0,0,0,0,0,0,0,0,0,0,0,0,0,0,0,0,0,0,0,0,0,0,0,0,0,0,0,0,0,0,0,0,0,0,0,0,0,0,0,0,0,0,0,0,0,0,0,0,0,0,0,0,0,0,0,0,0,0,0,0,0,0,0,0,76,77,68,61,61,57,56,56,55,57,63,57,47,42,40,31,22,13,9,9,7,6,6,6,7,12,15,16,29,43,70,93,118,151,181,0,0,0,0,0,0,0,0,0,0,0,0,0,0
0,0,0,0,0,0,0,0,0,0,0,0,0,0,0,0,0,0,0,0,0,0,0,0,0,0,0,0,0,0,0,0,0,0,0,0,0,0,0,0,0,0,0,0,0,0,0,0,0,0,0,0,0,0,0,0,0,0,0,0,0,0,0,0,0,0,0,0,0,0,0,0,0,0,0,0,0,0,0,0,0,0,0,0,0,0,0,0,0,0,0,0,0,0,0,0,0,0,0,0,0,0,0,0,0,0,0,0,0,0,0,73,66,55,50,49,54,48,37,36,30,23,18,22,23,21,17,21,44,65,88,148,178,202,224,0,0,0,0,0,0,0,0,0,0,0,0,0,0
0,0,0,0,0,0,0,0,0,0,0,0,0,0,0,0,0,0,0,0,0,0,0,0,0,0,0,0,0,0,0,0,0,0,0,0,0,0,0,0,0,0,0,0,0,0,0,0,0,0,0,0,0,0,0,0,0,0,0,0,0,0,0,0,0,0,0,0,0,0,0,0,0,0,0,0,0,0,0,0,0,0,0,0,0,0,0,0,0,0,0,0,0,0,0,0,0,0,0,0,0,0,0,0,0,0,0,0,0,0,0,0,0,0,0,0,0,0,0,0,0,0,91,82,73,70,66,70,82,89,111,149,182,203,221,0,0,0,0,0,0,0,0,0,0,0,0,0,0
0,0,0,0,0,0,0,0,0,0,0,0,0,0,0,0,0,0,0,0,0,0,0,0,0,0,0,0,0,0,0,0,0,0,0,0,0,0,0,0,0,0,0,0,0,0,0,0,0,0,0,0,0,0,0,0,0,0,0,0,0,0,0,0,0,0,0,0,0,0,0,0,0,0,0,0,0,0,0,0,0,0,0,0,0,0,0,0,0,0,0,0,0,0,0,0,0,0,0,0,0,0,0,0,0,0,0,0,0,0,0,0,0,0,0,0,0,0,0,0,0,0,0,0,0,0,0,0,0,0,0,0,0,0,214,0,0,0,0,0,0,0,0,0,0,0,0,0,0
