0,0,0,0,0,0,0,0,0,0,0,0,0,0,0,0,0,0,0,0,0,0,0,0,0,0,0,0,0,0,0,0,0,0,0,0,0,0,0,0,0,0,0,0,0,0,0,0,0,0,0,0,0,0,0,0,0,0,0,0,0,0,0,0,0,0,0,0,0,0,0,0,0,0,0,0,0,0,0,0,0,0,0,0,0,0,0,0,0,0,0,0,0,0,0,0,0,0,0,0,0,0,0,0,0,0,0,0,0,0,0,0,0,0,0,0,0,0,0,0,0,0,0,0,0,0,0,0,0,0,0,0,0,0,0,0,0,0
0,0,0,0,0,0,0,0,0,0,0,0,0,0,0,0,0,0,0,0,0,0,0,0,0,0,0,0,0,0,0,0,0,0,0,0,0,0,0,0,0,0,0,0,0,0,0,0,0,0,0,0,0,0,0,0,0,0,0,0,0,98,100,98,101,94,105,102,91,94,101,120,121,120,113,93,99,113,102,0,0,0,0,0,0,0,0,0,0,0,0,0,0,0,0,0,0,0,0,0,0,0,0,0,0,0,0,0,0,0,0,0,0,0,0,0,0,0,0,0,0,0,0,0,0,0,0,0,0,0,0,0,0,0,0,0,0,0
0,0,0,0,0,0,0,0,0,0,0,0,0,0,0,0,0,0,0,0,0,0,0,0,0,0,0,0,0,0,0,0,0,0,0,0,0,0,0,0,0,0,0,0,0,0,0,0,0,0,0,0,0,0,0,0,107,101,109,108,100,94,90,83,76,78,83,77,84,85,82,80,85,80,82,73,96,103,102,102,110,106,105,99,79,0,0,0,0,0,0,0,0,0,0,0,0,0,0,0,0,0,0,0,0,0,0,0,0,0,0,0,0,0,0,0,0,0,0,0,0,0,0,0,0,0,0,0,0,0,0,0,0,0,0,0,0,0
0,0,0,0,0,0,0,0,0,0,0,0,0,0,0,0,0,0,0,0,0,0,0,0,0,0,0,0,0,0,0,0,0,0,0,0,0,0,0,0,0,0,0,0,0,0,0,0,0,0,0,101,85,92,104,104,104,99,96,90,83,81,67,53,59,85,80,59,68,67,67,51,70,68,88,83,94,89,90,94,90,90,106,119,99,108,124,125,122,0,0,0,0,0,0,0,0,0,0,0,0,0,0,0,0,0,0,0,0,0,0,0,0,0,0,0,0,0,0,0,0,0,0,0,0,0,0,0,0,0,0,0,0,0,0,0,0,0
0,0,0,0,0,0,0,0,0,0,0,0,0,0,0,0,0,0,0,0,0,0,0,0,0,0,0,0,0,0,0,0,0,0,0,0,0,0,0,0,0,0,0,0,0,0,0,119,121,118,113,100,84,73,71,66,52,43,43,37,34,30,22,21,21,26,22,22,24,29,25,24,24,23,22,21,19,24,35,38,35,36,46,59,72,87,100,104,109,112,106,99,0,0,0,0,0,0,0,0,0,0,0,0,0,0,0,0,0,0,0,0,0,0,0,0,0,0,0,0,0,0,0,0,0,0,0,0,0,0,0,0,0,0,0,0,0,0
0,0,0,0,0,0,0,0,0,0,0,0,0,0,0,0,0,0,0,0,0,0,0,0,0,0,0,0,0,0,0,0,0,0,0,0,0,0,0,0,0,0,0,0,131,119,111,105,98,88,84,70,52,43,41,35,28,29,29,18,19,22,23,22,29,33,26,24,27,31,29,31,28,24,23,22,22,25,28,25,25,23,30,46,50,49,65,89,78,83,85,91,96,100,100,0,0,0,0,0,0,0,0,0,0,0,0,0,0,0,0,0,0,0,0,0,0,0,0,0,0,0,0,0,0,0,0,0,0,0,0,0,0,0,0,0,0,0
0,0,0,0,0,0,0,0,0,0,0,0,0,0,0,0,0,0,0,0,0,0,0,0,0,0,0,0,0,0,0,0,0,0,0,0,0,0,0,0,0,0,135,113,112,106,92,99,69,59,56,37,24,27,31,28,35,35,34,28,26,28,29,29,30,35,37,35,34,33,31,31,34,36,35,33,36,35,32,36,35,35,34,33,32,29,29,33,37,49,63,79,93,98,104,117,98,113,0,0,0,0,0,0,0,0,0,0,0,0,0,0,0,0,0,0,0,0,0,0,0,0,0,0,0,0,0,0,0,0,0,0,0,0,0,0,0,0
0,0,0,0,0,0,0,0,0,0,0,0,0,0,0,0,0,0,0,0,0,0,0,0,0,0,0,0,0,0,0,0,0,0,0,0,0,0,0,0,98,107,105,89,77,79,75,56,21,18,26,23,24,23,21,24,31,34,34,31,32,37,37,32,30,30,32,32,32,31,31,31,32,32,31,30,30,29,29,29,27,29,29,27,23,20,18,22,21,28,37,48,64,77,88,104,97,112,118,132,0,0,0,0,0,0,0,0,0,0,0,0,0,0,0,0,0,0,0,0,0,0,0,0,0,0,0,0,0,0,0,0,0,0,0,0,0,0
0,0,0,0,0,0,0,0,0,0,0,0,0,0,0,0,0,0,0,0,0,0,0,0,0,0,0,0,0,0,0,0,0,0,0,0,0,124,116,106,113,101,82,63,48,41,38,31,24,33,37,24,23,26,27,28,31,32,31,33,33,33,34,35,33,34,33,34,32,31,29,29,29,30,29,29,30,33,35,32,35,33,31,31,30,31,29,30,25,23,22,23,32,42,55,70,78,92,102,115,115,99,0,0,0,0,0,0,0,0,0,0,0,0,0,0,0,0,0,0,0,0,0,0,0,0,0,0,0,0,0,0,0,0,0,0,0,0
0,0,0,0,0,0,0,0,0,0,0,0,0,0,0,0,0,0,0,0,0,0,0,0,0,0,0,0,0,0,0,0,0,0,0,97,109,106,100,92,93,72,49,35,22,16,16,17,23,32,37,27,25,26,28,28,30,31,32,32,32,32,32,33,34,35,34,33,30,30,28,27,27,30,29,29,30,31,34,33,37,33,32,31,28,29,28,29,31,25,24,25,25,25,32,44,53,63,77,89,92,89,98,0,0,0,0,0,0,0,0,0,0,0,0,0,0,0,0,0,0,0,0,0,0,0,0,0,0,0,0,0,0,0,0,0,0,0
0,0,0,0,0,0,0,0,0,0,0,0,0,0,0,0,0,0,0,0,0,0,0,0,0,0,0,0,0,0,0,0,0,160,151,96,122,86,87,86,51,30,24,29,24,24,22,28,31,31,33,31,30,30,29,29,31,33,33,33,32,33,32,31,30,28,29,29,29,32,32,28,28,26,28,32,29,29,31,30,30,30,30,30,27,26,27,34,33,27,26,29,30,26,29,33,31,32,44,65,74,84,104,125,136,0,0,0,0,0,0,0,0,0,0,0,0,0,0,0,0,0,0,0,0,0,0,0,0,0,0,0,0,0,0,0,0,0
0,0,0,0,0,0,0,0,0,0,0,0,0,0,0,0,0,0,0,0,0,0,0,0,0,0,0,0,0,0,0,0,134,137,125,136,114,90,70,53,27,22,22,33,36,29,28,28,28,28,30,31,32,30,29,31,32,32,31,32,31,31,30,30,31,30,30,32,35,32,30,29,28,28,30,30,29,28,28,30,30,30,29,30,28,30,26,27,26,26,26,28,32,31,35,36,22,21,22,45,56,68,90,112,105,122,0,0,0,0,0,0,0,0,0,0,0,0,0,0,0,0,0,0,0,0,0,0,0,0,0,0,0,0,0,0,0,0
0,0,0,0,0,0,0,0,0,0,0,0,0,0,0,0,0,0,0,0,0,0,0,0,0,0,0,0,0,0,0,96,106,119,110,89,53,42,30,29,34,29,27,36,38,37,34,35,34,31,32,31,32,31,29,29,28,29,28,28,27,27,26,25,23,24,23,24,25,23,23,23,23,22,23,23,24,24,24,23,25,25,26,26,26,26,32,33,30,28,30,30,33,32,31,30,30,29,29,33,32,38,55,65,77,92,99,99,0,0,0,0,0,0,0,0,0,0,0,0,0,0,0,0,0,0,0,0,0,0,0,0,0,0,0,0,0,0
0,0,0,0,0,0,0,0,0,0,0,0,0,0,0,0,0,0,0,0,0,0,0,0,0,0,0,0,0,96,95,116,104,94,70,54,30,21,16,27,31,31,33,36,36,36,34,34,32,31,35,34,32,29,26,26,24,25,25,26,28,28,27,28,37,41,44,43,44,51,55,51,49,45,36,24,26,27,26,25,24,22,24,27,29,26,27,28,29,28,30,29,30,29,29,29,29,28,26,26,22,25,38,52,49,65,84,96,100,98,0,0,0,0,0,0,0,0,0,0,0,0,0,0,0,0,0,0,0,0,0,0,0,0,0,0,0,0
0,0,0,0,0,0,0,0,0,0,0,0,0,0,0,0,0,0,0,0,0,0,0,0,0,0,0,0,101,106,117,101,84,60,32,21,15,22,24,28,31,31,33,33,33,33,32,30,29,27,28,29,28,27,23,22,20,23,31,38,51,64,74,75,76,88,93,87,84,102,116,105,94,92,92,84,75,70,66,52,43,37,36,30,24,24,26,27,27,26,27,27,27,27,28,29,31,30,28,28,25,22,22,32,40,51,67,86,100,101,102,0,0,0,0,0,0,0,0,0,0,0,0,0,0,0,0,0,0,0,0,0,0,0,0,0,0,0
0,0,0,0,0,0,0,0,0,0,0,0,0,0,0,0,0,0,0,0,0,0,0,0,0,0,124,87,97,107,106,65,55,22,12,19,16,31,39,31,29,29,30,32,33,34,31,29,26,25,25,27,24,28,33,39,46,61,75,85,100,113,119,119,118,120,122,120,122,125,123,122,119,119,118,112,106,104,102,91,82,71,64,50,37,32,29,25,25,25,27,28,28,28,30,30,29,29,28,29,27,25,21,25,32,36,40,64,88,98,111,113,0,0,0,0,0,0,0,0,0,0,0,0,0,0,0,0,0,0,0,0,0,0,0,0,0,0
0,0,0,0,0,0,0,0,0,0,0,0,0,0,0,0,0,0,0,0,0,0,0,0,0,173,134,102,103,94,75,36,23,18,22,31,27,37,43,39,34,33,31,31,28,28,25,24,21,20,21,32,43,62,79,90,115,125,128,128,133,137,140,146,143,140,136,139,142,142,143,137,133,134,134,133,132,135,138,134,126,120,107,89,82,75,56,43,47,37,27,23,23,25,27,26,27,28,28,31,30,28,25,24,27,26,21,39,63,83,102,110,112,0,0,0,0,0,0,0,0,0,0,0,0,0,0,0,0,0,0,0,0,0,0,0,0,0
0,0,0,0,0,0,0,0,0,0,0,0,0,0,0,0,0,0,0,0,0,0,0,0,171,153,118,89,67,71,56,23,21,33,34,37,35,32,32,41,37,33,29,28,26,25,22,24,34,45,58,79,94,110,121,128,136,137,136,133,128,128,133,140,134,133,135,136,137,134,128,128,130,134,133,133,138,142,146,150,150,146,136,121,118,113,98,85,79,66,48,33,25,23,26,25,31,29,28,30,27,28,30,28,27,26,22,25,34,54,74,90,105,98,0,0,0,0,0,0,0,0,0,0,0,0,0,0,0,0,0,0,0,0,0,0,0,0
0,0,0,0,0,0,0,0,0,0,0,0,0,0,0,0,0,0,0,0,0,0,0,131,125,109,92,79,31,29,28,30,40,44,34,33,31,31,31,33,31,29,26,24,22,22,34,54,81,94,106,120,128,131,133,134,133,129,129,129,125,125,130,132,130,130,133,138,137,133,131,127,125,121,122,124,125,131,134,134,135,134,138,140,136,128,119,112,107,98,84,64,44,31,29,28,28,27,29,29,27,27,29,29,33,35,35,30,26,33,41,55,89,102,109,0,0,0,0,0,0,0,0,0,0,0,0,0,0,0,0,0,0,0,0,0,0,0
0,0,0,0,0,0,0,0,0,0,0,0,0,0,0,0,0,0,0,0,0,0,164,120,105,75,64,65,39,29,19,28,37,46,31,28,31,33,33,31,26,24,23,24,38,52,67,84,120,133,140,146,144,139,136,135,130,126,122,121,126,125,126,131,130,130,131,132,133,131,126,127,128,129,129,129,131,131,127,127,129,132,134,134,136,137,135,131,122,118,112,102,86,67,54,42,37,29,29,27,28,29,30,29,29,31,34,32,29,27,23,27,64,87,111,143,0,0,0,0,0,0,0,0,0,0,0,0,0,0,0,0,0,0,0,0,0,0
0,0,0,0,0,0,0,0,0,0,0,0,0,0,0,0,0,0,0,0,0,180,145,107,116,73,34,28,36,29,26,28,35,41,35,32,31,35,31,29,28,24,22,36,64,99,124,143,133,137,130,128,144,142,138,135,131,130,129,130,130,131,131,130,130,134,130,128,134,131,126,131,131,131,132,132,132,132,131,129,131,132,132,133,133,133,133,133,134,134,129,120,110,92,70,49,36,25,27,30,27,33,32,34,33,32,30,29,28,30,22,21,29,52,76,94,105,0,0,0,0,0,0,0,0,0,0,0,0,0,0,0,0,0,0,0,0,0
0,0,0,0,0,0,0,0,0,0,0,0,0,0,0,0,0,0,0,0,166,154,123,101,94,58,24,22,29,31,32,32,30,33,35,39,34,34,31,27,26,30,54,91,112,127,136,138,137,138,138,136,137,135,134,132,133,132,132,132,132,132,132,131,132,134,130,128,133,131,126,131,132,132,132,132,132,132,132,132,132,132,132,132,132,132,132,132,129,131,132,135,132,125,115,91,69,60,42,25,26,26,30,34,32,31,30,30,29,31,24,21,21,38,66,86,101,106,0,0,0,0,0,0,0,0,0,0,0,0,0,0,0,0,0,0,0,0
0,0,0,0,0,0,0,0,0,0,0,0,0,0,0,0,0,0,0,112,145,127,104,102,63,39,18,30,30,35,30,29,32,33,33,41,41,36,27,25,50,73,106,138,149,146,135,126,127,131,129,127,128,130,134,133,132,132,132,133,132,132,132,131,132,133,130,129,132,131,128,131,132,132,132,132,132,132,133,132,132,132,132,132,132,132,132,131,133,126,127,131,133,130,122,124,115,102,76,44,28,24,30,33,32,33,32,31,32,32,28,27,24,22,33,56,90,112,110,100,0,0,0,0,0,0,0,0,0,0,0,0,0,0,0,0,0,0
0,0,0,0,0,0,0,0,0,0,0,0,0,0,0,0,0,0,76,112,134,112,81,69,38,28,23,29,26,32,32,32,33,36,33,33,30,27,37,61,97,122,140,145,141,139,138,133,132,133,135,129,134,136,129,127,131,131,132,132,132,132,132,132,132,131,130,130,131,131,130,131,132,132,132,132,132,132,132,132,132,132,132,132,132,132,131,131,125,124,126,133,134,137,136,138,137,131,112,78,46,27,24,27,29,31,34,33,32,32,29,28,26,26,27,38,61,86,105,105,0,0,0,0,0,0,0,0,0,0,0,0,0,0,0,0,0,0
0,0,0,0,0,0,0,0,0,0,0,0,0,0,0,0,0,98,97,115,121,92,54,31,34,27,32,27,30,32,35,33,34,34,29,26,22,31,67,107,122,135,137,134,132,132,134,134,132,134,137,137,135,133,131,127,131,132,132,132,132,132,132,132,132,130,131,131,130,131,131,131,132,132,132,132,132,132,132,131,132,132,132,132,132,132,132,131,131,134,130,125,124,133,133,132,131,131,134,120,91,64,40,24,32,30,33,33,33,34,31,29,29,30,26,31,48,68,93,98,94,0,0,0,0,0,0,0,0,0,0,0,0,0,0,0,0,0
0,0,0,0,0,0,0,0,0,0,0,0,0,0,0,0,142,117,116,118,103,67,35,21,44,34,35,30,35,40,40,36,32,29,25,25,40,72,111,140,138,137,131,133,137,135,133,135,133,130,133,135,134,138,130,126,131,132,132,132,132,132,132,132,131,127,131,132,129,130,133,131,132,132,132,132,132,132,132,132,132,132,132,132,132,132,132,132,135,135,132,124,127,143,139,131,132,125,132,136,121,97,76,41,51,32,31,31,32,32,32,32,32,28,25,28,43,58,73,86,105,112,0,0,0,0,0,0,0,0,0,0,0,0,0,0,0,0
0,0,0,0,0,0,0,0,0,0,0,0,0,0,0,0,161,139,132,110,76,43,27,29,34,35,37,33,33,43,42,36,28,24,22,46,86,120,138,145,136,130,130,134,133,132,133,131,132,133,129,128,129,131,131,131,129,131,132,132,132,132,131,131,130,126,131,133,127,130,134,131,131,132,132,132,132,132,132,132,132,132,132,132,132,132,132,132,128,134,128,127,126,122,121,125,132,131,131,138,140,124,115,88,69,37,32,32,32,32,32,33,36,38,40,35,27,24,34,64,93,122,142,0,0,0,0,0,0,0,0,0,0,0,0,0,0,0
0,0,0,0,0,0,0,0,0,0,0,0,0,0,0,122,161,142,125,84,46,29,24,31,27,30,37,33,33,35,38,32,25,28,52,97,131,139,134,131,131,130,129,128,132,134,133,134,133,130,127,125,131,128,128,127,129,131,132,131,132,132,131,131,132,127,132,133,126,128,133,129,131,132,132,132,132,132,132,132,132,132,132,132,132,132,132,132,133,132,133,133,128,123,124,131,133,135,130,133,139,138,137,115,62,32,31,31,31,33,33,32,32,32,34,34,30,23,22,48,88,109,138,0,0,0,0,0,0,0,0,0,0,0,0,0,0,0
0,0,0,0,0,0,0,0,0,0,0,0,0,0,92,129,135,110,71,37,35,29,23,26,32,31,36,33,31,34,34,28,29,61,101,139,144,136,129,130,132,130,127,128,134,135,133,133,138,134,132,131,132,128,127,125,129,129,132,133,133,132,130,130,128,130,132,132,129,129,131,131,132,131,132,132,132,131,132,132,132,132,132,132,132,132,132,132,133,132,132,131,128,128,127,131,131,128,129,132,148,156,121,65,50,28,30,30,31,31,30,30,29,35,31,27,25,23,21,37,62,71,95,110,0,0,0,0,0,0,0,0,0,0,0,0,0,0
0,0,0,0,0,0,0,0,0,0,0,0,0,79,97,117,117,78,44,27,29,27,26,27,32,34,34,34,30,29,28,43,72,106,131,143,139,133,128,129,135,131,128,130,131,133,133,133,133,133,132,134,136,128,122,124,130,130,132,133,133,132,130,130,130,131,131,130,131,131,131,130,132,132,132,131,131,131,132,133,132,132,132,132,132,132,132,133,132,133,133,130,126,131,128,130,131,126,131,135,132,121,66,35,28,27,30,31,31,30,30,30,29,30,26,26,26,24,20,27,42,49,83,94,102,0,0,0,0,0,0,0,0,0,0,0,0,0
0,0,0,0,0,0,0,0,0,0,0,0,0,98,121,123,101,54,29,30,31,28,30,29,33,35,35,43,29,25,30,73,118,138,139,131,133,137,133,127,134,130,129,131,134,130,132,137,134,129,128,132,134,126,125,126,130,130,131,131,132,131,130,130,132,130,126,127,133,134,131,129,132,132,132,130,130,131,132,132,132,132,132,132,132,132,133,133,132,130,132,130,130,134,128,124,125,132,138,138,117,72,19,22,27,33,31,31,30,30,30,29,29,29,28,26,26,28,26,27,27,28,61,88,105,0,0,0,0,0,0,0,0,0,0,0,0,0
0,0,0,0,0,0,0,0,0,0,0,0,86,115,126,116,72,42,32,35,30,31,34,31,35,33,37,35,27,27,55,102,143,145,134,124,132,140,137,129,137,136,125,119,153,147,135,132,129,133,137,140,133,127,129,132,130,130,131,131,131,131,130,130,131,129,127,128,132,133,131,130,133,133,131,130,130,131,132,133,132,132,132,132,132,132,132,133,133,132,135,130,132,134,130,127,132,136,122,102,56,22,26,26,33,38,33,31,31,32,31,30,29,30,31,27,27,29,29,26,28,28,47,76,104,111,0,0,0,0,0,0,0,0,0,0,0,0
0,0,0,0,0,0,0,0,0,0,0,109,121,122,110,101,45,35,35,38,31,30,34,34,32,33,31,26,26,49,85,124,144,137,131,129,135,138,136,131,132,133,132,136,134,136,135,139,139,139,133,125,137,130,129,128,130,131,130,130,130,130,131,131,129,131,133,132,128,127,130,132,131,131,133,134,134,133,132,131,132,132,132,132,132,132,132,133,135,137,138,130,128,131,129,130,132,127,97,61,22,17,25,26,32,35,36,33,31,30,29,29,29,29,29,28,29,30,29,29,27,29,30,54,81,102,122,0,0,0,0,0,0,0,0,0,0,0
0,0,0,0,0,0,0,0,0,0,0,120,137,120,91,76,27,34,35,33,30,31,33,32,31,29,27,25,45,82,119,136,138,130,131,134,137,137,136,135,134,131,132,133,126,135,142,140,133,130,117,105,130,130,128,120,130,131,130,129,128,129,131,132,129,131,134,133,127,126,130,132,128,130,133,136,136,134,131,131,132,132,132,132,132,132,132,133,135,137,134,134,129,135,133,137,126,108,63,29,16,22,31,28,30,31,35,36,32,28,27,27,27,29,28,28,32,32,29,29,28,34,30,42,63,94,120,125,0,0,0,0,0,0,0,0,0,0
0,0,0,0,0,0,0,0,0,0,81,124,137,117,82,45,26,33,31,31,36,33,33,34,31,27,23,36,75,121,138,132,133,130,134,133,133,132,133,135,135,136,135,138,134,139,137,133,113,83,54,71,109,129,129,126,131,131,129,127,127,129,132,132,131,131,131,131,130,129,130,131,131,131,132,132,132,132,132,133,132,132,132,132,132,132,132,131,132,134,132,138,138,145,140,133,94,57,35,27,31,29,31,29,31,30,31,32,29,26,25,27,33,32,26,27,32,35,31,30,29,26,25,27,48,76,112,128,0,0,0,0,0,0,0,0,0,0
0,0,0,0,0,0,0,0,0,0,79,136,139,116,81,21,30,34,28,29,36,34,32,33,31,26,23,56,115,146,142,131,132,134,139,135,134,133,132,134,136,136,137,140,139,139,119,93,60,34,21,51,102,127,136,132,133,133,129,127,127,129,133,133,133,132,130,130,132,131,130,130,132,133,132,131,130,131,132,133,133,133,132,132,131,131,131,130,127,130,131,138,145,151,134,103,55,15,17,30,37,32,33,30,30,31,29,29,29,31,41,57,64,50,31,26,30,33,30,31,30,29,32,30,37,58,89,106,134,0,0,0,0,0,0,0,0,0
0,0,0,0,0,0,0,0,0,104,120,129,110,74,43,34,35,31,33,29,34,35,31,30,27,24,42,97,142,148,139,133,135,138,134,136,132,134,134,134,134,144,154,153,138,105,55,16,8,9,12,64,118,138,134,136,134,133,133,133,132,134,133,134,133,134,133,130,132,130,128,128,131,131,133,132,129,130,131,131,134,134,133,131,130,130,131,128,124,128,134,142,148,131,89,43,28,18,24,31,37,38,34,30,30,29,27,26,22,32,73,107,97,68,36,24,27,27,29,29,30,31,29,29,31,45,69,101,133,0,0,0,0,0,0,0,0,0
0,0,0,0,0,0,0,0,119,119,128,116,93,57,28,31,34,33,36,29,33,35,31,29,25,37,76,119,144,145,140,141,140,139,135,128,132,139,140,145,141,138,123,97,73,42,16,8,7,7,19,83,128,144,138,136,140,141,142,141,141,144,142,140,139,139,138,136,134,133,132,132,129,125,127,130,129,128,127,127,134,134,132,131,127,127,129,131,126,132,138,138,130,100,55,20,17,19,22,26,29,34,35,30,28,31,24,23,37,72,116,139,123,88,54,29,25,27,29,30,30,32,33,34,31,38,60,88,126,120,0,0,0,0,0,0,0,0
0,0,0,0,0,0,0,0,107,126,132,117,88,49,25,34,37,35,33,29,32,33,31,27,25,61,111,136,137,142,145,144,139,132,130,126,129,140,141,135,133,105,66,30,13,8,6,9,12,10,28,89,129,141,142,143,132,135,137,137,137,140,139,137,137,136,136,136,133,133,133,134,134,135,139,141,141,142,140,138,137,136,133,134,132,133,134,134,136,139,134,118,96,62,29,19,21,25,26,30,33,32,31,30,29,26,22,34,73,116,139,138,125,101,73,41,28,28,28,28,31,33,34,33,28,29,48,72,110,118,0,0,0,0,0,0,0,0
0,0,0,0,0,0,0,68,101,120,129,114,80,42,28,31,36,32,30,31,33,31,30,28,46,92,132,140,126,134,145,140,138,132,131,137,133,132,119,94,77,48,26,13,7,7,8,13,12,6,20,58,94,99,103,104,104,103,105,110,114,118,118,119,119,119,119,121,120,120,122,124,120,122,130,137,139,139,137,137,138,139,140,137,136,134,138,138,146,138,119,84,50,32,24,22,25,27,30,35,35,33,31,30,25,24,42,78,117,138,135,131,136,127,96,57,36,31,35,33,31,31,31,30,28,26,36,56,95,112,103,0,0,0,0,0,0,0
0,0,0,0,0,0,0,35,101,112,120,102,63,36,33,28,30,29,30,35,33,29,27,38,73,118,141,140,124,125,133,131,138,140,140,145,131,108,75,44,12,8,10,12,15,16,16,18,22,11,17,26,50,49,48,46,47,47,50,55,56,59,61,66,73,75,77,80,84,85,87,91,94,97,105,115,122,127,131,134,138,143,144,138,135,134,137,138,153,129,83,35,16,20,29,30,32,33,40,43,36,35,31,26,21,45,87,118,133,137,130,130,133,134,112,80,51,35,35,32,32,33,33,32,30,29,29,44,82,106,106,0,0,0,0,0,0,0
0,0,0,0,0,0,77,68,103,116,104,91,47,32,35,30,31,33,36,37,34,30,27,56,99,132,139,136,130,129,127,131,138,134,129,114,90,57,27,11,6,6,12,16,22,16,15,18,22,17,19,14,21,21,20,18,21,22,24,25,24,25,27,31,35,37,40,42,47,47,49,54,51,55,62,68,77,90,105,116,126,133,135,136,136,137,133,127,135,88,39,15,18,29,36,31,31,32,38,43,38,32,25,26,47,84,117,136,133,130,130,133,135,135,128,107,71,42,32,31,32,33,33,32,30,30,25,33,62,91,98,89,0,0,0,0,0,0
0,0,0,0,0,0,109,108,108,126,95,74,33,26,30,28,29,32,37,36,31,28,35,74,123,138,133,131,134,135,130,127,122,101,82,53,33,13,5,4,6,9,16,19,19,12,10,8,5,9,10,6,6,8,8,8,8,8,7,7,8,10,8,8,6,7,8,8,9,8,9,10,9,10,14,18,22,31,47,64,95,108,118,127,133,135,125,114,78,40,18,22,32,31,29,28,31,31,31,36,33,26,24,47,92,117,126,129,129,130,133,133,132,131,134,123,92,58,35,30,33,34,35,32,30,30,26,29,41,79,100,99,0,0,0,0,0,0
0,0,0,0,0,0,95,96,109,126,99,57,30,29,30,28,28,30,36,36,27,25,49,95,136,138,131,134,137,132,124,109,91,59,32,10,8,5,4,8,8,7,5,14,15,13,9,8,7,14,9,5,6,9,8,9,9,9,9,8,7,8,6,6,8,9,8,8,6,7,7,9,8,10,14,15,14,17,24,32,59,74,90,104,117,119,111,98,20,12,29,44,34,26,26,27,32,31,31,31,25,28,47,82,125,132,124,121,130,132,133,134,132,132,135,130,111,77,42,28,32,34,36,34,31,31,28,25,27,72,110,123,102,0,0,0,0,0
0,0,0,0,0,76,78,117,142,117,79,45,29,34,32,29,28,30,32,34,25,30,75,125,142,138,131,137,133,120,92,49,9,6,5,2,2,1,2,9,12,8,5,8,11,12,11,11,11,12,9,7,6,8,8,9,8,9,9,7,7,8,7,6,6,7,5,6,6,6,4,6,7,7,12,11,9,8,9,8,8,15,44,83,98,84,69,51,30,17,23,30,31,31,28,28,28,29,26,24,22,55,102,136,131,131,129,129,132,132,132,134,134,134,137,137,121,96,65,37,32,34,37,35,31,31,26,27,33,54,75,104,108,0,0,0,0,0
0,0,0,0,0,63,79,109,122,104,74,33,32,34,32,29,29,31,29,29,24,49,102,136,143,135,133,138,129,106,68,29,3,3,3,6,2,4,8,11,13,10,8,9,11,12,15,12,11,12,11,11,7,10,11,11,10,10,10,11,12,11,10,8,9,9,7,8,9,9,7,7,7,7,8,10,10,8,6,3,2,2,18,43,54,43,30,20,17,21,28,29,28,29,29,28,27,26,24,33,57,98,129,138,135,134,132,129,129,130,132,132,133,133,136,139,131,110,77,43,32,34,37,36,31,30,27,26,29,46,70,103,114,87,0,0,0,0
0,0,0,0,0,72,98,115,110,97,68,26,29,30,33,30,30,29,28,26,29,71,122,137,140,133,138,131,126,109,82,51,30,16,7,13,8,9,9,8,10,12,7,5,11,10,9,7,9,10,12,14,11,12,12,11,11,10,9,11,13,14,13,12,11,9,9,8,9,7,5,4,5,5,5,7,9,8,10,9,8,8,16,24,27,21,16,18,25,29,29,28,27,27,28,26,24,23,33,62,100,127,137,133,135,134,134,131,128,132,135,134,132,133,137,141,136,119,87,54,30,30,33,34,31,30,29,29,28,36,62,96,112,99,0,0,0,0
0,0,0,0,83,109,129,126,115,89,47,25,29,29,33,30,31,31,36,25,42,97,134,133,133,130,139,133,131,126,115,102,82,53,27,20,14,11,7,6,6,8,8,10,8,7,10,5,5,5,8,12,12,11,8,6,10,8,6,6,7,7,7,6,7,6,7,7,6,4,3,2,3,4,4,5,7,8,13,15,14,15,18,19,20,23,24,29,35,31,27,28,27,27,26,24,21,33,60,98,129,136,134,129,132,133,134,131,129,131,133,130,130,130,134,139,134,119,94,66,35,28,30,31,32,30,29,29,29,27,51,88,112,111,0,0,0,0
0,0,0,0,114,139,145,128,113,75,23,27,32,29,32,30,31,32,38,26,63,117,140,133,128,130,137,138,136,141,139,137,120,91,66,39,27,22,12,10,8,8,10,15,9,9,9,4,2,2,3,7,9,7,4,4,3,3,2,2,3,5,5,4,4,4,7,9,9,8,8,6,6,4,5,5,7,9,11,12,16,19,21,23,25,28,30,30,31,29,29,31,34,32,23,21,29,70,110,133,143,140,136,130,133,135,135,133,132,133,132,130,131,130,134,139,139,128,109,83,43,27,28,31,34,31,29,30,30,25,37,73,108,113,0,0,0,0
0,0,0,59,112,135,137,121,102,68,21,27,31,29,31,31,31,29,32,33,84,126,139,133,126,132,137,134,138,144,150,146,133,118,110,80,58,41,24,13,9,7,7,13,11,12,9,5,6,5,5,6,4,3,2,2,1,2,2,2,2,3,4,4,4,4,7,10,12,11,10,8,4,4,5,5,7,9,10,13,18,22,28,34,33,28,29,28,29,29,31,30,30,26,22,40,70,106,131,137,135,135,134,131,131,133,133,131,132,132,131,131,130,131,135,139,141,134,119,95,57,30,28,30,34,31,29,29,27,26,31,61,103,119,118,0,0,0
0,0,0,51,84,115,131,122,92,62,31,27,30,30,30,30,33,29,31,47,99,132,138,133,132,133,137,133,137,135,141,139,131,133,141,122,99,72,52,33,21,8,8,10,7,11,15,10,11,7,8,10,8,7,7,5,4,4,4,4,5,6,6,6,5,4,4,7,8,8,7,6,7,7,7,8,10,12,15,18,24,24,29,37,37,28,28,29,30,30,28,26,23,23,42,77,108,127,134,137,131,128,130,134,133,134,133,131,131,132,132,132,131,132,135,138,139,133,125,107,73,38,27,29,33,33,31,31,29,28,30,51,89,118,131,0,0,0
0,0,0,48,62,99,132,127,82,50,38,30,32,31,28,31,34,27,35,65,113,136,135,133,137,138,138,136,131,127,129,131,130,138,148,145,136,115,94,71,52,32,19,7,7,7,10,9,6,3,8,17,21,24,26,22,18,17,16,15,14,12,9,7,7,6,4,4,5,6,7,7,12,11,9,10,13,15,17,19,23,24,29,36,38,28,28,31,29,29,27,27,24,38,67,92,131,139,136,136,134,132,132,134,132,133,133,131,131,133,133,132,134,132,134,137,138,134,131,118,90,48,27,27,31,33,32,31,27,27,32,48,76,102,120,0,0,0
0,0,78,63,63,85,109,117,73,43,37,35,29,29,33,36,33,27,39,84,119,138,137,131,139,139,135,133,132,130,131,131,131,138,144,141,139,140,131,120,90,54,24,9,6,6,7,7,8,5,8,33,48,54,54,52,51,55,49,45,39,38,31,27,24,27,18,18,15,10,17,13,9,9,11,12,16,20,26,25,27,27,30,31,31,31,31,29,27,26,28,27,32,62,112,133,134,139,138,134,134,133,133,132,132,131,132,130,130,132,134,132,133,131,132,136,140,140,132,123,99,54,26,26,33,33,33,31,29,27,31,49,73,87,111,0,0,0
0,0,107,92,95,114,116,99,60,33,30,29,26,26,27,30,31,27,48,95,126,140,138,130,137,137,134,133,132,132,134,134,129,135,139,137,136,139,135,128,123,98,74,49,28,11,8,9,7,11,34,77,103,111,113,110,109,104,104,103,106,99,99,94,90,92,90,90,85,82,82,78,73,71,57,36,29,30,33,33,29,28,29,29,30,29,28,30,26,29,25,24,42,77,115,128,131,133,134,135,134,134,132,130,131,131,131,130,131,132,134,133,133,131,132,137,141,140,132,124,114,66,29,25,32,33,32,31,29,29,29,45,67,86,111,0,0,0
0,0,146,124,110,121,120,104,52,31,35,31,27,27,27,28,28,29,62,101,127,144,138,129,134,134,131,131,132,134,137,136,130,132,134,133,134,139,140,137,138,133,114,87,65,32,13,9,8,8,39,101,128,143,142,141,140,138,140,139,143,144,147,142,136,140,142,136,130,136,138,135,133,122,99,67,42,33,34,35,30,28,29,30,30,29,26,25,25,28,17,17,37,76,113,128,133,132,132,135,134,134,128,128,131,131,131,129,131,132,133,133,133,131,132,137,141,139,132,124,123,77,33,25,30,33,33,33,31,32,30,42,62,85,112,125,0,0
0,0,155,131,115,123,122,108,43,21,25,25,31,40,36,28,31,29,63,111,134,135,136,133,132,132,130,131,132,135,140,139,135,134,133,131,132,135,139,141,144,145,131,109,98,74,53,39,24,7,36,103,130,141,135,133,133,132,133,137,138,140,140,141,142,148,143,135,132,142,152,156,149,125,92,59,32,26,29,32,30,28,28,28,28,27,25,26,25,21,11,10,23,60,106,130,132,131,128,129,135,138,128,128,130,131,130,128,130,131,132,133,133,131,131,136,139,138,130,123,127,86,43,28,33,32,33,34,33,32,30,35,51,74,105,130,0,0
0,0,122,115,126,141,123,90,43,25,30,27,31,40,39,32,29,32,70,115,138,138,137,133,133,133,131,131,132,135,140,140,142,138,133,131,130,130,134,139,140,140,139,137,138,123,94,57,33,9,39,113,127,139,129,132,137,134,132,133,133,127,123,124,126,134,129,133,133,133,140,145,132,89,44,28,26,26,28,29,27,26,28,35,33,28,26,23,17,12,7,6,10,35,81,113,125,134,136,131,130,132,126,127,128,130,130,129,130,131,132,133,132,131,131,135,138,137,130,121,128,92,51,28,29,30,34,34,34,31,29,30,43,66,91,127,0,0
0,0,89,97,122,139,119,83,34,21,28,28,28,31,31,27,28,31,79,117,138,143,136,133,135,134,133,132,132,134,138,139,142,138,133,133,132,129,131,136,139,138,138,140,139,137,128,106,83,47,60,112,125,133,124,124,128,129,129,129,131,132,131,132,134,137,129,133,139,138,130,114,90,53,28,28,32,29,28,30,30,29,28,32,27,23,22,16,13,12,14,14,12,21,59,104,126,132,136,134,130,130,127,127,128,129,131,130,131,131,133,133,133,132,133,135,138,137,130,121,129,102,63,29,27,31,38,36,34,31,29,32,44,69,89,124,0,0
0,0,85,88,106,124,112,86,31,21,30,32,29,30,30,27,28,35,84,122,137,138,137,132,136,135,134,132,132,133,135,137,138,134,131,135,135,131,132,136,136,136,136,136,130,134,137,133,121,93,92,121,130,137,132,129,130,132,132,134,131,134,135,139,140,133,128,130,139,142,111,70,37,24,26,29,30,34,34,30,35,36,31,28,23,22,18,13,9,10,12,13,10,13,42,95,127,133,137,137,130,127,125,127,128,129,131,131,132,132,133,133,133,133,134,137,138,137,130,122,127,113,79,34,27,30,36,34,32,33,30,34,43,66,97,127,103,0
0,100,94,84,105,125,109,76,42,28,34,34,31,33,34,28,28,36,90,127,135,133,135,133,136,135,134,133,133,133,134,137,136,132,129,134,136,133,134,138,134,135,137,136,123,129,138,140,136,120,115,123,130,133,137,133,131,133,136,135,131,134,136,139,142,127,132,130,127,123,80,35,16,18,29,27,29,35,32,30,30,31,27,24,22,21,14,12,9,10,7,7,8,12,32,79,121,132,134,136,131,130,126,127,129,129,131,131,131,131,134,134,133,132,134,137,138,136,130,124,126,122,92,38,26,30,36,34,32,34,31,35,42,54,95,114,98,0
0,150,110,72,113,123,104,78,43,24,34,36,32,31,29,29,26,41,94,127,138,133,135,135,136,136,134,133,133,133,134,135,138,134,131,131,132,135,137,137,135,135,135,136,131,136,134,137,137,139,137,136,131,130,133,135,132,134,135,133,133,134,136,138,136,132,137,132,112,64,20,14,19,28,35,29,28,29,29,28,27,26,24,24,19,17,14,9,8,8,9,8,7,8,23,65,103,130,137,133,131,131,130,129,130,131,132,132,132,132,133,134,134,132,134,135,136,135,130,125,126,123,89,41,22,27,32,32,33,33,34,36,35,44,86,104,85,0
0,154,115,70,107,122,106,72,30,23,33,34,34,30,28,31,26,54,103,125,138,134,133,136,136,136,134,133,134,134,134,135,138,136,133,131,129,131,136,137,136,134,135,135,138,136,132,132,136,139,135,134,130,134,137,136,135,133,132,135,133,135,132,132,131,140,137,110,66,30,13,17,26,28,26,27,29,29,29,29,25,22,24,31,18,15,10,9,5,6,9,10,6,8,15,49,89,128,137,133,132,133,134,129,131,131,132,132,132,132,133,134,134,133,134,134,134,133,129,126,130,124,89,45,21,25,32,31,33,36,39,35,32,36,85,99,106,0
0,151,113,66,105,126,103,53,36,28,34,31,31,30,34,34,26,57,108,128,138,135,132,134,136,136,134,134,134,134,134,135,136,138,137,132,127,128,135,140,134,133,133,129,139,136,131,130,139,138,130,128,128,138,142,140,133,130,133,136,134,140,140,136,133,134,108,65,24,15,22,30,29,30,30,28,27,29,34,28,24,24,58,57,20,12,10,6,4,2,4,12,9,9,8,37,85,125,139,132,127,134,133,132,132,132,132,132,132,132,133,133,135,134,134,135,133,133,129,127,130,129,97,53,22,25,32,30,31,33,41,38,33,39,85,107,116,0
0,152,126,75,112,128,102,54,32,32,35,30,36,33,28,28,25,51,110,133,137,134,134,137,136,135,134,134,135,134,134,135,136,138,136,131,128,130,137,140,131,135,132,125,138,135,130,133,137,134,128,126,128,136,140,137,129,131,133,133,140,142,143,138,131,119,80,26,14,19,38,42,33,27,27,30,28,25,27,22,31,54,87,80,39,16,15,6,3,2,4,13,11,7,6,33,89,122,134,134,129,134,132,132,133,132,132,132,132,132,133,133,134,134,134,135,132,133,130,129,131,133,105,63,28,25,30,30,32,33,43,37,29,41,86,106,116,0
0,155,137,81,113,126,106,74,28,31,36,28,35,34,27,29,26,57,112,133,138,133,130,134,134,134,133,134,134,134,134,137,139,136,130,128,131,136,138,136,136,131,135,135,133,131,133,134,137,136,134,133,131,133,137,137,134,136,142,136,131,132,144,139,105,60,26,20,22,25,30,31,34,27,26,32,36,25,18,17,64,112,131,98,38,10,6,6,7,7,11,14,3,3,7,18,57,119,139,138,127,127,133,132,132,132,132,132,132,132,132,133,134,134,134,134,131,132,130,130,133,135,107,64,30,28,32,31,33,32,36,32,27,35,88,105,106,0
0,142,108,61,105,126,107,71,28,28,36,27,35,36,29,28,27,57,109,133,139,135,130,133,134,134,134,134,134,134,134,137,140,136,129,127,132,137,137,135,136,133,136,137,133,132,132,135,130,132,138,140,138,134,133,131,131,134,137,138,138,137,127,103,70,32,15,19,41,37,32,28,28,28,29,33,32,24,24,42,103,144,136,99,47,8,6,7,8,5,6,11,6,2,7,22,64,120,131,134,134,131,130,131,132,132,132,132,132,132,132,133,134,134,135,135,132,132,130,130,132,135,105,58,28,31,34,32,34,32,33,32,27,36,75,106,91,0
0,127,85,54,102,128,108,57,30,32,37,28,40,38,28,28,27,58,109,134,137,132,128,132,134,135,135,134,134,134,134,135,138,137,132,130,131,133,136,137,134,133,136,136,132,133,133,134,132,132,137,140,138,136,135,132,134,130,131,139,139,131,95,54,36,22,22,29,42,34,29,29,29,34,35,25,21,35,67,92,129,141,134,95,42,7,5,4,5,7,8,8,3,3,9,24,65,116,130,133,137,135,129,132,133,132,132,132,132,132,133,133,134,134,136,135,132,132,131,132,134,135,106,60,27,31,32,31,32,33,32,30,26,44,67,106,98,0
0,130,98,77,107,128,116,64,29,28,36,29,37,36,29,28,28,60,106,132,137,134,130,133,134,135,135,134,134,134,134,134,136,138,135,131,130,131,135,138,135,132,136,136,134,133,133,134,133,133,136,136,133,134,135,134,145,136,129,130,126,103,54,23,23,31,37,33,28,27,29,32,37,32,27,23,26,63,113,140,139,135,124,92,39,8,4,5,6,6,8,10,3,3,8,22,68,117,129,134,134,131,130,132,133,133,132,132,132,132,133,133,133,134,136,134,132,132,132,133,133,138,112,63,25,32,33,31,34,32,31,30,25,43,70,106,121,0
0,130,83,77,119,132,111,77,38,29,30,28,29,34,28,27,27,62,105,125,137,139,133,134,136,136,135,135,134,133,133,134,134,135,135,133,133,133,135,137,133,135,135,135,135,133,134,134,132,135,136,133,135,135,133,130,126,138,153,144,100,50,20,23,29,36,33,28,29,30,30,35,43,27,23,33,71,117,137,130,132,133,126,95,40,5,5,8,6,5,7,10,6,4,7,20,68,119,133,133,132,128,128,133,134,133,133,133,133,133,133,133,133,134,135,134,132,130,131,133,134,138,117,64,26,28,33,32,33,32,31,31,25,41,75,110,117,0
0,158,117,105,129,129,103,72,35,25,30,27,29,32,29,27,27,61,102,121,137,140,132,136,137,137,136,135,134,133,133,134,133,134,135,134,134,133,134,134,134,134,134,135,134,134,134,133,133,136,138,134,135,135,130,129,134,134,127,101,57,25,17,23,30,37,35,33,31,30,35,33,30,25,37,72,110,134,140,131,134,136,126,91,41,7,4,6,7,5,8,12,6,9,6,17,68,119,133,136,131,125,128,131,134,133,133,133,133,133,133,133,133,134,135,134,132,130,131,134,136,139,118,63,25,26,42,42,37,31,29,27,23,42,73,122,119,0
0,171,149,146,148,137,112,71,23,19,25,29,31,36,31,31,27,55,96,122,135,136,129,133,137,137,137,135,134,133,133,133,133,134,134,134,134,134,134,134,134,134,135,136,134,134,134,134,131,135,139,135,135,133,130,133,134,122,86,47,25,20,27,30,31,31,31,32,38,37,29,27,23,40,79,116,133,139,137,137,135,133,125,95,43,7,4,5,6,9,4,11,7,5,5,14,66,120,130,136,130,125,129,133,134,133,133,133,133,133,133,133,132,134,136,134,132,130,132,134,134,138,118,65,27,26,40,34,35,34,31,29,24,50,80,125,127,162
0,153,141,144,131,118,107,64,32,22,26,27,32,42,31,29,25,50,91,124,132,132,129,132,137,137,137,135,134,133,133,133,134,134,134,134,134,134,134,134,135,134,133,134,133,134,132,133,131,133,134,132,134,133,134,132,121,90,45,15,17,26,32,30,30,31,32,32,32,32,28,25,28,73,118,140,143,138,132,138,135,135,132,102,43,5,4,7,11,5,5,9,7,7,8,13,67,120,127,133,131,128,127,132,134,133,133,133,133,133,133,133,132,134,137,134,132,129,132,134,131,134,112,61,26,27,38,32,32,34,30,27,24,45,69,118,131,158
0,139,126,138,130,110,100,71,47,28,29,28,35,38,30,31,24,51,95,126,133,132,127,134,137,137,137,136,134,133,133,133,133,134,134,134,134,134,133,133,134,134,134,137,139,137,130,129,131,139,138,131,133,140,143,126,81,42,21,20,31,36,32,28,28,30,32,34,32,26,23,29,69,109,132,141,135,127,129,129,130,132,126,94,40,7,4,9,6,5,6,8,9,8,9,14,68,117,126,134,131,128,126,134,134,133,133,133,133,133,133,133,132,134,137,134,132,129,132,133,130,127,103,52,24,27,35,33,32,31,31,26,30,41,76,110,121,0
0,127,119,118,117,114,108,91,51,19,25,36,28,29,32,32,31,40,84,117,131,133,128,132,136,137,137,136,134,133,133,133,132,133,134,134,134,134,133,133,136,136,134,134,136,134,134,136,135,133,132,137,139,133,116,86,43,20,18,25,36,38,30,29,28,30,30,27,26,25,34,76,122,137,131,127,132,133,131,128,129,133,129,94,35,5,5,10,12,4,2,11,4,1,8,23,77,115,125,134,133,131,127,133,134,133,133,133,133,133,133,133,132,134,137,134,132,130,132,133,131,124,99,51,29,28,31,34,31,35,42,27,23,55,89,102,115,0
0,115,115,110,119,125,115,93,57,31,29,33,29,31,31,35,30,29,74,120,133,134,131,135,136,137,137,136,134,133,133,133,133,134,134,134,134,134,134,134,133,134,133,133,132,129,136,139,138,129,132,142,139,123,78,41,22,24,28,28,35,37,31,28,28,28,24,23,23,44,81,113,135,136,134,127,131,138,136,130,128,128,126,95,35,6,6,8,10,8,6,7,5,9,5,20,78,118,133,136,130,126,126,133,134,133,133,133,133,133,133,133,133,135,136,134,132,131,132,133,131,122,91,48,29,28,31,33,32,36,40,27,29,43,85,101,118,0
0,161,149,133,140,140,121,95,61,39,35,32,32,32,32,36,34,29,59,113,130,135,132,134,135,136,136,135,134,133,133,133,133,134,134,134,134,134,134,134,133,132,132,133,132,129,138,138,140,139,145,140,114,90,42,18,23,31,35,31,29,30,31,31,37,29,23,24,39,79,116,130,135,137,137,132,131,132,134,129,127,129,126,95,38,7,5,7,10,10,5,6,6,8,5,19,73,119,133,134,132,129,128,132,134,133,133,133,133,133,133,133,133,135,135,134,131,131,132,134,132,124,84,46,27,30,33,32,33,37,34,32,38,55,94,106,115,0
0,182,167,167,159,147,127,94,58,41,42,31,31,30,34,35,30,32,50,98,127,132,129,132,133,135,137,134,133,134,134,134,134,134,134,134,134,134,134,135,133,132,135,133,133,136,139,137,137,139,144,117,67,33,18,21,27,34,35,32,32,34,30,28,30,25,22,47,88,124,140,135,134,133,135,136,130,130,133,128,126,131,129,92,36,7,6,8,11,10,5,7,6,8,5,18,68,118,137,133,130,133,130,133,134,134,134,134,134,134,134,134,133,134,134,134,133,131,132,133,133,126,84,45,27,30,32,31,36,40,36,35,34,63,94,104,104,0
0,0,188,184,168,144,129,103,69,38,38,32,32,33,33,34,28,28,46,92,125,134,126,128,134,135,136,134,134,134,134,134,134,134,134,134,134,134,133,134,135,135,132,127,126,139,141,135,134,132,111,71,28,15,20,32,32,29,30,32,34,36,33,27,25,29,51,86,119,138,139,137,135,135,133,131,129,129,131,131,128,133,128,89,33,6,6,6,7,10,10,10,7,5,5,21,68,119,135,133,131,134,131,133,134,134,134,134,134,134,134,134,133,133,134,134,133,132,133,134,133,117,72,36,25,28,30,28,29,45,39,29,28,63,91,115,139,0
0,0,194,194,180,145,127,111,79,37,24,30,31,27,32,32,30,29,48,84,122,131,130,130,134,134,134,134,134,134,134,134,134,134,134,134,135,134,134,135,136,136,131,129,132,139,141,141,133,112,70,27,19,28,35,34,28,28,30,31,34,35,27,25,28,55,97,127,141,139,132,137,137,138,135,129,126,128,129,127,127,134,129,89,32,6,6,6,7,7,8,8,9,3,3,19,70,121,133,133,131,135,132,133,134,134,134,134,134,134,134,133,134,134,133,133,133,133,133,134,128,104,58,28,25,29,31,27,28,37,37,31,41,69,100,129,159,0
0,0,195,204,185,142,127,108,97,52,27,33,36,30,37,35,34,27,36,75,113,130,134,135,135,133,134,134,134,134,134,134,134,134,134,134,134,134,134,136,137,136,133,130,136,138,142,137,109,74,35,14,25,39,38,31,33,33,32,31,31,30,26,26,51,95,130,147,151,144,136,133,130,134,137,131,122,126,131,127,128,134,126,86,30,5,4,6,8,6,4,5,11,6,4,15,71,123,131,132,131,135,132,132,134,134,134,134,134,134,133,133,132,131,131,132,134,135,136,137,118,89,47,23,25,30,34,28,28,42,35,38,59,86,112,127,0,0
0,0,194,204,198,163,129,102,98,57,18,30,36,28,34,34,35,28,35,71,114,132,136,137,136,134,135,135,134,134,134,134,134,134,134,134,134,133,134,136,140,134,128,127,141,151,143,105,54,25,21,25,28,38,25,36,35,33,32,30,28,24,29,61,107,130,135,136,132,127,133,135,136,135,137,134,127,131,133,127,124,135,132,93,32,4,4,8,5,4,3,4,13,9,4,14,72,125,130,132,131,135,133,133,134,134,134,134,134,134,133,133,132,131,131,132,134,136,137,137,114,77,35,21,28,34,36,30,29,37,34,25,53,100,120,115,0,0
0,0,195,201,198,171,142,113,113,80,38,30,31,41,32,31,36,37,40,42,93,126,139,135,136,134,135,136,134,134,134,134,134,134,134,134,134,134,135,137,141,137,135,139,143,136,103,58,25,19,21,30,25,26,31,37,29,32,32,31,25,33,69,108,140,143,137,134,131,134,136,130,132,135,137,131,126,129,132,131,128,133,126,89,33,4,4,5,6,2,1,6,14,7,4,18,75,127,131,132,132,136,133,133,134,134,134,134,134,134,134,133,134,133,132,132,133,134,134,134,107,65,29,22,26,30,32,32,30,29,31,42,69,97,118,103,0,0
0,0,0,196,200,176,141,119,113,86,47,28,26,42,36,35,35,37,38,40,86,124,138,135,135,134,136,136,133,133,134,134,134,134,134,134,134,134,134,137,139,137,141,147,132,98,51,29,25,28,32,34,31,31,42,41,33,28,25,28,44,68,104,137,141,138,137,135,134,132,132,130,134,136,135,129,127,130,131,129,128,133,125,88,34,5,3,4,8,2,2,8,14,5,4,22,76,128,132,131,132,137,133,133,134,134,134,134,134,134,134,134,133,134,134,133,133,132,132,132,104,57,25,23,30,37,35,32,31,33,29,47,74,101,111,103,0,0
0,0,0,200,204,179,141,111,115,90,60,31,26,39,36,37,37,37,35,33,73,110,139,140,135,134,137,136,133,133,134,134,134,134,133,134,134,133,133,134,131,132,139,134,101,57,17,16,25,27,37,41,37,35,34,37,36,27,24,41,75,100,131,150,137,135,137,134,138,134,131,132,133,132,131,129,130,133,132,130,130,133,124,85,32,4,4,6,6,3,6,8,13,4,5,22,76,127,132,130,133,137,133,133,134,134,134,134,134,134,134,134,136,137,137,136,133,131,130,129,91,49,25,24,31,39,37,35,32,33,33,49,81,110,101,76,0,0
0,0,0,194,190,195,179,151,127,94,64,38,29,36,37,33,36,37,32,30,45,84,129,153,134,136,138,137,132,132,135,135,134,132,130,133,134,132,132,136,144,150,135,85,38,19,29,46,32,31,34,34,36,35,31,31,26,24,36,68,112,136,135,133,133,132,132,133,136,135,133,133,132,132,132,131,132,133,134,131,131,134,124,84,30,4,4,7,6,6,7,9,10,6,5,22,77,127,133,130,134,135,134,133,134,133,133,132,134,136,135,134,139,141,141,137,132,131,130,121,78,44,29,26,30,33,35,38,35,30,33,62,108,119,85,44,0,0
0,0,0,195,196,201,184,157,129,97,70,43,27,30,34,34,34,33,28,26,37,70,114,144,135,136,138,139,132,132,135,133,130,131,132,134,135,133,134,138,134,120,91,54,23,18,25,32,31,34,37,34,32,30,30,27,25,37,71,108,130,140,134,125,128,132,132,132,135,135,133,134,133,134,133,132,132,132,133,133,132,134,123,82,29,4,4,8,6,6,8,10,13,5,6,24,77,127,133,129,135,135,135,134,134,133,134,133,134,136,135,135,139,142,140,134,132,135,133,113,62,38,28,29,32,33,35,35,35,31,39,66,112,135,118,0,0,0
0,0,0,190,197,201,181,155,133,105,82,54,29,26,32,34,36,34,30,28,35,59,100,133,134,136,140,140,131,131,136,136,132,130,133,135,137,136,139,141,121,84,40,22,22,27,30,29,32,34,36,36,31,26,26,29,41,75,118,137,130,129,132,131,133,136,134,131,133,131,129,131,132,134,135,134,135,132,132,134,134,136,122,79,29,4,4,8,5,7,12,8,11,6,8,25,77,127,135,127,135,135,134,134,135,134,135,134,134,136,135,133,134,138,139,131,133,138,131,98,52,32,29,32,35,33,36,35,30,30,42,67,110,144,154,0,0,0
0,0,0,0,214,216,198,174,134,115,100,72,39,28,33,36,37,36,35,35,39,56,89,122,133,140,141,138,131,131,137,139,134,130,130,136,142,143,139,124,83,48,17,19,27,34,35,33,34,36,35,32,31,29,28,47,82,120,145,144,132,130,132,137,136,136,133,131,132,132,131,132,130,133,135,135,136,132,131,135,137,136,119,74,29,5,4,7,5,7,15,8,8,7,9,27,78,127,136,128,135,135,134,134,135,134,134,134,134,136,135,130,131,132,134,131,137,140,122,80,48,28,29,30,33,32,33,34,30,29,42,77,116,141,0,0,0,0
0,0,0,0,228,229,214,195,126,118,112,88,54,35,35,36,35,33,34,38,41,48,73,104,127,139,138,133,132,133,135,138,136,134,132,135,140,139,126,92,47,21,22,38,41,31,31,33,33,42,42,28,23,22,46,88,116,132,131,130,139,141,132,132,132,133,133,132,133,136,137,134,132,133,134,134,135,131,129,136,137,137,117,73,30,7,5,7,7,7,13,13,10,5,9,30,82,129,136,129,137,136,135,134,134,132,134,135,134,134,134,133,134,132,133,135,138,131,102,62,42,28,29,30,32,32,34,33,32,30,49,96,125,125,0,0,0,0
0,0,0,0,193,192,178,166,118,114,109,92,65,41,34,35,32,31,32,37,39,39,53,83,118,139,138,131,135,135,134,138,137,138,136,137,133,117,91,52,31,19,25,35,38,31,31,33,40,43,31,27,24,45,85,125,140,141,129,126,135,139,133,133,133,132,132,133,133,135,137,134,133,133,134,133,135,131,128,135,137,139,119,73,29,7,5,8,8,8,9,17,13,3,10,30,88,131,133,131,138,137,136,134,133,131,134,137,134,131,133,138,138,133,134,139,138,118,78,46,36,31,31,31,32,34,39,36,34,36,62,107,130,119,0,0,0,0
0,0,0,0,156,151,142,136,125,117,106,94,77,51,36,35,34,32,33,38,40,36,40,62,105,134,137,133,139,139,135,141,143,143,138,133,117,84,50,23,24,24,26,29,36,34,32,34,34,29,26,29,56,89,128,137,137,137,137,131,126,130,134,138,135,132,131,133,133,134,135,135,133,133,134,134,136,131,128,134,136,139,118,72,26,5,4,10,8,9,7,14,13,5,10,30,90,131,131,132,137,136,136,135,134,132,135,136,135,132,133,138,137,132,133,139,136,105,57,35,31,32,33,33,32,34,37,35,29,52,87,118,128,0,0,0,0,0
0,0,0,0,0,155,151,148,143,127,109,101,91,62,40,38,37,35,37,39,43,38,35,49,84,118,127,130,143,144,139,142,147,144,130,108,78,42,19,18,26,33,31,29,32,33,33,31,28,25,29,53,86,122,142,138,133,130,138,136,128,132,137,135,135,133,131,132,134,136,136,134,134,134,135,134,135,131,128,133,134,137,116,69,23,5,4,11,9,8,7,11,13,7,9,31,91,132,130,134,136,135,136,136,135,134,135,134,135,136,135,135,133,133,137,138,126,86,39,28,31,31,36,36,34,32,30,30,26,63,101,123,124,0,0,0,0,0
0,0,0,0,0,181,195,210,179,148,118,111,98,66,46,39,40,38,33,36,39,36,34,41,53,97,134,147,144,143,140,139,135,133,111,69,30,20,24,31,34,37,34,33,39,36,30,25,20,31,62,96,131,141,147,142,132,130,134,135,135,136,134,135,136,132,130,132,136,137,135,134,134,134,135,134,135,131,127,132,133,135,115,67,22,5,4,11,8,6,8,7,11,6,10,32,93,132,130,134,135,134,135,137,135,132,131,133,136,138,134,131,133,137,141,133,109,69,38,35,35,32,35,33,32,31,26,25,29,79,108,108,115,0,0,0,0,0
0,0,0,0,0,0,209,210,187,165,134,118,105,81,60,45,36,33,32,36,39,36,31,33,41,71,109,138,143,139,142,147,133,104,70,38,21,19,27,38,35,30,31,35,37,35,26,23,30,63,92,119,144,147,137,132,130,129,134,136,138,136,134,134,135,134,134,133,133,134,135,135,135,135,135,134,135,131,127,132,132,135,115,68,22,5,5,12,7,7,7,5,12,8,9,30,97,134,135,132,129,133,138,136,135,132,132,131,138,134,129,127,132,142,140,119,82,43,30,33,35,31,31,32,34,32,24,28,47,89,112,121,0,0,0,0,0,0
0,0,0,0,0,0,210,199,191,182,154,126,111,96,76,53,35,31,34,38,38,36,32,33,39,51,80,118,139,141,146,144,116,64,32,25,30,28,29,34,29,30,34,35,31,26,21,35,61,104,130,139,141,140,133,134,131,129,132,135,136,135,135,135,134,136,137,133,130,132,136,137,135,135,135,133,134,131,127,131,133,139,119,72,25,4,5,11,7,7,5,2,11,8,10,36,98,131,133,130,131,134,136,137,136,134,130,130,137,134,128,128,131,142,134,97,55,26,29,34,33,33,32,32,31,28,23,38,71,101,116,131,0,0,0,0,0,0
0,0,0,0,0,0,0,192,195,202,179,137,114,108,90,58,40,34,38,37,35,33,33,37,37,38,54,95,135,148,139,111,71,35,24,30,32,28,28,27,33,40,40,33,26,24,32,70,97,129,140,131,126,134,137,133,133,131,130,131,132,131,134,135,134,136,139,135,130,131,135,137,134,135,134,133,133,130,128,131,133,140,119,73,25,4,5,9,8,6,5,2,10,8,11,40,98,132,132,129,131,134,135,137,138,138,132,131,135,137,133,133,134,134,118,75,38,26,31,32,32,35,33,31,29,28,33,56,90,118,133,0,0,0,0,0,0,0
0,0,0,0,0,0,0,201,206,214,196,156,126,116,99,69,49,41,40,35,33,33,33,38,36,29,34,71,122,138,108,56,30,29,35,36,29,28,32,29,30,34,37,34,24,22,57,115,144,150,142,131,132,138,141,139,135,134,134,134,134,134,135,134,134,136,139,137,132,131,134,134,134,135,134,133,132,130,129,133,133,138,115,68,22,4,7,11,12,9,7,4,7,7,11,40,95,128,132,136,132,132,134,136,137,137,137,132,135,134,138,137,132,115,87,52,29,28,33,31,32,35,36,32,27,26,44,74,97,125,142,0,0,0,0,0,0,0
0,0,0,0,0,0,0,0,209,213,201,170,142,124,106,80,60,47,38,32,34,36,35,36,37,31,29,47,83,96,65,22,19,30,35,32,30,33,34,29,33,33,29,27,38,64,103,133,143,148,139,132,132,137,139,137,135,134,134,134,134,134,134,133,134,134,136,136,134,133,134,134,134,135,134,133,132,130,131,136,135,137,112,63,20,5,6,10,12,11,11,8,5,5,12,42,92,126,132,140,136,132,131,136,134,136,139,137,134,135,141,141,126,92,54,35,28,31,35,31,32,34,36,32,27,30,56,89,104,130,152,0,0,0,0,0,0,0
0,0,0,0,0,0,0,0,209,205,199,187,162,129,106,94,79,60,41,32,33,38,37,35,34,35,37,34,38,44,35,26,26,30,29,28,31,33,32,29,30,27,22,34,74,119,142,140,135,137,139,141,136,133,135,135,137,134,135,133,134,134,134,134,134,133,134,134,134,134,134,135,134,134,133,133,132,130,132,137,136,135,110,61,19,5,6,8,10,10,13,14,8,4,11,43,98,135,137,134,135,136,133,135,133,135,138,141,137,139,140,134,110,68,34,28,33,35,34,32,33,32,32,31,36,50,77,103,112,122,0,0,0,0,0,0,0,0
0,0,0,0,0,0,0,0,0,198,198,198,176,134,110,107,101,76,49,36,33,38,39,35,36,37,43,35,24,22,22,37,36,30,28,29,31,31,30,28,34,33,38,68,111,146,153,136,133,132,134,139,138,132,135,137,137,133,135,134,135,135,133,134,134,134,134,134,134,134,134,134,135,134,133,133,132,130,132,138,136,134,109,60,20,9,9,12,13,9,10,15,10,3,10,42,102,135,139,133,133,138,135,136,132,133,137,138,140,140,134,117,84,45,23,23,35,37,32,34,33,33,30,30,42,64,92,113,120,0,0,0,0,0,0,0,0,0
0,0,0,0,0,0,0,0,0,186,195,203,189,166,144,118,117,85,50,32,32,35,41,40,42,42,37,30,27,40,41,32,36,33,31,30,29,28,26,24,18,28,85,122,134,136,139,147,140,137,134,134,135,133,134,135,134,134,134,134,134,134,134,134,134,134,134,134,134,134,134,134,134,133,134,133,131,130,133,137,136,142,108,58,26,7,5,6,11,9,9,16,10,2,6,44,103,135,137,134,133,136,135,138,130,129,131,138,151,157,129,88,58,37,33,28,32,32,33,34,33,29,28,29,24,64,111,121,67,0,0,0,0,0,0,0,0,0
0,0,0,0,0,0,0,0,0,0,195,205,203,185,157,126,121,100,71,45,34,32,35,38,41,42,39,33,30,37,37,32,31,32,32,30,27,26,25,29,44,64,109,138,143,140,135,142,138,141,137,129,133,135,134,134,134,134,134,134,134,134,134,134,134,134,134,134,134,134,134,134,135,134,134,133,132,131,134,138,139,140,102,47,18,5,5,5,6,5,4,6,4,2,5,44,101,133,136,134,131,133,134,133,128,125,131,144,149,138,99,56,34,28,31,29,29,30,33,36,35,28,29,35,50,95,137,137,0,0,0,0,0,0,0,0,0,0
0,0,0,0,0,0,0,0,0,0,194,199,208,198,167,134,122,111,95,65,40,31,30,36,33,37,38,35,33,35,36,33,33,34,31,32,32,26,23,38,91,109,134,138,131,139,136,138,136,132,134,133,134,134,135,133,134,134,134,134,134,134,134,134,134,134,134,134,134,134,134,134,134,133,134,133,132,131,134,137,139,137,100,46,18,9,7,8,7,6,5,7,8,3,9,45,99,135,139,132,138,141,128,128,128,129,138,148,134,101,61,35,30,26,25,27,31,32,35,38,36,32,34,49,82,113,134,0,0,0,0,0,0,0,0,0,0,0
0,0,0,0,0,0,0,0,0,0,0,190,203,203,179,154,126,118,112,86,53,38,30,31,36,35,34,34,34,32,33,34,32,31,30,29,26,28,47,80,118,137,146,146,134,145,145,130,128,130,133,131,133,133,134,135,134,134,134,134,134,134,134,134,134,134,134,134,134,134,134,134,134,133,134,133,133,132,135,138,134,132,109,73,53,47,43,44,35,30,26,44,48,43,30,71,105,140,144,129,133,140,132,128,126,141,146,133,99,59,34,34,37,29,24,27,33,33,34,36,32,36,51,80,113,121,125,0,0,0,0,0,0,0,0,0,0,0
0,0,0,0,0,0,0,0,0,0,0,185,193,200,194,184,144,133,127,104,72,51,36,31,35,36,37,36,34,31,32,33,32,30,28,27,27,50,93,135,148,143,127,133,143,141,129,132,133,133,134,134,136,135,133,135,134,134,134,134,134,134,134,134,134,134,134,134,134,134,134,134,134,134,134,134,134,133,136,138,135,130,119,104,99,100,98,98,94,88,83,83,89,79,57,91,117,134,136,140,139,124,131,140,130,148,137,95,52,28,24,35,37,30,29,32,36,34,34,35,29,37,63,99,120,115,0,0,0,0,0,0,0,0,0,0,0,0
0,0,0,0,0,0,0,0,0,0,0,0,188,194,203,204,172,147,129,112,92,67,44,35,31,32,38,41,37,32,32,32,31,31,32,30,41,92,139,150,152,144,130,137,141,132,133,136,134,137,135,131,132,135,133,135,134,134,134,134,134,135,134,133,134,134,134,134,134,134,134,134,134,134,134,133,134,133,136,137,135,130,126,121,123,131,132,131,130,125,117,121,124,118,103,114,133,143,146,139,136,125,140,148,140,133,99,49,19,17,27,35,34,30,33,37,42,40,32,29,28,47,80,119,133,119,0,0,0,0,0,0,0,0,0,0,0,0
0,0,0,0,0,0,0,0,0,0,0,0,0,194,205,206,198,162,130,116,106,83,58,43,35,26,30,42,42,34,32,34,37,34,30,32,64,113,139,137,138,134,136,134,137,137,142,144,132,131,141,148,136,135,136,135,135,135,135,135,136,136,136,134,134,134,134,134,134,134,134,134,134,133,134,133,134,133,134,135,132,130,132,133,134,140,140,138,140,142,137,138,141,141,148,136,137,135,141,127,130,133,144,143,129,91,49,21,16,21,32,34,32,31,32,36,43,43,32,30,47,72,99,127,144,0,0,0,0,0,0,0,0,0,0,0,0,0
0,0,0,0,0,0,0,0,0,0,0,0,0,0,202,200,212,180,148,126,110,91,75,57,30,22,28,42,42,38,36,37,36,35,32,31,55,83,101,116,130,134,142,133,143,144,144,141,133,132,140,145,136,137,136,136,135,135,135,135,136,136,135,134,134,134,134,134,134,134,134,134,134,134,135,135,135,133,133,133,133,131,134,137,136,139,138,134,135,138,136,137,139,145,148,136,128,129,134,125,150,150,133,108,102,50,15,15,26,29,33,32,36,36,33,33,37,40,40,52,79,98,111,124,0,0,0,0,0,0,0,0,0,0,0,0,0,0
0,0,0,0,0,0,0,0,0,0,0,0,0,0,0,212,210,203,185,143,112,90,86,98,47,29,28,26,29,34,43,35,37,33,32,30,26,37,59,85,125,129,137,134,136,140,136,135,136,137,140,141,139,137,137,135,136,135,136,136,136,136,136,136,136,136,135,134,134,134,135,136,134,133,133,135,135,131,131,134,134,132,132,135,136,138,136,133,133,136,133,134,131,133,145,137,134,133,132,126,147,146,112,75,40,30,30,34,32,31,36,41,45,38,33,33,33,26,25,82,130,119,105,90,0,0,0,0,0,0,0,0,0,0,0,0,0,0
0,0,0,0,0,0,0,0,0,0,0,0,0,0,0,209,209,207,201,160,115,93,99,117,69,49,42,33,29,42,45,37,35,31,31,30,26,22,28,59,101,116,118,118,125,138,140,130,129,130,131,135,136,134,135,135,136,135,136,136,136,136,136,136,136,136,134,133,134,134,134,136,137,134,134,137,136,131,129,133,136,135,132,134,136,137,134,133,130,136,132,129,130,138,138,136,139,145,137,136,127,98,68,39,17,27,37,38,32,30,37,38,35,35,36,37,29,26,59,100,125,124,132,0,0,0,0,0,0,0,0,0,0,0,0,0,0,0
0,0,0,0,0,0,0,0,0,0,0,0,0,0,0,0,196,200,208,181,134,110,117,132,97,72,47,28,27,42,54,43,36,33,30,38,40,32,29,37,35,62,82,105,134,145,147,139,134,130,126,128,135,135,137,137,138,136,136,137,136,136,136,136,136,136,134,134,134,134,134,135,137,138,138,134,134,136,134,133,139,139,135,136,139,138,133,133,135,132,133,126,128,135,130,136,140,145,131,117,76,31,23,22,22,35,42,41,35,30,37,38,34,31,31,34,35,61,96,116,114,132,0,0,0,0,0,0,0,0,0,0,0,0,0,0,0,0
0,0,0,0,0,0,0,0,0,0,0,0,0,0,0,0,0,186,197,195,174,155,141,128,108,96,68,36,23,28,45,44,38,37,36,34,34,32,25,23,20,30,64,96,115,130,140,140,141,141,136,132,138,137,138,137,138,136,136,136,136,136,136,136,134,134,134,134,134,134,133,134,136,137,136,130,129,134,133,130,137,138,137,138,141,137,131,129,130,131,134,133,140,146,151,138,132,123,104,71,47,24,21,28,29,36,42,44,38,31,36,40,46,30,28,29,63,105,121,121,145,0,0,0,0,0,0,0,0,0,0,0,0,0,0,0,0,0
0,0,0,0,0,0,0,0,0,0,0,0,0,0,0,0,0,0,179,193,201,192,158,114,100,105,97,73,50,35,32,37,34,37,34,38,44,37,35,39,39,31,31,43,54,80,104,142,144,153,147,140,136,138,138,140,137,135,135,136,136,136,137,136,134,134,134,134,135,134,134,134,134,136,136,130,130,135,135,131,137,138,138,139,139,135,130,128,124,121,133,145,149,145,151,135,109,67,25,24,16,19,24,29,31,32,38,42,42,39,39,36,37,28,31,58,99,126,118,122,0,0,0,0,0,0,0,0,0,0,0,0,0,0,0,0,0,0
0,0,0,0,0,0,0,0,0,0,0,0,0,0,0,0,0,0,0,188,209,206,160,95,100,112,113,98,83,59,44,41,35,30,31,31,38,41,39,39,32,29,26,27,28,42,67,112,112,128,130,125,139,139,139,139,138,137,136,137,137,137,137,136,135,135,134,134,134,134,134,135,134,135,133,130,130,134,136,134,135,135,137,138,138,137,139,141,137,133,131,141,141,131,124,98,77,39,13,19,30,36,35,43,38,30,30,33,39,44,38,31,25,40,72,106,133,130,118,0,0,0,0,0,0,0,0,0,0,0,0,0,0,0,0,0,0,0
0,0,0,0,0,0,0,0,0,0,0,0,0,0,0,0,0,0,0,0,205,196,147,85,109,95,87,95,108,89,70,52,36,26,36,47,48,40,37,35,30,32,37,35,37,34,37,47,70,87,101,116,117,133,147,150,140,138,137,138,137,137,137,136,136,136,134,134,134,134,134,135,136,133,130,133,132,130,132,134,130,130,133,134,136,137,140,143,144,148,144,126,100,76,53,38,37,28,29,41,46,43,31,26,48,37,31,31,32,34,28,26,37,72,113,131,128,131,0,0,0,0,0,0,0,0,0,0,0,0,0,0,0,0,0,0,0,0
0,0,0,0,0,0,0,0,0,0,0,0,0,0,0,0,0,0,0,0,0,194,141,87,117,115,122,127,127,112,81,55,49,29,28,33,41,44,42,40,36,37,36,33,40,36,30,36,41,57,71,88,102,116,129,135,138,136,136,137,138,138,138,137,138,138,137,137,137,137,137,138,138,138,137,140,140,138,141,139,133,133,134,134,135,130,126,125,134,128,106,77,51,33,19,18,28,29,37,40,39,38,41,41,47,38,32,32,32,34,33,39,68,101,135,141,127,0,0,0,0,0,0,0,0,0,0,0,0,0,0,0,0,0,0,0,0,0
0,0,0,0,0,0,0,0,0,0,0,0,0,0,0,0,0,0,0,0,0,0,106,99,95,161,186,135,95,114,132,108,86,69,50,35,37,42,43,41,42,41,41,37,35,33,32,34,39,46,42,45,58,75,93,105,125,131,130,140,140,139,139,141,144,146,142,145,144,145,145,144,141,140,139,140,139,139,138,139,136,138,139,141,144,133,123,109,74,57,45,36,25,26,35,39,32,31,36,37,36,38,41,40,35,34,35,37,30,23,33,70,110,130,116,112,0,0,0,0,0,0,0,0,0,0,0,0,0,0,0,0,0,0,0,0,0,0
0,0,0,0,0,0,0,0,0,0,0,0,0,0,0,0,0,0,0,0,0,0,0,115,112,178,201,175,150,134,127,130,105,89,63,39,32,36,42,45,43,41,39,39,40,40,38,34,33,29,28,29,40,53,62,76,85,93,104,118,128,133,134,136,139,142,147,147,146,144,143,142,142,143,143,143,141,139,140,138,132,131,126,118,109,93,80,64,42,33,28,24,21,25,34,41,35,36,38,35,33,34,38,42,49,35,28,26,29,44,75,110,117,133,140,161,0,0,0,0,0,0,0,0,0,0,0,0,0,0,0,0,0,0,0,0,0,0
0,0,0,0,0,0,0,0,0,0,0,0,0,0,0,0,0,0,0,0,0,0,0,0,122,177,209,214,194,137,98,109,120,108,83,56,36,27,28,33,39,44,49,48,45,43,48,48,38,36,39,36,36,35,31,36,36,43,49,57,76,90,94,98,102,104,117,117,114,113,109,108,122,123,121,117,114,111,109,98,89,81,72,64,50,35,29,22,27,30,35,39,41,39,37,38,34,33,36,36,34,32,33,36,59,38,26,33,63,98,117,119,113,117,151,0,0,0,0,0,0,0,0,0,0,0,0,0,0,0,0,0,0,0,0,0,0,0
0,0,0,0,0,0,0,0,0,0,0,0,0,0,0,0,0,0,0,0,0,0,0,0,0,137,173,188,166,105,69,89,108,112,106,97,79,61,49,47,45,46,47,43,42,42,48,48,50,51,48,42,40,36,35,36,25,26,26,35,41,47,52,57,67,74,74,76,77,75,74,75,82,83,82,78,74,70,66,57,44,36,30,28,22,17,19,22,32,36,41,44,49,46,37,33,32,32,39,40,36,31,31,33,42,47,58,78,108,131,131,118,119,0,0,0,0,0,0,0,0,0,0,0,0,0,0,0,0,0,0,0,0,0,0,0,0,0
0,0,0,0,0,0,0,0,0,0,0,0,0,0,0,0,0,0,0,0,0,0,0,0,0,0,95,95,86,56,38,61,100,118,125,130,123,105,83,68,45,41,39,34,37,40,46,49,53,51,45,43,44,40,38,37,33,33,23,22,25,25,24,27,28,26,33,35,34,37,36,35,37,37,37,37,35,30,26,28,33,34,33,35,36,36,39,40,40,38,35,34,38,40,38,36,36,37,40,38,35,30,31,36,36,70,101,115,124,133,133,126,0,0,0,0,0,0,0,0,0,0,0,0,0,0,0,0,0,0,0,0,0,0,0,0,0,0
0,0,0,0,0,0,0,0,0,0,0,0,0,0,0,0,0,0,0,0,0,0,0,0,0,0,0,58,61,61,49,54,88,95,84,87,105,118,111,93,58,49,44,38,37,38,41,45,44,42,44,47,49,42,33,30,35,42,43,41,43,48,48,44,38,35,39,38,37,38,39,37,39,37,36,37,35,32,29,37,44,48,48,48,48,48,46,43,40,36,33,31,33,38,40,42,38,35,32,32,35,33,43,64,70,96,119,124,125,139,149,0,0,0,0,0,0,0,0,0,0,0,0,0,0,0,0,0,0,0,0,0,0,0,0,0,0,0
0,0,0,0,0,0,0,0,0,0,0,0,0,0,0,0,0,0,0,0,0,0,0,0,0,0,0,0,0,97,85,97,91,78,44,46,85,123,131,116,104,82,62,49,44,44,45,41,36,32,37,42,42,44,44,46,47,50,47,48,52,52,48,45,41,37,44,44,44,46,45,44,44,45,45,43,41,39,39,44,53,52,49,46,44,43,42,40,39,38,38,39,42,43,44,46,39,31,28,35,45,49,67,92,113,106,110,125,138,0,0,0,0,0,0,0,0,0,0,0,0,0,0,0,0,0,0,0,0,0,0,0,0,0,0,0,0,0
0,0,0,0,0,0,0,0,0,0,0,0,0,0,0,0,0,0,0,0,0,0,0,0,0,0,0,0,0,0,80,119,140,125,90,87,111,124,114,94,105,92,82,75,62,54,51,43,37,29,31,35,32,36,43,48,52,50,35,39,38,39,43,42,47,52,46,49,51,50,49,50,50,48,48,48,48,44,43,43,47,43,40,38,38,40,44,43,43,43,45,48,51,48,44,43,37,26,31,52,74,88,99,108,131,117,122,145,0,0,0,0,0,0,0,0,0,0,0,0,0,0,0,0,0,0,0,0,0,0,0,0,0,0,0,0,0,0
0,0,0,0,0,0,0,0,0,0,0,0,0,0,0,0,0,0,0,0,0,0,0,0,0,0,0,0,0,0,0,0,215,199,179,148,107,68,49,55,98,111,123,115,105,96,75,50,43,21,20,21,24,31,36,40,50,52,51,49,41,38,42,43,46,48,44,47,47,46,47,47,48,47,48,48,47,44,41,43,43,41,38,42,42,38,41,43,39,40,41,42,47,45,27,21,21,42,78,110,129,133,124,112,98,113,0,0,0,0,0,0,0,0,0,0,0,0,0,0,0,0,0,0,0,0,0,0,0,0,0,0,0,0,0,0,0,0
0,0,0,0,0,0,0,0,0,0,0,0,0,0,0,0,0,0,0,0,0,0,0,0,0,0,0,0,0,0,0,0,0,186,174,155,125,93,70,65,102,105,106,106,110,108,97,77,55,42,49,51,39,29,31,31,34,29,32,36,38,40,38,39,42,44,43,49,48,43,46,44,42,42,41,40,42,41,37,37,42,40,37,41,39,33,34,36,30,29,28,27,28,39,46,50,82,103,115,114,110,112,125,144,151,0,0,0,0,0,0,0,0,0,0,0,0,0,0,0,0,0,0,0,0,0,0,0,0,0,0,0,0,0,0,0,0,0
0,0,0,0,0,0,0,0,0,0,0,0,0,0,0,0,0,0,0,0,0,0,0,0,0,0,0,0,0,0,0,0,0,0,0,147,148,136,121,126,100,79,70,77,101,115,119,122,120,107,90,74,59,43,35,33,35,33,29,24,29,35,30,34,41,43,42,48,49,46,46,47,41,42,39,39,42,42,41,39,40,38,37,40,37,31,30,32,26,28,27,28,35,59,87,106,138,141,131,117,104,109,140,175,0,0,0,0,0,0,0,0,0,0,0,0,0,0,0,0,0,0,0,0,0,0,0,0,0,0,0,0,0,0,0,0,0,0
0,0,0,0,0,0,0,0,0,0,0,0,0,0,0,0,0,0,0,0,0,0,0,0,0,0,0,0,0,0,0,0,0,0,0,0,174,177,180,195,145,131,121,123,125,112,116,137,128,122,110,102,96,83,66,51,46,46,32,29,29,26,24,25,24,25,22,28,28,29,30,32,32,34,31,31,33,34,34,34,32,31,29,31,31,33,34,37,43,56,65,75,88,105,120,123,127,117,112,130,148,0,0,0,0,0,0,0,0,0,0,0,0,0,0,0,0,0,0,0,0,0,0,0,0,0,0,0,0,0,0,0,0,0,0,0,0,0
0,0,0,0,0,0,0,0,0,0,0,0,0,0,0,0,0,0,0,0,0,0,0,0,0,0,0,0,0,0,0,0,0,0,0,0,0,0,206,224,218,196,181,176,168,141,116,116,117,112,125,138,132,123,110,90,87,68,46,38,37,36,24,26,20,18,22,28,26,23,30,30,29,29,25,26,29,29,30,30,32,38,40,40,40,49,59,67,72,84,100,119,134,136,126,106,89,85,100,0,0,0,0,0,0,0,0,0,0,0,0,0,0,0,0,0,0,0,0,0,0,0,0,0,0,0,0,0,0,0,0,0,0,0,0,0,0,0
0,0,0,0,0,0,0,0,0,0,0,0,0,0,0,0,0,0,0,0,0,0,0,0,0,0,0,0,0,0,0,0,0,0,0,0,0,0,0,0,198,197,188,194,194,173,149,128,105,87,94,110,115,115,113,103,95,109,97,94,88,82,78,79,75,70,60,63,56,50,52,57,53,51,48,50,56,57,57,58,65,74,81,80,79,86,94,101,105,105,104,113,120,112,105,102,95,0,0,0,0,0,0,0,0,0,0,0,0,0,0,0,0,0,0,0,0,0,0,0,0,0,0,0,0,0,0,0,0,0,0,0,0,0,0,0,0,0
0,0,0,0,0,0,0,0,0,0,0,0,0,0,0,0,0,0,0,0,0,0,0,0,0,0,0,0,0,0,0,0,0,0,0,0,0,0,0,0,0,0,0,194,188,177,145,99,81,47,29,36,58,76,95,105,108,120,117,132,134,127,125,128,125,100,119,110,107,105,101,101,98,96,96,98,104,106,104,106,108,108,111,114,117,120,117,115,116,112,97,97,99,88,0,0,0,0,0,0,0,0,0,0,0,0,0,0,0,0,0,0,0,0,0,0,0,0,0,0,0,0,0,0,0,0,0,0,0,0,0,0,0,0,0,0,0,0
0,0,0,0,0,0,0,0,0,0,0,0,0,0,0,0,0,0,0,0,0,0,0,0,0,0,0,0,0,0,0,0,0,0,0,0,0,0,0,0,0,0,0,0,0,0,118,98,37,7,5,27,57,85,119,138,117,115,103,103,97,110,125,126,124,111,126,121,120,117,111,108,115,116,117,118,120,119,116,119,112,106,106,111,119,122,117,115,112,110,97,105,0,0,0,0,0,0,0,0,0,0,0,0,0,0,0,0,0,0,0,0,0,0,0,0,0,0,0,0,0,0,0,0,0,0,0,0,0,0,0,0,0,0,0,0,0,0
0,0,0,0,0,0,0,0,0,0,0,0,0,0,0,0,0,0,0,0,0,0,0,0,0,0,0,0,0,0,0,0,0,0,0,0,0,0,0,0,0,0,0,0,0,0,0,0,0,47,100,123,87,86,131,159,143,136,102,92,97,93,87,96,91,96,106,115,125,129,122,126,130,135,139,129,119,114,104,103,98,90,89,99,91,78,78,133,177,0,0,0,0,0,0,0,0,0,0,0,0,0,0,0,0,0,0,0,0,0,0,0,0,0,0,0,0,0,0,0,0,0,0,0,0,0,0,0,0,0,0,0,0,0,0,0,0,0
0,0,0,0,0,0,0,0,0,0,0,0,0,0,0,0,0,0,0,0,0,0,0,0,0,0,0,0,0,0,0,0,0,0,0,0,0,0,0,0,0,0,0,0,0,0,0,0,0,0,0,0,114,101,132,166,146,129,112,111,93,63,59,73,74,68,67,66,66,68,66,71,77,69,58,62,75,78,97,115,123,130,150,156,145,0,0,0,0,0,0,0,0,0,0,0,0,0,0,0,0,0,0,0,0,0,0,0,0,0,0,0,0,0,0,0,0,0,0,0,0,0,0,0,0,0,0,0,0,0,0,0,0,0,0,0,0,0
0,0,0,0,0,0,0,0,0,0,0,0,0,0,0,0,0,0,0,0,0,0,0,0,0,0,0,0,0,0,0,0,0,0,0,0,0,0,0,0,0,0,0,0,0,0,0,0,0,0,0,0,0,0,0,0,0,0,0,119,100,71,77,93,87,66,45,28,18,21,24,25,18,18,17,13,20,33,87,136,169,167,0,0,0,0,0,0,0,0,0,0,0,0,0,0,0,0,0,0,0,0,0,0,0,0,0,0,0,0,0,0,0,0,0,0,0,0,0,0,0,0,0,0,0,0,0,0,0,0,0,0,0,0,0,0,0,0
0,0,0,0,0,0,0,0,0,0,0,0,0,0,0,0,0,0,0,0,0,0,0,0,0,0,0,0,0,0,0,0,0,0,0,0,0,0,0,0,0,0,0,0,0,0,0,0,0,0,0,0,0,0,0,0,0,0,0,0,0,0,0,0,0,88,60,43,28,22,21,21,17,14,11,12,10,22,67,0,0,0,0,0,0,0,0,0,0,0,0,0,0,0,0,0,0,0,0,0,0,0,0,0,0,0,0,0,0,0,0,0,0,0,0,0,0,0,0,0,0,0,0,0,0,0,0,0,0,0,0,0,0,0,0,0,0,0
