0,0,0,0,0,0,0,0,0,0,0,0,0,0,0,0,0,0,0,0,0,0,0,0,0,0,0,0,0,0,0,0,0,0,0,0,0,0,0,0,0,0,0,0,0,0,0,0,0,0,0,0,0,0,0,0,0,0,0,0,0,0,0,0,0,0,0,0,0,0,0,0,0,0,0,0,0,0,0,0,0,0,0,0,0,0,0,0,0,0,0,0,0,0,0,0,0,0,0,0,0,0,0,0,0,0,0,0,0,0,0,0,0,0,0,0,0,0,0,0,0,0,0,0,0,0,0,0,0,0,0,0,0,0,0,0,0,0,0,0,0,0,0,0,0,0,0,0,0,0,0,0,0,0,0,0,0,0,0,0,0,0,0,0,0,0,0,0,0,0,0,0,0,0,0,0,0,0,0,0,0,0,0,0,0,0,0,0,0,0,0,0,0,0
0,0,0,0,0,0,0,0,0,0,0,0,0,0,0,0,0,0,0,0,0,0,0,0,0,0,0,0,0,0,0,0,0,0,0,0,0,0,0,0,0,0,0,0,0,0,0,0,0,0,0,0,0,0,0,0,0,0,0,0,0,0,0,0,0,0,0,0,0,0,0,0,0,0,0,0,0,0,0,0,0,0,0,0,0,0,0,0,0,0,0,0,0,0,0,0,0,0,0,0,0,0,0,0,0,0,0,0,14,0,0,0,0,0,0,0,0,0,0,0,0,0,0,0,0,0,0,0,0,0,0,0,0,0,0,0,0,0,0,0,0,0,0,0,0,0,0,0,0,0,0,0,0,0,0,0,0,0,0,0,0,0,0,0,0,0,0,0,0,0,0,0,0,0,0,0,0,0,0,0,0,0,0,0,0,0,0,0,0,0,0,0,0,0
0,0,0,0,0,0,0,0,0,0,0,0,0,0,0,0,0,0,0,0,0,0,0,0,0,0,0,0,0,0,0,0,0,0,0,0,0,0,0,0,0,0,0,0,0,0,0,0,0,0,0,0,0,0,0,0,0,0,0,0,0,0,0,0,0,0,0,0,0,0,0,0,0,0,0,0,0,0,0,0,0,0,0,0,0,0,0,0,0,0,0,0,0,0,0,0,0,0,0,0,0,0,0,0,0,0,0,14,14,14,0,0,0,0,0,0,0,0,0,0,0,0,0,0,0,0,0,0,0,0,0,0,0,0,0,0,0,0,0,0,0,0,0,0,0,0,0,0,0,0,0,0,0,0,0,0,0,0,0,0,0,0,0,0,0,0,0,0,0,0,0,0,0,0,0,0,0,0,0,0,0,0,0,0,0,0,0,0,0,0,0,0,0,0
0,0,0,0,0,0,0,0,0,0,0,0,0,0,0,0,0,0,0,0,0,0,0,0,0,0,0,0,0,0,0,0,0,0,0,0,0,0,0,0,0,0,0,0,0,0,0,0,0,0,0,0,0,0,0,0,0,0,0,0,0,0,0,0,0,0,0,0,0,0,0,0,0,0,0,0,0,0,0,0,0,0,0,0,0,0,0,0,0,0,0,0,0,0,0,0,0,0,0,0,0,0,0,0,0,0,0,14,14,14,0,0,0,0,0,0,0,0,0,0,0,0,0,0,0,0,0,0,0,0,0,0,0,0,0,0,0,0,0,0,0,0,0,0,0,0,0,0,0,0,0,0,0,0,0,0,0,0,0,0,0,0,0,0,0,0,0,0,0,0,0,0,0,0,0,0,0,0,0,0,0,0,0,0,0,0,0,0,0,0,0,0,0,0
0,0,0,0,0,0,0,0,0,0,0,0,0,0,0,0,0,0,0,0,0,0,0,0,0,0,0,0,0,0,0,0,0,0,0,0,0,0,0,0,0,0,0,0,0,0,0,0,0,0,0,0,0,0,0,0,0,0,0,0,0,0,0,0,0,0,0,0,0,0,0,0,0,0,0,0,0,0,0,0,0,0,0,0,0,0,0,0,0,0,0,0,0,0,0,0,0,0,0,0,0,0,0,0,0,0,13,15,14,14,0,0,0,0,0,0,0,0,0,0,0,0,0,0,0,0,0,0,0,0,0,0,0,0,0,0,0,0,0,0,0,0,0,0,0,0,0,0,0,0,0,0,0,0,0,0,0,0,0,0,0,0,0,0,0,0,0,0,0,0,0,0,0,0,0,0,0,0,0,0,0,0,0,0,0,0,0,0,0,0,0,0,0,0
0,0,0,0,0,0,0,0,0,0,0,0,0,0,0,0,0,0,0,0,0,0,0,0,0,0,0,0,0,0,0,0,0,0,0,0,0,0,0,0,0,0,0,0,0,0,0,0,0,0,0,0,0,0,0,0,0,0,0,0,0,0,0,0,0,0,0,0,0,0,0,0,0,0,0,0,0,0,0,0,0,0,0,0,0,0,0,0,0,0,0,0,0,0,0,0,0,0,0,0,0,0,0,0,0,18,16,12,12,13,12,0,0,0,0,0,0,0,0,0,0,0,0,0,0,0,0,0,0,0,0,0,0,0,0,0,0,0,0,0,0,0,0,0,0,0,0,0,0,0,0,0,0,0,0,0,0,0,0,0,0,0,0,0,0,0,0,0,0,0,0,0,0,0,0,0,0,0,0,0,0,0,0,0,0,0,0,0,0,0,0,0,0,0
0,0,0,0,0,0,0,0,0,0,0,0,0,0,0,0,0,0,0,0,0,0,0,0,0,0,0,0,0,0,0,0,0,0,0,0,0,0,0,0,0,0,0,0,0,0,0,0,0,0,0,0,0,0,0,0,0,0,0,0,0,0,0,0,0,0,0,0,0,0,0,0,0,0,0,0,0,0,0,0,0,0,0,0,0,0,0,0,0,0,0,0,0,0,0,0,0,0,0,0,0,0,0,0,0,16,12,13,12,11,10,0,0,0,0,0,0,0,0,0,0,0,0,0,0,0,0,0,0,0,0,0,0,0,0,0,0,0,0,0,0,0,0,0,0,0,0,0,0,0,0,0,0,0,0,0,0,0,0,0,0,0,0,0,0,0,0,0,0,0,0,0,0,0,0,0,0,0,0,0,0,0,0,0,0,0,0,0,0,0,0,0,0,0
0,0,0,0,0,0,0,0,0,0,0,0,0,0,0,0,0,0,0,0,0,0,0,0,0,0,0,0,0,0,0,0,0,0,0,0,0,0,0,0,0,0,0,0,0,0,0,0,0,0,0,0,0,0,0,0,0,0,0,0,0,0,0,0,0,0,0,0,0,0,0,0,0,0,0,0,0,0,0,0,0,0,0,0,0,0,0,0,0,0,0,0,0,0,0,0,0,0,0,0,0,0,0,0,17,20,17,14,15,15,13,10,0,0,0,0,0,0,0,0,0,0,0,0,0,0,0,0,0,0,0,0,0,0,0,0,0,0,0,0,0,0,0,0,0,0,0,0,0,0,0,0,0,0,0,0,0,0,0,0,0,0,0,0,0,0,0,0,0,0,0,0,0,0,0,0,0,0,0,0,0,0,0,0,0,0,0,0,0,0,0,0,0,0
0,0,0,0,0,0,0,0,0,0,0,0,0,0,0,0,0,0,0,0,0,0,0,0,0,0,0,0,0,0,0,0,0,0,0,0,0,0,0,0,0,0,0,0,0,0,0,0,0,0,0,0,0,0,0,0,0,0,0,0,0,0,0,0,0,0,0,0,0,0,0,0,0,0,0,0,0,0,0,0,0,0,0,0,0,0,0,0,0,0,0,0,0,0,0,0,0,0,0,0,0,0,0,0,15,18,15,15,15,13,11,12,0,0,0,0,0,0,0,0,0,0,0,0,0,0,0,0,0,0,0,0,0,0,0,0,0,0,0,0,0,0,0,0,0,0,0,0,0,0,0,0,0,0,0,0,0,0,0,0,0,0,0,0,0,0,0,0,0,0,0,0,0,0,0,0,0,0,0,0,0,0,0,0,0,0,0,0,0,0,0,0,0,0
0,0,0,0,0,0,0,0,0,0,0,0,0,0,0,0,0,0,0,0,0,0,0,0,0,0,0,0,0,0,0,0,0,0,0,0,0,0,0,0,0,0,0,0,0,0,0,0,0,0,0,0,0,0,0,0,0,0,0,0,0,0,0,0,0,0,0,0,0,0,0,0,0,0,0,0,0,0,0,0,0,0,0,0,0,0,0,0,0,0,0,0,0,0,0,0,0,0,0,0,0,0,0,15,17,15,17,14,11,11,10,10,13,0,0,0,0,0,0,0,0,0,0,0,0,0,0,0,0,0,0,0,0,0,0,0,0,0,0,0,0,0,0,0,0,0,0,0,0,0,0,0,0,0,0,0,0,0,0,0,0,0,0,0,0,0,0,0,0,0,0,0,0,0,0,0,0,0,0,0,0,0,0,0,0,0,0,0,0,0,0,0,0,0
0,0,0,0,0,0,0,0,0,0,0,0,0,0,0,0,0,0,0,0,0,0,0,0,0,0,0,0,0,0,0,0,0,0,0,0,0,0,0,0,0,0,0,0,0,0,0,0,0,0,0,0,0,0,0,0,0,0,0,0,0,0,0,0,0,0,0,0,0,0,0,0,0,0,0,0,0,0,0,0,0,0,0,0,0,0,0,0,0,0,0,0,0,0,0,0,0,0,0,0,0,0,16,17,18,15,16,14,15,15,13,14,20,0,0,0,0,0,0,0,0,0,0,0,0,0,0,0,0,0,0,0,0,0,0,0,0,0,0,0,0,0,0,0,0,0,0,0,0,0,0,0,0,0,0,0,0,0,0,0,0,0,0,0,0,0,0,0,0,0,0,0,0,0,0,0,0,0,0,0,0,0,0,0,0,0,0,0,0,0,0,0,0,0
0,0,0,0,0,0,0,0,0,0,0,0,0,0,0,0,0,0,0,0,0,0,0,0,0,0,0,0,0,0,0,0,0,0,0,0,0,0,0,0,0,0,0,0,0,0,0,0,0,0,0,0,0,0,0,0,0,0,0,0,0,0,0,0,0,0,0,0,0,0,0,0,0,0,0,0,0,0,0,0,0,0,0,0,0,0,0,0,0,0,0,0,0,0,0,0,0,0,0,0,0,0,22,22,22,19,21,22,25,24,25,27,33,35,0,0,0,0,0,0,0,0,0,0,0,0,0,0,0,0,0,0,0,0,0,0,0,0,0,0,0,0,0,0,0,0,0,0,0,0,0,0,0,0,0,0,0,0,0,0,0,0,0,0,0,0,0,0,0,0,0,0,0,0,0,0,0,0,0,0,0,0,0,0,0,0,0,0,0,0,0,0,0,0
0,0,0,0,0,0,0,0,0,0,0,0,0,0,0,0,0,0,0,0,0,0,0,0,0,0,0,0,0,0,0,0,0,0,0,0,0,0,0,0,0,0,0,0,0,0,0,0,0,0,0,0,0,0,0,0,0,0,0,0,0,0,0,0,0,0,0,0,0,0,0,0,0,0,0,0,0,0,0,0,0,0,0,0,0,0,0,0,0,0,0,0,0,0,0,0,0,0,0,0,0,22,24,24,23,21,25,29,31,30,35,40,44,47,0,0,0,0,0,0,0,0,0,0,0,0,0,0,0,0,0,0,0,0,0,0,0,0,0,0,0,0,0,0,0,0,0,0,0,0,0,0,0,0,0,0,0,0,0,0,0,0,0,0,0,0,0,0,0,0,0,0,0,0,0,0,0,0,0,0,0,0,0,0,0,0,0,0,0,0,0,0,0,0
0,0,0,0,0,0,0,0,0,0,0,0,0,0,0,0,0,0,0,0,0,0,0,0,0,0,0,0,0,0,0,0,0,0,0,0,0,0,0,0,0,0,0,0,0,0,0,0,0,0,0,0,0,0,0,0,0,0,0,0,0,0,0,0,0,0,0,0,0,0,0,0,0,0,0,0,0,0,0,0,0,0,0,0,0,0,0,0,0,0,0,0,0,0,0,0,0,0,0,0,22,23,26,24,21,19,24,28,29,30,37,45,49,55,57,0,0,0,0,0,0,0,0,0,0,0,0,0,0,0,0,0,0,0,0,0,0,0,0,0,0,0,0,0,0,0,0,0,0,0,0,0,0,0,0,0,0,0,0,0,0,0,0,0,0,0,0,0,0,0,0,0,0,0,0,0,0,0,0,0,0,0,0,0,0,0,0,0,0,0,0,0,0,0
0,0,0,0,0,0,0,0,0,0,0,0,0,0,0,0,0,0,0,0,0,0,0,0,0,0,0,0,0,0,0,0,0,0,0,0,0,0,0,0,0,0,0,0,0,0,0,0,0,0,0,0,0,0,0,0,0,0,0,0,0,0,0,0,0,0,0,0,0,0,0,0,0,0,0,0,0,0,0,0,0,0,0,0,0,0,0,0,0,0,0,0,0,0,0,0,0,0,0,0,28,28,29,25,21,17,20,23,24,26,31,41,49,56,58,0,0,0,0,0,0,0,0,0,0,0,0,0,0,0,0,0,0,0,0,0,0,0,0,0,0,0,0,0,0,0,0,0,0,0,0,0,0,0,0,0,0,0,0,0,0,0,0,0,0,0,0,0,0,0,0,0,0,0,0,0,0,0,0,0,0,0,0,0,0,0,0,0,0,0,0,0,0,0
0,0,0,0,0,0,0,0,0,0,0,0,0,0,0,0,0,0,0,0,0,0,0,0,0,0,0,0,0,0,0,0,0,0,0,0,0,0,0,0,0,0,0,0,0,0,0,0,0,0,0,0,0,0,0,0,0,0,0,0,0,0,0,0,0,0,0,0,0,0,0,0,0,0,0,0,0,0,0,0,0,0,0,0,0,0,0,0,0,0,0,0,0,0,0,0,0,0,0,36,35,31,26,21,19,16,15,18,18,20,23,30,41,48,51,59,0,0,0,0,0,0,0,0,0,0,0,0,0,0,0,0,0,0,0,0,0,0,0,0,0,0,0,0,0,0,0,0,0,0,0,0,0,0,0,0,0,0,0,0,0,0,0,0,0,0,0,0,0,0,0,0,0,0,0,0,0,0,0,0,0,0,0,0,0,0,0,0,0,0,0,0,0,0
0,0,0,0,0,0,0,0,0,0,0,0,0,0,0,0,0,0,0,0,0,0,0,0,0,0,0,0,0,0,0,0,0,0,0,0,0,0,0,0,0,0,0,0,0,0,0,0,0,0,0,0,0,0,0,0,0,0,0,0,0,0,0,0,0,0,0,0,0,0,0,0,0,0,0,0,0,0,0,0,0,0,0,0,0,0,0,0,0,0,0,0,0,0,0,0,0,0,48,46,41,31,20,15,16,15,15,16,15,16,18,22,33,39,44,57,0,0,0,0,0,0,0,0,0,0,0,0,0,0,0,0,0,0,0,0,0,0,0,0,0,0,0,0,0,0,0,0,0,0,0,0,0,0,0,0,0,0,0,0,0,0,0,0,0,0,0,0,0,0,0,0,0,0,0,0,0,0,0,0,0,0,0,0,0,0,0,0,0,0,0,0,0,0
0,0,0,0,0,0,0,0,0,0,0,0,0,0,0,0,0,0,0,0,0,0,0,0,0,0,0,0,0,0,0,0,0,0,0,0,0,0,0,0,0,0,0,0,0,0,0,0,0,0,0,0,0,0,0,0,0,0,0,0,0,0,0,0,0,0,0,0,0,0,0,0,0,0,0,0,0,0,0,0,0,0,0,0,0,0,0,0,0,0,0,0,0,0,0,0,0,0,53,42,37,30,18,13,15,15,15,15,15,15,15,19,26,31,35,50,56,0,0,0,0,0,0,0,0,0,0,0,0,0,0,0,0,0,0,0,0,0,0,0,0,0,0,0,0,0,0,0,0,0,0,0,0,0,0,0,0,0,0,0,0,0,0,0,0,0,0,0,0,0,0,0,0,0,0,0,0,0,0,0,0,0,0,0,0,0,0,0,0,0,0,0,0,0
0,0,0,0,0,0,0,0,0,0,0,0,0,0,0,0,0,0,0,0,0,0,0,0,0,0,0,0,0,0,0,0,0,0,0,0,0,0,0,0,0,0,0,0,0,0,0,0,0,0,0,0,0,0,0,0,0,0,0,0,0,0,0,0,0,0,0,0,0,0,0,0,0,0,0,0,0,0,0,0,0,0,0,0,0,0,0,0,0,0,0,0,0,0,0,0,0,54,57,40,31,26,16,13,14,14,14,14,14,14,13,17,22,27,32,40,46,0,0,0,0,0,0,0,0,0,0,0,0,0,0,0,0,0,0,0,0,0,0,0,0,0,0,0,0,0,0,0,0,0,0,0,0,0,0,0,0,0,0,0,0,0,0,0,0,0,0,0,0,0,0,0,0,0,0,0,0,0,0,0,0,0,0,0,0,0,0,0,0,0,0,0,0,0
0,0,0,0,0,0,0,0,0,0,0,0,0,0,0,0,0,0,0,0,0,0,0,0,0,0,0,0,0,0,0,0,0,0,0,0,0,0,0,0,0,0,0,0,0,0,0,0,0,0,0,0,0,0,0,0,0,0,0,0,0,0,0,0,0,0,0,0,0,0,0,0,0,0,0,0,0,0,0,0,0,0,0,0,0,0,0,0,0,0,0,0,0,0,0,0,0,56,56,38,24,21,13,13,13,13,14,13,13,12,12,14,18,22,27,32,38,0,0,0,0,0,0,0,0,0,0,0,0,0,0,0,0,0,0,0,0,0,0,0,0,0,0,0,0,0,0,0,0,0,0,0,0,0,0,0,0,0,0,0,0,0,0,0,0,0,0,0,0,0,0,0,0,0,0,0,0,0,0,0,0,0,0,0,0,0,0,0,0,0,0,0,0,0
0,0,0,0,0,0,0,0,0,0,0,0,0,0,0,0,0,0,0,0,0,0,0,0,0,0,0,0,0,0,0,0,0,0,0,0,0,0,0,0,0,0,0,0,0,0,0,0,0,0,0,0,0,0,0,0,0,0,0,0,0,0,0,0,0,0,0,0,0,0,0,0,0,0,0,0,0,0,0,0,0,0,0,0,0,0,0,0,0,0,0,0,0,0,0,0,63,55,46,36,22,18,12,12,13,12,13,13,12,12,13,14,15,18,24,28,35,35,0,0,0,0,0,0,0,0,0,0,0,0,0,0,0,0,0,0,0,0,0,0,0,0,0,0,0,0,0,0,0,0,0,0,0,0,0,0,0,0,0,0,0,0,0,0,0,0,0,0,0,0,0,0,0,0,0,0,0,0,0,0,0,0,0,0,0,0,0,0,0,0,0,0,0,0
0,0,0,0,0,0,0,0,0,0,0,0,0,0,0,0,0,0,0,0,0,0,0,0,0,0,0,0,0,0,0,0,0,0,0,0,0,0,0,0,0,0,0,0,0,0,0,0,0,0,0,0,0,0,0,0,0,0,0,0,0,0,0,0,0,0,0,0,0,0,0,0,0,0,0,0,0,0,0,0,0,0,0,0,0,0,0,0,0,0,0,0,0,0,0,74,62,50,38,29,20,18,12,11,13,12,12,12,12,12,14,15,15,17,21,28,38,37,0,0,0,0,0,0,0,0,0,0,0,0,0,0,0,0,0,0,0,0,0,0,0,0,0,0,0,0,0,0,0,0,0,0,0,0,0,0,0,0,0,0,0,0,0,0,0,0,0,0,0,0,0,0,0,0,0,0,0,0,0,0,0,0,0,0,0,0,0,0,0,0,0,0,0,0
0,0,0,0,0,0,0,0,0,0,0,0,0,0,0,0,0,0,0,0,0,0,0,0,0,0,0,0,0,0,0,0,0,0,0,0,0,0,0,0,0,0,0,0,0,0,0,0,0,0,0,0,0,0,0,0,0,0,0,0,0,0,0,0,0,0,0,0,0,0,0,0,0,0,0,0,0,0,0,0,0,0,0,0,0,0,0,0,0,0,0,0,0,0,0,83,60,40,24,20,16,16,13,11,14,13,12,12,12,12,13,14,14,14,18,23,35,37,38,0,0,0,0,0,0,0,0,0,0,0,0,0,0,0,0,0,0,0,0,0,0,0,0,0,0,0,0,0,0,0,0,0,0,0,0,0,0,0,0,0,0,0,0,0,0,0,0,0,0,0,0,0,0,0,0,0,0,0,0,0,0,0,0,0,0,0,0,0,0,0,0,0,0,0
0,0,0,0,0,0,0,0,0,0,0,0,0,0,0,0,0,0,0,0,0,0,0,0,0,0,0,0,0,0,0,0,0,0,0,0,0,0,0,0,0,0,0,0,0,0,0,0,0,0,0,0,0,0,0,0,0,0,0,0,0,0,0,0,0,0,0,0,0,0,0,0,0,0,0,0,0,0,0,0,0,0,0,0,0,0,0,0,0,0,0,0,0,0,96,90,60,34,15,14,14,15,13,12,14,14,13,13,12,12,13,14,13,13,15,17,25,32,38,0,0,0,0,0,0,0,0,0,0,0,0,0,0,0,0,0,0,0,0,0,0,0,0,0,0,0,0,0,0,0,0,0,0,0,0,0,0,0,0,0,0,0,0,0,0,0,0,0,0,0,0,0,0,0,0,0,0,0,0,0,0,0,0,0,0,0,0,0,0,0,0,0,0,0
0,0,0,0,0,0,0,0,0,0,0,0,0,0,0,0,0,0,0,0,0,0,0,0,0,0,0,0,0,0,0,0,0,0,0,0,0,0,0,0,0,0,0,0,0,0,0,0,0,0,0,0,0,0,0,0,0,0,0,0,0,0,0,0,0,0,0,0,0,0,0,0,0,0,0,0,0,0,0,0,0,0,0,0,0,0,0,0,0,0,0,0,0,95,104,85,47,20,12,13,14,14,13,13,13,13,13,14,13,13,13,14,14,14,16,18,25,33,36,43,0,0,0,0,0,0,0,0,0,0,0,0,0,0,0,0,0,0,0,0,0,0,0,0,0,0,0,0,0,0,0,0,0,0,0,0,0,0,0,0,0,0,0,0,0,0,0,0,0,0,0,0,0,0,0,0,0,0,0,0,0,0,0,0,0,0,0,0,0,0,0,0,0,0
0,0,0,0,0,0,0,0,0,0,0,0,0,0,0,0,0,0,0,0,0,0,0,0,0,0,0,0,0,0,0,0,0,0,0,0,0,0,0,0,0,0,0,0,0,0,0,0,0,0,0,0,0,0,0,0,0,0,0,0,0,0,0,0,0,0,0,0,0,0,0,0,0,0,0,0,0,0,0,0,0,0,0,0,0,0,0,0,0,0,0,0,0,101,81,58,41,22,19,15,14,14,14,14,15,15,14,15,14,12,13,14,14,14,15,17,27,36,37,37,0,0,0,0,0,0,0,0,0,0,0,0,0,0,0,0,0,0,0,0,0,0,0,0,0,0,0,0,0,0,0,0,0,0,0,0,0,0,0,0,0,0,0,0,0,0,0,0,0,0,0,0,0,0,0,0,0,0,0,0,0,0,0,0,0,0,0,0,0,0,0,0,0,0
0,0,0,0,0,0,0,0,0,0,0,0,0,0,0,0,0,0,0,0,0,0,0,0,0,0,0,0,0,0,0,0,0,0,0,0,0,0,0,0,0,0,0,0,0,0,0,0,0,0,0,0,0,0,0,0,0,0,0,0,0,0,0,0,0,0,0,0,0,0,0,0,0,0,0,0,0,0,0,0,0,0,0,0,0,0,0,0,0,0,0,0,101,95,69,47,31,18,18,16,14,14,14,14,15,16,15,16,15,13,13,14,14,13,14,13,23,34,39,47,56,0,0,0,0,0,0,0,0,0,0,0,0,0,0,0,0,0,0,0,0,0,0,0,0,0,0,0,0,0,0,0,0,0,0,0,0,0,0,0,0,0,0,0,0,0,0,0,0,0,0,0,0,0,0,0,0,0,0,0,0,0,0,0,0,0,0,0,0,0,0,0,0,0
0,0,0,0,0,0,0,0,0,0,0,0,0,0,0,0,0,0,0,0,0,0,0,0,0,0,0,0,0,0,0,0,0,0,0,0,0,0,0,0,0,0,0,0,0,0,0,0,0,0,0,0,0,0,0,0,0,0,0,0,0,0,0,0,0,0,0,0,0,0,0,0,0,0,0,0,0,0,0,0,0,0,0,0,0,0,0,0,0,0,0,0,98,78,49,35,24,15,14,16,15,14,14,14,15,15,15,17,16,13,13,13,13,13,14,14,19,29,39,57,79,0,0,0,0,0,0,0,0,0,0,0,0,0,0,0,0,0,0,0,0,0,0,0,0,0,0,0,0,0,0,0,0,0,0,0,0,0,0,0,0,0,0,0,0,0,0,0,0,0,0,0,0,0,0,0,0,0,0,0,0,0,0,0,0,0,0,0,0,0,0,0,0,0
0,0,0,0,0,0,0,0,0,0,0,0,0,0,0,0,0,0,0,0,0,0,0,0,0,0,0,0,0,0,0,0,0,0,0,0,0,0,0,0,0,0,0,0,0,0,0,0,0,0,0,0,0,0,0,0,0,0,0,0,0,0,0,0,0,0,0,0,0,0,0,0,0,0,0,0,0,0,0,0,0,0,0,0,0,0,0,0,0,0,0,99,92,58,30,23,20,15,13,15,14,14,14,14,15,15,14,16,15,13,13,13,13,13,14,17,20,27,39,57,79,96,0,0,0,0,0,0,0,0,0,0,0,0,0,0,0,0,0,0,0,0,0,0,0,0,0,0,0,0,0,0,0,0,0,0,0,0,0,0,0,0,0,0,0,0,0,0,0,0,0,0,0,0,0,0,0,0,0,0,0,0,0,0,0,0,0,0,0,0,0,0,0,0
0,0,0,0,0,0,0,0,0,0,0,0,0,0,0,0,0,0,0,0,0,0,0,0,0,0,0,0,0,0,0,0,0,0,0,0,0,0,0,0,0,0,0,0,0,0,0,0,0,0,0,0,0,0,0,0,0,0,0,0,0,0,0,0,0,0,0,0,0,0,0,0,0,0,0,0,0,0,0,0,0,0,0,0,0,0,0,0,0,0,97,98,82,42,18,14,15,13,14,14,14,14,14,14,15,16,15,15,15,14,14,13,13,13,15,17,20,24,33,47,61,72,0,0,0,0,0,0,0,0,0,0,0,0,0,0,0,0,0,0,0,0,0,0,0,0,0,0,0,0,0,0,0,0,0,0,0,0,0,0,0,0,0,0,0,0,0,0,0,0,0,0,0,0,0,0,0,0,0,0,0,0,0,0,0,0,0,0,0,0,0,0,0,0
0,0,0,0,0,0,0,0,0,0,0,0,0,0,0,0,0,0,0,0,0,0,0,0,0,0,0,0,0,0,0,0,0,0,0,0,0,0,0,0,0,0,0,0,0,0,0,0,0,0,0,0,0,0,0,0,0,0,0,0,0,0,0,0,0,0,0,0,0,0,0,0,0,0,0,0,0,0,0,0,0,0,0,0,0,0,0,0,0,0,101,92,68,31,15,12,13,13,13,15,14,14,14,14,15,16,15,15,15,13,13,12,12,12,14,16,20,21,25,36,48,55,60,0,0,0,0,0,0,0,0,0,0,0,0,0,0,0,0,0,0,0,0,0,0,0,0,0,0,0,0,0,0,0,0,0,0,0,0,0,0,0,0,0,0,0,0,0,0,0,0,0,0,0,0,0,0,0,0,0,0,0,0,0,0,0,0,0,0,0,0,0,0,0
0,0,0,0,0,0,0,0,0,0,0,0,0,0,0,0,0,0,0,0,0,0,0,0,0,0,0,0,0,0,0,0,0,0,0,0,0,0,0,0,0,0,0,0,0,0,0,0,0,0,0,0,0,0,0,0,0,0,0,0,0,0,0,0,0,0,0,0,0,0,0,0,0,0,0,0,0,0,0,0,0,0,0,0,0,0,0,0,0,101,98,76,53,25,16,13,13,15,14,15,14,14,14,14,15,15,14,14,14,12,12,11,12,11,12,16,21,21,21,28,39,47,54,0,0,0,0,0,0,0,0,0,0,0,0,0,0,0,0,0,0,0,0,0,0,0,0,0,0,0,0,0,0,0,0,0,0,0,0,0,0,0,0,0,0,0,0,0,0,0,0,0,0,0,0,0,0,0,0,0,0,0,0,0,0,0,0,0,0,0,0,0,0,0
0,0,0,0,0,0,0,0,0,0,0,0,0,0,0,0,0,0,0,0,0,0,0,0,0,0,0,0,0,0,0,0,0,0,0,0,0,0,0,0,0,0,0,0,0,0,0,0,0,0,0,0,0,0,0,0,0,0,0,0,0,0,0,0,0,0,0,0,0,0,0,0,0,0,0,0,0,0,0,0,0,0,0,0,0,0,0,0,99,105,94,51,36,22,19,15,14,17,14,13,14,14,14,14,14,15,14,14,13,12,12,11,12,12,11,13,15,13,14,19,29,37,43,62,0,0,0,0,0,0,0,0,0,0,0,0,0,0,0,0,0,0,0,0,0,0,0,0,0,0,0,0,0,0,0,0,0,0,0,0,0,0,0,0,0,0,0,0,0,0,0,0,0,0,0,0,0,0,0,0,0,0,0,0,0,0,0,0,0,0,0,0,0,0
0,0,0,0,0,0,0,0,0,0,0,0,0,0,0,0,0,0,0,0,0,0,0,0,0,0,0,0,0,0,0,0,0,0,0,0,0,0,0,0,0,0,0,0,0,0,0,0,0,0,0,0,0,0,0,0,0,0,0,0,0,0,0,0,0,0,0,0,0,0,0,0,0,0,0,0,0,0,0,0,0,0,0,0,0,0,0,0,91,79,45,33,18,12,14,14,13,13,13,14,13,14,14,14,15,14,13,14,14,12,12,12,12,12,12,12,11,13,17,20,24,31,39,49,0,0,0,0,0,0,0,0,0,0,0,0,0,0,0,0,0,0,0,0,0,0,0,0,0,0,0,0,0,0,0,0,0,0,0,0,0,0,0,0,0,0,0,0,0,0,0,0,0,0,0,0,0,0,0,0,0,0,0,0,0,0,0,0,0,0,0,0,0,0
0,0,0,0,0,0,0,0,0,0,0,0,0,0,0,0,0,0,0,0,0,0,0,0,0,0,0,0,0,0,0,0,0,0,0,0,0,0,0,0,0,0,0,0,0,0,0,0,0,0,0,0,0,0,0,0,0,0,0,0,0,0,0,0,0,0,0,0,0,0,0,0,0,0,0,0,0,0,0,0,0,0,0,0,0,0,0,92,90,68,35,23,14,12,13,13,12,12,12,14,13,14,14,14,15,14,14,14,14,12,13,12,12,13,12,12,11,14,18,22,24,28,33,33,0,0,0,0,0,0,0,0,0,0,0,0,0,0,0,0,0,0,0,0,0,0,0,0,0,0,0,0,0,0,0,0,0,0,0,0,0,0,0,0,0,0,0,0,0,0,0,0,0,0,0,0,0,0,0,0,0,0,0,0,0,0,0,0,0,0,0,0,0,0
0,0,0,0,0,0,0,0,0,0,0,0,0,0,0,0,0,0,0,0,0,0,0,0,0,0,0,0,0,0,0,0,0,0,0,0,0,0,0,0,0,0,0,0,0,0,0,0,0,0,0,0,0,0,0,0,0,0,0,0,0,0,0,0,0,0,0,0,0,0,0,0,0,0,0,0,0,0,0,0,0,0,0,0,0,0,90,90,76,50,23,15,12,13,14,14,13,13,13,13,13,14,15,14,14,14,14,14,14,13,12,12,13,13,13,14,13,12,13,16,20,25,30,29,26,0,0,0,0,0,0,0,0,0,0,0,0,0,0,0,0,0,0,0,0,0,0,0,0,0,0,0,0,0,0,0,0,0,0,0,0,0,0,0,0,0,0,0,0,0,0,0,0,0,0,0,0,0,0,0,0,0,0,0,0,0,0,0,0,0,0,0,0,0
0,0,0,0,0,0,0,0,0,0,0,0,0,0,0,0,0,0,0,0,0,0,0,0,0,0,0,0,0,0,0,0,0,0,0,0,0,0,0,0,0,0,0,0,0,0,0,0,0,0,0,0,0,0,0,0,0,0,0,0,0,0,0,0,0,0,0,0,0,0,0,0,0,0,0,0,0,0,0,0,0,0,0,0,0,0,91,79,57,32,14,13,12,13,14,15,15,13,13,13,13,14,15,15,15,14,13,14,14,12,12,12,12,14,14,14,13,13,12,13,16,21,26,28,26,0,0,0,0,0,0,0,0,0,0,0,0,0,0,0,0,0,0,0,0,0,0,0,0,0,0,0,0,0,0,0,0,0,0,0,0,0,0,0,0,0,0,0,0,0,0,0,0,0,0,0,0,0,0,0,0,0,0,0,0,0,0,0,0,0,0,0,0,0
0,0,0,0,0,0,0,0,0,0,0,0,0,0,0,0,0,0,0,0,0,0,0,0,0,0,0,0,0,0,0,0,0,0,0,0,0,0,0,0,0,0,0,0,0,0,0,0,0,0,0,0,0,0,0,0,0,0,0,0,0,0,0,0,0,0,0,0,0,0,0,0,0,0,0,0,0,0,0,0,0,0,0,0,0,90,87,69,44,22,14,14,13,14,14,15,15,13,13,13,13,14,15,14,14,13,13,13,13,13,12,13,13,14,14,13,15,16,15,14,15,19,23,27,26,24,0,0,0,0,0,0,0,0,0,0,0,0,0,0,0,0,0,0,0,0,0,0,0,0,0,0,0,0,0,0,0,0,0,0,0,0,0,0,0,0,0,0,0,0,0,0,0,0,0,0,0,0,0,0,0,0,0,0,0,0,0,0,0,0,0,0,0,0
0,0,0,0,0,0,0,0,0,0,0,0,0,0,0,0,0,0,0,0,0,0,0,0,0,0,0,0,0,0,0,0,0,0,0,0,0,0,0,0,0,0,0,0,0,0,0,0,0,0,0,0,0,0,0,0,0,0,0,0,0,0,0,0,0,0,0,0,0,0,0,0,0,0,0,0,0,0,0,0,0,0,0,0,0,91,82,59,33,16,14,14,14,15,15,15,15,13,13,13,13,15,16,16,15,13,12,13,13,12,12,13,13,14,14,13,14,16,14,12,15,19,25,26,23,22,0,0,0,0,0,0,0,0,0,0,0,0,0,0,0,0,0,0,0,0,0,0,0,0,0,0,0,0,0,0,0,0,0,0,0,0,0,0,0,0,0,0,0,0,0,0,0,0,0,0,0,0,0,0,0,0,0,0,0,0,0,0,0,0,0,0,0,0
0,0,0,0,0,0,0,0,0,0,0,0,0,0,0,0,0,0,0,0,0,0,0,0,0,0,0,0,0,0,0,0,0,0,0,0,0,0,0,0,0,0,0,0,0,0,0,0,0,0,0,0,0,0,0,0,0,0,0,0,0,0,0,0,0,0,0,0,0,0,0,0,0,0,0,0,0,0,0,0,0,0,0,0,88,85,67,43,24,12,12,14,14,14,15,15,15,14,14,14,14,16,17,18,18,16,12,13,12,12,12,14,13,14,13,12,13,14,13,13,15,18,23,25,22,20,20,0,0,0,0,0,0,0,0,0,0,0,0,0,0,0,0,0,0,0,0,0,0,0,0,0,0,0,0,0,0,0,0,0,0,0,0,0,0,0,0,0,0,0,0,0,0,0,0,0,0,0,0,0,0,0,0,0,0,0,0,0,0,0,0,0,0,0
0,0,0,0,0,0,0,0,0,0,0,0,0,0,0,0,0,0,0,0,0,0,0,0,0,0,0,0,0,0,0,0,0,0,0,0,0,0,0,0,0,0,0,0,0,0,0,0,0,0,0,0,0,0,0,0,0,0,0,0,0,0,0,0,0,0,0,0,0,0,0,0,0,0,0,0,0,0,0,0,0,0,0,81,88,71,43,23,16,13,12,13,14,14,15,15,16,15,15,15,14,14,13,15,18,17,14,15,13,12,12,14,13,14,12,14,13,14,14,13,15,17,21,25,23,21,21,0,0,0,0,0,0,0,0,0,0,0,0,0,0,0,0,0,0,0,0,0,0,0,0,0,0,0,0,0,0,0,0,0,0,0,0,0,0,0,0,0,0,0,0,0,0,0,0,0,0,0,0,0,0,0,0,0,0,0,0,0,0,0,0,0,0,0
0,0,0,0,0,0,0,0,0,0,0,0,0,0,0,0,0,0,0,0,0,0,0,0,0,0,0,0,0,0,0,0,0,0,0,0,0,0,0,0,0,0,0,0,0,0,0,0,0,0,0,0,0,0,0,0,0,0,0,0,0,0,0,0,0,0,0,0,0,0,0,0,0,0,0,0,0,0,0,0,0,0,0,92,94,74,40,20,15,14,13,14,14,15,15,16,16,16,16,16,14,12,15,29,32,31,40,25,22,17,14,14,12,12,13,13,13,14,14,15,15,15,17,18,22,24,22,22,0,0,0,0,0,0,0,0,0,0,0,0,0,0,0,0,0,0,0,0,0,0,0,0,0,0,0,0,0,0,0,0,0,0,0,0,0,0,0,0,0,0,0,0,0,0,0,0,0,0,0,0,0,0,0,0,0,0,0,0,0,0,0,0,0,0
0,0,0,0,0,0,0,0,0,0,0,0,0,0,0,0,0,0,0,0,0,0,0,0,0,0,0,0,0,0,0,0,0,0,0,0,0,0,0,0,0,0,0,0,0,0,0,0,0,0,0,0,0,0,0,0,0,0,0,0,0,0,0,0,0,0,0,0,0,0,0,0,0,0,0,0,0,0,0,0,0,0,94,93,81,56,30,18,13,12,13,14,14,15,14,15,15,15,16,15,13,11,16,29,37,44,51,42,34,25,18,15,12,12,13,15,15,14,13,13,12,13,14,15,19,26,29,28,0,0,0,0,0,0,0,0,0,0,0,0,0,0,0,0,0,0,0,0,0,0,0,0,0,0,0,0,0,0,0,0,0,0,0,0,0,0,0,0,0,0,0,0,0,0,0,0,0,0,0,0,0,0,0,0,0,0,0,0,0,0,0,0,0,0
0,0,0,0,0,0,0,0,0,0,0,0,0,0,0,0,0,0,0,0,0,0,0,0,0,0,0,0,0,0,0,0,0,0,0,0,0,0,0,0,0,0,0,0,0,0,0,0,0,0,0,0,0,0,0,0,0,0,0,0,0,0,0,0,0,0,0,0,0,0,0,0,0,0,0,0,0,0,0,0,0,99,105,88,64,36,19,16,12,10,12,15,15,15,15,15,15,16,17,17,13,11,22,34,48,59,59,53,42,29,20,14,13,14,14,16,16,14,13,12,12,12,13,14,17,26,32,31,29,0,0,0,0,0,0,0,0,0,0,0,0,0,0,0,0,0,0,0,0,0,0,0,0,0,0,0,0,0,0,0,0,0,0,0,0,0,0,0,0,0,0,0,0,0,0,0,0,0,0,0,0,0,0,0,0,0,0,0,0,0,0,0,0,0
0,0,0,0,0,0,0,0,0,0,0,0,0,0,0,0,0,0,0,0,0,0,0,0,0,0,0,0,0,0,0,0,0,0,0,0,0,0,0,0,0,0,0,0,0,0,0,0,0,0,0,0,0,0,0,0,0,0,0,0,0,0,0,0,0,0,0,0,0,0,0,0,0,0,0,0,0,0,0,0,0,105,98,74,46,21,13,13,12,11,12,15,14,15,15,15,15,15,17,15,13,17,30,39,53,67,62,57,44,31,22,14,13,15,15,15,15,14,13,12,11,11,12,13,15,22,29,30,28,0,0,0,0,0,0,0,0,0,0,0,0,0,0,0,0,0,0,0,0,0,0,0,0,0,0,0,0,0,0,0,0,0,0,0,0,0,0,0,0,0,0,0,0,0,0,0,0,0,0,0,0,0,0,0,0,0,0,0,0,0,0,0,0,0
0,0,0,0,0,0,0,0,0,0,0,0,0,0,0,0,0,0,0,0,0,0,0,0,0,0,0,0,0,0,0,0,0,0,0,0,0,0,0,0,0,0,0,0,0,0,0,0,0,0,0,0,0,0,0,0,0,0,0,0,0,0,0,0,0,0,0,0,0,0,0,0,0,0,0,0,0,0,0,0,97,105,85,56,30,13,11,11,12,14,13,15,14,15,16,15,15,15,16,15,14,24,37,45,58,70,65,61,49,37,27,16,13,14,14,14,15,14,13,12,11,12,12,11,14,18,23,27,28,24,0,0,0,0,0,0,0,0,0,0,0,0,0,0,0,0,0,0,0,0,0,0,0,0,0,0,0,0,0,0,0,0,0,0,0,0,0,0,0,0,0,0,0,0,0,0,0,0,0,0,0,0,0,0,0,0,0,0,0,0,0,0,0,0
0,0,0,0,0,0,0,0,0,0,0,0,0,0,0,0,0,0,0,0,0,0,0,0,0,0,0,0,0,0,0,0,0,0,0,0,0,0,0,0,0,0,0,0,0,0,0,0,0,0,0,0,0,0,0,0,0,0,0,0,0,0,0,0,0,0,0,0,0,0,0,0,0,0,0,0,0,0,0,0,105,95,65,38,18,12,11,12,13,15,13,14,14,15,15,15,15,15,16,15,21,35,45,55,65,72,70,64,55,44,33,21,14,13,13,14,14,14,13,12,11,12,12,12,14,14,17,23,26,24,0,0,0,0,0,0,0,0,0,0,0,0,0,0,0,0,0,0,0,0,0,0,0,0,0,0,0,0,0,0,0,0,0,0,0,0,0,0,0,0,0,0,0,0,0,0,0,0,0,0,0,0,0,0,0,0,0,0,0,0,0,0,0,0
0,0,0,0,0,0,0,0,0,0,0,0,0,0,0,0,0,0,0,0,0,0,0,0,0,0,0,0,0,0,0,0,0,0,0,0,0,0,0,0,0,0,0,0,0,0,0,0,0,0,0,0,0,0,0,0,0,0,0,0,0,0,0,0,0,0,0,0,0,0,0,0,0,0,0,0,0,0,0,104,106,84,43,23,13,12,13,14,14,14,13,13,13,13,13,13,13,14,16,15,33,48,55,62,68,71,73,67,61,51,40,27,17,12,13,14,14,13,12,12,11,12,13,13,15,13,13,18,23,24,23,0,0,0,0,0,0,0,0,0,0,0,0,0,0,0,0,0,0,0,0,0,0,0,0,0,0,0,0,0,0,0,0,0,0,0,0,0,0,0,0,0,0,0,0,0,0,0,0,0,0,0,0,0,0,0,0,0,0,0,0,0,0,0
0,0,0,0,0,0,0,0,0,0,0,0,0,0,0,0,0,0,0,0,0,0,0,0,0,0,0,0,0,0,0,0,0,0,0,0,0,0,0,0,0,0,0,0,0,0,0,0,0,0,0,0,0,0,0,0,0,0,0,0,0,0,0,0,0,0,0,0,0,0,0,0,0,0,0,0,0,0,98,107,96,67,23,15,12,13,13,13,14,13,13,12,12,13,13,12,13,15,19,19,43,56,61,69,72,70,73,72,67,58,46,34,20,12,12,14,14,13,12,12,12,12,13,14,15,13,11,15,20,25,25,0,0,0,0,0,0,0,0,0,0,0,0,0,0,0,0,0,0,0,0,0,0,0,0,0,0,0,0,0,0,0,0,0,0,0,0,0,0,0,0,0,0,0,0,0,0,0,0,0,0,0,0,0,0,0,0,0,0,0,0,0,0,0
0,0,0,0,0,0,0,0,0,0,0,0,0,0,0,0,0,0,0,0,0,0,0,0,0,0,0,0,0,0,0,0,0,0,0,0,0,0,0,0,0,0,0,0,0,0,0,0,0,0,0,0,0,0,0,0,0,0,0,0,0,0,0,0,0,0,0,0,0,0,0,0,0,0,0,0,0,0,100,96,72,42,10,13,13,15,14,14,14,13,13,11,12,12,11,11,11,12,21,31,44,56,66,71,73,71,73,74,70,64,53,38,23,15,14,15,13,13,13,12,12,12,13,14,15,13,12,14,21,29,30,0,0,0,0,0,0,0,0,0,0,0,0,0,0,0,0,0,0,0,0,0,0,0,0,0,0,0,0,0,0,0,0,0,0,0,0,0,0,0,0,0,0,0,0,0,0,0,0,0,0,0,0,0,0,0,0,0,0,0,0,0,0,0
0,0,0,0,0,0,0,0,0,0,0,0,0,0,0,0,0,0,0,0,0,0,0,0,0,0,0,0,0,0,0,0,0,0,0,0,0,0,0,0,0,0,0,0,0,0,0,0,0,0,0,0,0,0,0,0,0,0,0,0,0,0,0,0,0,0,0,0,0,0,0,0,0,0,0,0,0,96,107,86,50,24,8,13,14,16,15,15,15,14,14,11,12,12,11,9,9,15,30,45,58,65,71,74,71,69,72,74,72,68,57,43,29,19,16,15,13,13,13,12,12,12,13,13,14,13,12,13,18,27,32,33,0,0,0,0,0,0,0,0,0,0,0,0,0,0,0,0,0,0,0,0,0,0,0,0,0,0,0,0,0,0,0,0,0,0,0,0,0,0,0,0,0,0,0,0,0,0,0,0,0,0,0,0,0,0,0,0,0,0,0,0,0,0
0,0,0,0,0,0,0,0,0,0,0,0,0,0,0,0,0,0,0,0,0,0,0,0,0,0,0,0,0,0,0,0,0,0,0,0,0,0,0,0,0,0,0,0,0,0,0,0,0,0,0,0,0,0,0,0,0,0,0,0,0,0,0,0,0,0,0,0,0,0,0,0,0,0,0,0,92,105,97,66,35,19,12,13,13,15,15,15,15,15,15,13,12,12,11,8,10,22,42,55,68,71,74,75,70,67,71,72,72,71,62,49,37,26,19,16,13,13,14,13,13,13,13,13,14,12,12,13,15,23,31,32,0,0,0,0,0,0,0,0,0,0,0,0,0,0,0,0,0,0,0,0,0,0,0,0,0,0,0,0,0,0,0,0,0,0,0,0,0,0,0,0,0,0,0,0,0,0,0,0,0,0,0,0,0,0,0,0,0,0,0,0,0,0
0,0,0,0,0,0,0,0,0,0,0,0,0,0,0,0,0,0,0,0,0,0,0,0,0,0,0,0,0,0,0,0,0,0,0,0,0,0,0,0,0,0,0,0,0,0,0,0,0,0,0,0,0,0,0,0,0,0,0,0,0,0,0,0,0,0,0,0,0,0,0,0,0,0,0,0,108,99,71,40,24,18,14,13,14,14,15,15,15,15,15,14,12,11,10,8,14,30,49,61,71,70,72,72,68,68,71,72,72,71,65,56,44,31,23,18,14,13,13,13,13,12,13,14,14,12,12,13,14,19,28,31,30,0,0,0,0,0,0,0,0,0,0,0,0,0,0,0,0,0,0,0,0,0,0,0,0,0,0,0,0,0,0,0,0,0,0,0,0,0,0,0,0,0,0,0,0,0,0,0,0,0,0,0,0,0,0,0,0,0,0,0,0,0
0,0,0,0,0,0,0,0,0,0,0,0,0,0,0,0,0,0,0,0,0,0,0,0,0,0,0,0,0,0,0,0,0,0,0,0,0,0,0,0,0,0,0,0,0,0,0,0,0,0,0,0,0,0,0,0,0,0,0,0,0,0,0,0,0,0,0,0,0,0,0,0,0,0,0,106,110,86,50,25,16,13,14,14,14,14,14,15,15,16,15,13,13,11,10,11,22,38,54,67,73,70,70,68,66,69,71,72,69,69,68,61,50,36,26,21,16,14,14,14,13,12,13,14,14,12,12,13,13,16,25,29,30,0,0,0,0,0,0,0,0,0,0,0,0,0,0,0,0,0,0,0,0,0,0,0,0,0,0,0,0,0,0,0,0,0,0,0,0,0,0,0,0,0,0,0,0,0,0,0,0,0,0,0,0,0,0,0,0,0,0,0,0,0
0,0,0,0,0,0,0,0,0,0,0,0,0,0,0,0,0,0,0,0,0,0,0,0,0,0,0,0,0,0,0,0,0,0,0,0,0,0,0,0,0,0,0,0,0,0,0,0,0,0,0,0,0,0,0,0,0,0,0,0,0,0,0,0,0,0,0,0,0,0,0,0,0,0,99,111,102,68,34,18,12,11,14,14,13,14,14,15,16,15,16,14,14,12,12,17,31,48,62,70,75,73,71,67,66,70,70,69,65,67,69,67,58,43,32,25,18,14,14,14,14,13,14,14,15,13,13,12,13,14,21,25,30,31,0,0,0,0,0,0,0,0,0,0,0,0,0,0,0,0,0,0,0,0,0,0,0,0,0,0,0,0,0,0,0,0,0,0,0,0,0,0,0,0,0,0,0,0,0,0,0,0,0,0,0,0,0,0,0,0,0,0,0,0
0,0,0,0,0,0,0,0,0,0,0,0,0,0,0,0,0,0,0,0,0,0,0,0,0,0,0,0,0,0,0,0,0,0,0,0,0,0,0,0,0,0,0,0,0,0,0,0,0,0,0,0,0,0,0,0,0,0,0,0,0,0,0,0,0,0,0,0,0,0,0,0,0,0,103,111,86,48,23,17,13,12,15,13,13,14,14,15,15,14,15,15,15,13,17,27,41,55,66,70,74,74,72,69,70,70,68,67,65,67,70,70,65,51,39,28,20,15,14,14,14,14,14,15,16,14,13,12,12,12,18,23,29,31,0,0,0,0,0,0,0,0,0,0,0,0,0,0,0,0,0,0,0,0,0,0,0,0,0,0,0,0,0,0,0,0,0,0,0,0,0,0,0,0,0,0,0,0,0,0,0,0,0,0,0,0,0,0,0,0,0,0,0,0
0,0,0,0,0,0,0,0,0,0,0,0,0,0,0,0,0,0,0,0,0,0,0,0,0,0,0,0,0,0,0,0,0,0,0,0,0,0,0,0,0,0,0,0,0,0,0,0,0,0,0,0,0,0,0,0,0,0,0,0,0,0,0,0,0,0,0,0,0,0,0,0,0,101,98,95,63,28,13,15,12,12,14,13,13,14,15,15,14,13,13,16,16,16,24,38,49,59,68,70,74,73,71,70,73,71,69,70,68,69,71,72,69,57,43,33,24,17,15,15,14,14,14,15,14,13,14,12,13,12,17,21,29,32,33,0,0,0,0,0,0,0,0,0,0,0,0,0,0,0,0,0,0,0,0,0,0,0,0,0,0,0,0,0,0,0,0,0,0,0,0,0,0,0,0,0,0,0,0,0,0,0,0,0,0,0,0,0,0,0,0,0,0,0
0,0,0,0,0,0,0,0,0,0,0,0,0,0,0,0,0,0,0,0,0,0,0,0,0,0,0,0,0,0,0,0,0,0,0,0,0,0,0,0,0,0,0,0,0,0,0,0,0,0,0,0,0,0,0,0,0,0,0,0,0,0,0,0,0,0,0,0,0,0,0,0,0,97,113,69,47,25,12,13,14,13,14,13,13,13,15,14,14,13,12,13,16,20,34,46,55,58,67,71,76,73,69,71,73,71,70,73,72,70,69,69,68,59,43,36,28,21,18,16,15,15,15,14,15,14,14,12,12,13,14,22,30,31,31,0,0,0,0,0,0,0,0,0,0,0,0,0,0,0,0,0,0,0,0,0,0,0,0,0,0,0,0,0,0,0,0,0,0,0,0,0,0,0,0,0,0,0,0,0,0,0,0,0,0,0,0,0,0,0,0,0,0,0
0,0,0,0,0,0,0,0,0,0,0,0,0,0,0,0,0,0,0,0,0,0,0,0,0,0,0,0,0,0,0,0,0,0,0,0,0,0,0,0,0,0,0,0,0,0,0,0,0,0,0,0,0,0,0,0,0,0,0,0,0,0,0,0,0,0,0,0,0,0,0,0,106,105,93,48,25,13,11,13,14,13,14,13,13,13,14,13,13,12,12,14,20,28,43,56,63,64,69,71,74,73,70,71,73,71,70,75,76,72,67,68,71,65,50,42,32,25,19,16,15,15,15,14,14,14,13,12,11,11,13,18,26,29,30,29,0,0,0,0,0,0,0,0,0,0,0,0,0,0,0,0,0,0,0,0,0,0,0,0,0,0,0,0,0,0,0,0,0,0,0,0,0,0,0,0,0,0,0,0,0,0,0,0,0,0,0,0,0,0,0,0,0,0
0,0,0,0,0,0,0,0,0,0,0,0,0,0,0,0,0,0,0,0,0,0,0,0,0,0,0,0,0,0,0,0,0,0,0,0,0,0,0,0,0,0,0,0,0,0,0,0,0,0,0,0,0,0,0,0,0,0,0,0,0,0,0,0,0,0,0,0,0,0,0,130,117,95,63,37,15,12,13,14,15,13,13,13,13,14,15,13,12,12,13,17,28,40,50,62,71,71,71,72,73,72,71,72,72,71,71,72,76,75,70,69,72,68,56,48,36,29,21,18,16,14,14,14,14,13,13,12,12,12,14,17,23,28,29,30,0,0,0,0,0,0,0,0,0,0,0,0,0,0,0,0,0,0,0,0,0,0,0,0,0,0,0,0,0,0,0,0,0,0,0,0,0,0,0,0,0,0,0,0,0,0,0,0,0,0,0,0,0,0,0,0,0,0
0,0,0,0,0,0,0,0,0,0,0,0,0,0,0,0,0,0,0,0,0,0,0,0,0,0,0,0,0,0,0,0,0,0,0,0,0,0,0,0,0,0,0,0,0,0,0,0,0,0,0,0,0,0,0,0,0,0,0,0,0,0,0,0,0,0,0,0,0,0,0,119,102,73,40,26,12,12,13,15,16,15,14,14,14,14,14,12,11,11,16,20,31,47,60,69,71,70,71,72,72,72,72,72,72,72,71,72,75,75,72,70,70,69,64,55,41,31,20,16,14,14,14,15,15,14,12,12,13,15,16,16,21,27,30,32,29,0,0,0,0,0,0,0,0,0,0,0,0,0,0,0,0,0,0,0,0,0,0,0,0,0,0,0,0,0,0,0,0,0,0,0,0,0,0,0,0,0,0,0,0,0,0,0,0,0,0,0,0,0,0,0,0,0
0,0,0,0,0,0,0,0,0,0,0,0,0,0,0,0,0,0,0,0,0,0,0,0,0,0,0,0,0,0,0,0,0,0,0,0,0,0,0,0,0,0,0,0,0,0,0,0,0,0,0,0,0,0,0,0,0,0,0,0,0,0,0,0,0,0,0,0,0,0,118,111,91,60,29,14,11,13,15,17,18,18,15,15,17,16,14,12,11,14,23,24,37,53,63,70,71,71,70,71,72,73,72,72,72,72,71,72,72,72,72,71,69,70,70,61,46,34,20,15,14,14,15,16,15,14,14,13,15,15,16,17,19,22,27,30,30,0,0,0,0,0,0,0,0,0,0,0,0,0,0,0,0,0,0,0,0,0,0,0,0,0,0,0,0,0,0,0,0,0,0,0,0,0,0,0,0,0,0,0,0,0,0,0,0,0,0,0,0,0,0,0,0,0
0,0,0,0,0,0,0,0,0,0,0,0,0,0,0,0,0,0,0,0,0,0,0,0,0,0,0,0,0,0,0,0,0,0,0,0,0,0,0,0,0,0,0,0,0,0,0,0,0,0,0,0,0,0,0,0,0,0,0,0,0,0,0,0,0,0,0,0,0,110,111,100,74,41,16,10,11,13,16,17,16,16,14,16,18,17,14,11,11,17,29,36,44,56,66,72,70,70,73,71,72,73,72,71,72,72,71,70,70,70,72,72,70,70,70,65,53,39,26,19,15,14,15,16,15,14,14,14,16,15,14,15,16,17,22,26,31,29,0,0,0,0,0,0,0,0,0,0,0,0,0,0,0,0,0,0,0,0,0,0,0,0,0,0,0,0,0,0,0,0,0,0,0,0,0,0,0,0,0,0,0,0,0,0,0,0,0,0,0,0,0,0,0,0
0,0,0,0,0,0,0,0,0,0,0,0,0,0,0,0,0,0,0,0,0,0,0,0,0,0,0,0,0,0,0,0,0,0,0,0,0,0,0,0,0,0,0,0,0,0,0,0,0,0,0,0,0,0,0,0,0,0,0,0,0,0,0,0,0,0,0,0,0,111,100,82,57,28,10,11,12,14,16,18,16,15,15,15,15,14,13,11,14,22,34,44,56,64,69,73,72,71,70,71,72,72,72,72,72,72,71,71,71,70,72,72,71,72,72,70,61,46,32,23,16,15,15,15,15,14,14,14,15,14,13,11,12,15,20,26,31,29,0,0,0,0,0,0,0,0,0,0,0,0,0,0,0,0,0,0,0,0,0,0,0,0,0,0,0,0,0,0,0,0,0,0,0,0,0,0,0,0,0,0,0,0,0,0,0,0,0,0,0,0,0,0,0,0
0,0,0,0,0,0,0,0,0,0,0,0,0,0,0,0,0,0,0,0,0,0,0,0,0,0,0,0,0,0,0,0,0,0,0,0,0,0,0,0,0,0,0,0,0,0,0,0,0,0,0,0,0,0,0,0,0,0,0,0,0,0,0,0,0,0,0,0,123,109,82,63,48,28,15,11,12,15,16,18,17,15,15,15,13,13,13,15,21,32,44,52,63,68,70,73,72,71,71,71,72,72,72,72,72,71,72,70,70,70,72,72,70,71,72,70,64,51,39,29,19,15,14,16,15,14,14,14,14,13,12,11,11,14,16,23,29,29,0,0,0,0,0,0,0,0,0,0,0,0,0,0,0,0,0,0,0,0,0,0,0,0,0,0,0,0,0,0,0,0,0,0,0,0,0,0,0,0,0,0,0,0,0,0,0,0,0,0,0,0,0,0,0,0
0,0,0,0,0,0,0,0,0,0,0,0,0,0,0,0,0,0,0,0,0,0,0,0,0,0,0,0,0,0,0,0,0,0,0,0,0,0,0,0,0,0,0,0,0,0,0,0,0,0,0,0,0,0,0,0,0,0,0,0,0,0,0,0,0,0,0,0,123,108,71,35,11,11,12,13,13,15,16,17,16,14,16,13,13,12,12,19,27,38,51,53,66,71,71,71,71,68,71,72,72,72,72,71,72,72,72,71,70,70,71,71,71,71,72,70,65,56,46,34,23,18,14,15,15,14,14,14,14,13,13,12,14,13,15,21,27,26,25,0,0,0,0,0,0,0,0,0,0,0,0,0,0,0,0,0,0,0,0,0,0,0,0,0,0,0,0,0,0,0,0,0,0,0,0,0,0,0,0,0,0,0,0,0,0,0,0,0,0,0,0,0,0,0
0,0,0,0,0,0,0,0,0,0,0,0,0,0,0,0,0,0,0,0,0,0,0,0,0,0,0,0,0,0,0,0,0,0,0,0,0,0,0,0,0,0,0,0,0,0,0,0,0,0,0,0,0,0,0,0,0,0,0,0,0,0,0,0,0,0,0,116,112,86,52,24,10,12,14,13,13,15,15,16,15,14,15,12,13,12,15,23,34,47,59,58,67,75,74,69,71,72,72,72,72,72,72,72,72,72,71,71,70,70,71,71,71,71,72,70,68,62,54,41,28,20,15,15,14,15,14,14,14,14,14,13,14,12,14,20,26,25,23,0,0,0,0,0,0,0,0,0,0,0,0,0,0,0,0,0,0,0,0,0,0,0,0,0,0,0,0,0,0,0,0,0,0,0,0,0,0,0,0,0,0,0,0,0,0,0,0,0,0,0,0,0,0,0
0,0,0,0,0,0,0,0,0,0,0,0,0,0,0,0,0,0,0,0,0,0,0,0,0,0,0,0,0,0,0,0,0,0,0,0,0,0,0,0,0,0,0,0,0,0,0,0,0,0,0,0,0,0,0,0,0,0,0,0,0,0,0,0,0,0,115,111,93,62,35,18,12,14,14,14,14,15,14,15,15,14,15,12,12,14,19,28,39,51,62,64,69,75,73,69,73,76,74,73,72,72,72,73,73,72,72,72,71,70,71,71,71,71,71,72,71,67,59,46,31,20,14,14,14,16,16,15,14,14,15,14,14,12,14,21,26,24,21,23,0,0,0,0,0,0,0,0,0,0,0,0,0,0,0,0,0,0,0,0,0,0,0,0,0,0,0,0,0,0,0,0,0,0,0,0,0,0,0,0,0,0,0,0,0,0,0,0,0,0,0,0,0,0
0,0,0,0,0,0,0,0,0,0,0,0,0,0,0,0,0,0,0,0,0,0,0,0,0,0,0,0,0,0,0,0,0,0,0,0,0,0,0,0,0,0,0,0,0,0,0,0,0,0,0,0,0,0,0,0,0,0,0,0,0,0,0,0,0,0,118,99,72,40,21,13,13,15,14,14,14,14,14,14,15,14,14,12,13,18,26,35,45,57,66,70,72,71,68,71,77,78,75,75,73,70,70,73,74,73,72,72,71,71,71,71,71,71,71,73,73,69,64,52,37,24,16,15,14,16,16,15,14,14,14,13,13,12,14,19,24,22,21,23,0,0,0,0,0,0,0,0,0,0,0,0,0,0,0,0,0,0,0,0,0,0,0,0,0,0,0,0,0,0,0,0,0,0,0,0,0,0,0,0,0,0,0,0,0,0,0,0,0,0,0,0,0,0
0,0,0,0,0,0,0,0,0,0,0,0,0,0,0,0,0,0,0,0,0,0,0,0,0,0,0,0,0,0,0,0,0,0,0,0,0,0,0,0,0,0,0,0,0,0,0,0,0,0,0,0,0,0,0,0,0,0,0,0,0,0,0,0,0,113,111,86,54,27,15,13,14,16,16,14,15,14,14,14,15,13,13,14,16,23,34,44,53,63,70,74,74,71,68,72,78,78,75,76,72,68,69,73,76,74,71,72,71,71,71,71,71,71,71,71,71,69,67,59,46,32,22,18,15,16,15,14,14,15,14,14,13,11,12,16,21,23,24,23,21,0,0,0,0,0,0,0,0,0,0,0,0,0,0,0,0,0,0,0,0,0,0,0,0,0,0,0,0,0,0,0,0,0,0,0,0,0,0,0,0,0,0,0,0,0,0,0,0,0,0,0,0,0
0,0,0,0,0,0,0,0,0,0,0,0,0,0,0,0,0,0,0,0,0,0,0,0,0,0,0,0,0,0,0,0,0,0,0,0,0,0,0,0,0,0,0,0,0,0,0,0,0,0,0,0,0,0,0,0,0,0,0,0,0,0,0,0,110,112,98,67,38,20,13,15,15,15,15,14,14,14,14,14,14,13,13,13,18,28,41,52,61,68,72,74,74,76,72,70,73,76,74,72,72,72,73,72,72,72,71,72,71,71,71,71,71,71,71,70,69,69,68,63,52,39,26,22,17,17,17,14,14,14,14,13,13,12,12,14,19,23,26,24,21,0,0,0,0,0,0,0,0,0,0,0,0,0,0,0,0,0,0,0,0,0,0,0,0,0,0,0,0,0,0,0,0,0,0,0,0,0,0,0,0,0,0,0,0,0,0,0,0,0,0,0,0,0
0,0,0,0,0,0,0,0,0,0,0,0,0,0,0,0,0,0,0,0,0,0,0,0,0,0,0,0,0,0,0,0,0,0,0,0,0,0,0,0,0,0,0,0,0,0,0,0,0,0,0,0,0,0,0,0,0,0,0,0,0,0,0,0,111,104,80,47,25,16,15,17,18,17,16,14,13,13,14,13,14,13,14,15,22,34,48,60,68,73,76,73,73,77,73,68,70,74,72,70,72,76,76,71,69,71,71,72,71,71,71,71,71,71,71,72,71,70,69,65,57,46,33,27,19,16,17,15,14,15,14,13,13,12,13,14,18,22,25,23,21,20,0,0,0,0,0,0,0,0,0,0,0,0,0,0,0,0,0,0,0,0,0,0,0,0,0,0,0,0,0,0,0,0,0,0,0,0,0,0,0,0,0,0,0,0,0,0,0,0,0,0,0,0
0,0,0,0,0,0,0,0,0,0,0,0,0,0,0,0,0,0,0,0,0,0,0,0,0,0,0,0,0,0,0,0,0,0,0,0,0,0,0,0,0,0,0,0,0,0,0,0,0,0,0,0,0,0,0,0,0,0,0,0,0,0,0,102,105,87,53,27,13,12,16,18,20,16,15,14,13,13,13,13,13,13,15,21,30,42,54,63,69,73,76,73,72,75,72,69,70,73,72,71,72,76,76,72,71,72,71,72,72,71,71,71,71,71,71,71,71,71,71,67,62,53,40,32,19,14,15,14,14,14,14,14,13,13,13,13,17,20,22,22,21,21,0,0,0,0,0,0,0,0,0,0,0,0,0,0,0,0,0,0,0,0,0,0,0,0,0,0,0,0,0,0,0,0,0,0,0,0,0,0,0,0,0,0,0,0,0,0,0,0,0,0,0,0
0,0,0,0,0,0,0,0,0,0,0,0,0,0,0,0,0,0,0,0,0,0,0,0,0,0,0,0,0,0,0,0,0,0,0,0,0,0,0,0,0,0,0,0,0,0,0,0,0,0,0,0,0,0,0,0,0,0,0,0,0,0,88,104,97,69,49,22,11,13,15,16,20,15,15,14,14,14,13,12,13,13,20,13,27,47,62,66,71,73,75,73,72,72,70,71,73,75,72,72,70,75,76,72,68,71,72,72,72,72,72,72,72,72,72,73,72,71,71,70,65,57,49,28,13,13,14,14,13,14,14,13,14,13,14,13,16,20,21,21,25,30,26,0,0,0,0,0,0,0,0,0,0,0,0,0,0,0,0,0,0,0,0,0,0,0,0,0,0,0,0,0,0,0,0,0,0,0,0,0,0,0,0,0,0,0,0,0,0,0,0,0,0,0
0,0,0,0,0,0,0,0,0,0,0,0,0,0,0,0,0,0,0,0,0,0,0,0,0,0,0,0,0,0,0,0,0,0,0,0,0,0,0,0,0,0,0,0,0,0,0,0,0,0,0,0,0,0,0,0,0,0,0,0,0,0,100,102,84,55,36,19,12,12,14,15,18,14,14,13,14,13,13,12,12,14,24,33,43,54,60,64,70,72,74,72,70,73,72,68,70,74,71,69,71,76,77,73,68,69,72,72,72,72,72,72,72,72,72,72,72,71,71,71,67,59,52,32,16,13,13,14,13,14,14,14,14,13,13,13,15,18,18,20,25,32,28,0,0,0,0,0,0,0,0,0,0,0,0,0,0,0,0,0,0,0,0,0,0,0,0,0,0,0,0,0,0,0,0,0,0,0,0,0,0,0,0,0,0,0,0,0,0,0,0,0,0,0
0,0,0,0,0,0,0,0,0,0,0,0,0,0,0,0,0,0,0,0,0,0,0,0,0,0,0,0,0,0,0,0,0,0,0,0,0,0,0,0,0,0,0,0,0,0,0,0,0,0,0,0,0,0,0,0,0,0,0,0,0,107,111,99,70,43,25,15,12,13,14,14,16,14,14,13,14,13,13,11,12,14,26,41,54,64,67,68,71,72,73,74,72,70,68,69,73,74,74,72,72,73,73,74,70,70,73,72,72,72,72,72,72,72,72,72,72,71,72,71,68,61,55,38,22,16,13,13,13,14,15,15,15,13,13,13,13,15,16,19,24,30,26,20,0,0,0,0,0,0,0,0,0,0,0,0,0,0,0,0,0,0,0,0,0,0,0,0,0,0,0,0,0,0,0,0,0,0,0,0,0,0,0,0,0,0,0,0,0,0,0,0,0,0
0,0,0,0,0,0,0,0,0,0,0,0,0,0,0,0,0,0,0,0,0,0,0,0,0,0,0,0,0,0,0,0,0,0,0,0,0,0,0,0,0,0,0,0,0,0,0,0,0,0,0,0,0,0,0,0,0,0,0,0,0,102,100,89,55,31,13,13,13,13,14,14,15,14,15,13,14,13,14,11,14,19,29,45,58,70,73,73,73,73,73,75,72,66,66,71,76,75,75,76,71,67,69,75,75,72,72,72,72,72,72,72,72,72,73,72,72,71,71,71,68,63,58,44,30,20,14,14,14,14,16,15,15,13,13,12,12,13,14,18,22,28,25,22,0,0,0,0,0,0,0,0,0,0,0,0,0,0,0,0,0,0,0,0,0,0,0,0,0,0,0,0,0,0,0,0,0,0,0,0,0,0,0,0,0,0,0,0,0,0,0,0,0,0
0,0,0,0,0,0,0,0,0,0,0,0,0,0,0,0,0,0,0,0,0,0,0,0,0,0,0,0,0,0,0,0,0,0,0,0,0,0,0,0,0,0,0,0,0,0,0,0,0,0,0,0,0,0,0,0,0,0,0,0,102,95,87,69,32,19,13,14,14,13,13,15,17,16,15,13,13,14,14,14,21,30,38,59,65,71,72,72,72,74,72,72,69,66,69,70,74,73,70,69,70,72,74,72,70,71,73,72,72,72,72,72,72,73,73,73,72,70,70,71,69,64,60,49,35,23,15,14,14,14,14,14,15,14,14,13,13,12,13,16,19,23,22,22,23,0,0,0,0,0,0,0,0,0,0,0,0,0,0,0,0,0,0,0,0,0,0,0,0,0,0,0,0,0,0,0,0,0,0,0,0,0,0,0,0,0,0,0,0,0,0,0,0,0
0,0,0,0,0,0,0,0,0,0,0,0,0,0,0,0,0,0,0,0,0,0,0,0,0,0,0,0,0,0,0,0,0,0,0,0,0,0,0,0,0,0,0,0,0,0,0,0,0,0,0,0,0,0,0,0,0,0,0,98,99,85,72,52,16,12,14,16,15,13,14,15,18,17,15,14,13,15,15,19,28,43,50,69,69,70,70,70,71,74,73,71,69,67,69,70,71,70,69,70,70,72,75,72,70,71,71,72,72,72,72,72,72,72,74,74,72,70,70,71,70,67,63,57,46,34,23,17,14,14,14,14,14,15,15,14,14,12,12,15,18,20,22,24,25,0,0,0,0,0,0,0,0,0,0,0,0,0,0,0,0,0,0,0,0,0,0,0,0,0,0,0,0,0,0,0,0,0,0,0,0,0,0,0,0,0,0,0,0,0,0,0,0,0
0,0,0,0,0,0,0,0,0,0,0,0,0,0,0,0,0,0,0,0,0,0,0,0,0,0,0,0,0,0,0,0,0,0,0,0,0,0,0,0,0,0,0,0,0,0,0,0,0,0,0,0,0,0,0,0,0,0,0,102,97,76,56,37,14,14,19,17,16,14,14,15,17,16,14,14,13,14,16,24,37,51,61,69,70,71,71,73,73,74,73,73,72,70,69,72,71,70,71,72,71,72,74,71,70,71,72,72,72,72,72,72,71,72,73,75,72,70,70,71,71,69,67,63,54,43,31,19,13,13,14,14,14,14,15,15,15,13,12,15,19,22,26,28,29,0,0,0,0,0,0,0,0,0,0,0,0,0,0,0,0,0,0,0,0,0,0,0,0,0,0,0,0,0,0,0,0,0,0,0,0,0,0,0,0,0,0,0,0,0,0,0,0,0
0,0,0,0,0,0,0,0,0,0,0,0,0,0,0,0,0,0,0,0,0,0,0,0,0,0,0,0,0,0,0,0,0,0,0,0,0,0,0,0,0,0,0,0,0,0,0,0,0,0,0,0,0,0,0,0,0,0,96,106,94,61,36,24,17,17,15,16,16,16,16,15,16,15,15,14,14,13,18,30,44,56,67,70,71,71,72,76,75,74,72,72,71,75,75,73,71,72,71,71,71,72,74,71,70,70,72,72,72,72,73,72,71,71,72,75,73,70,70,71,71,70,68,67,57,45,34,23,15,13,14,14,14,14,15,16,16,13,12,14,18,19,22,25,28,30,0,0,0,0,0,0,0,0,0,0,0,0,0,0,0,0,0,0,0,0,0,0,0,0,0,0,0,0,0,0,0,0,0,0,0,0,0,0,0,0,0,0,0,0,0,0,0,0
0,0,0,0,0,0,0,0,0,0,0,0,0,0,0,0,0,0,0,0,0,0,0,0,0,0,0,0,0,0,0,0,0,0,0,0,0,0,0,0,0,0,0,0,0,0,0,0,0,0,0,0,0,0,0,0,0,105,111,106,82,50,24,15,14,15,15,15,17,18,16,15,15,16,14,14,14,12,20,35,49,60,70,71,72,72,73,75,73,72,72,73,73,74,76,74,71,71,72,72,72,72,72,69,70,69,71,72,72,72,71,71,71,71,71,70,71,71,71,71,71,71,70,70,58,49,38,28,16,13,14,14,13,14,13,14,14,12,12,12,12,17,19,21,23,28,0,0,0,0,0,0,0,0,0,0,0,0,0,0,0,0,0,0,0,0,0,0,0,0,0,0,0,0,0,0,0,0,0,0,0,0,0,0,0,0,0,0,0,0,0,0,0,0
0,0,0,0,0,0,0,0,0,0,0,0,0,0,0,0,0,0,0,0,0,0,0,0,0,0,0,0,0,0,0,0,0,0,0,0,0,0,0,0,0,0,0,0,0,0,0,0,0,0,0,0,0,0,0,0,0,110,112,95,61,30,16,14,15,14,15,15,16,16,14,15,15,15,14,14,12,15,28,45,59,65,69,71,71,70,71,72,69,67,69,72,72,72,73,72,72,73,73,73,72,71,72,70,69,69,71,72,72,72,71,71,71,71,71,70,71,71,71,71,71,71,71,71,62,54,43,32,21,15,14,14,13,13,13,13,14,12,13,12,11,13,16,18,22,28,28,0,0,0,0,0,0,0,0,0,0,0,0,0,0,0,0,0,0,0,0,0,0,0,0,0,0,0,0,0,0,0,0,0,0,0,0,0,0,0,0,0,0,0,0,0,0,0
0,0,0,0,0,0,0,0,0,0,0,0,0,0,0,0,0,0,0,0,0,0,0,0,0,0,0,0,0,0,0,0,0,0,0,0,0,0,0,0,0,0,0,0,0,0,0,0,0,0,0,0,0,0,0,0,100,108,104,74,40,21,14,15,16,15,15,16,15,14,14,14,14,14,14,12,14,24,39,52,63,69,70,71,71,70,73,73,70,66,69,68,69,69,69,71,73,74,75,71,75,74,71,70,70,70,69,72,72,72,71,71,71,71,71,71,71,71,71,71,71,71,71,71,65,60,50,37,25,18,15,15,13,12,12,12,13,14,14,13,11,11,12,16,21,27,29,0,0,0,0,0,0,0,0,0,0,0,0,0,0,0,0,0,0,0,0,0,0,0,0,0,0,0,0,0,0,0,0,0,0,0,0,0,0,0,0,0,0,0,0,0,0,0
0,0,0,0,0,0,0,0,0,0,0,0,0,0,0,0,0,0,0,0,0,0,0,0,0,0,0,0,0,0,0,0,0,0,0,0,0,0,0,0,0,0,0,0,0,0,0,0,0,0,0,0,0,0,0,0,102,97,86,46,25,19,16,15,17,14,14,15,14,14,14,15,14,13,14,12,20,34,50,60,70,76,75,73,73,73,73,73,70,66,67,70,71,70,69,70,71,72,72,72,75,75,72,69,67,66,69,71,71,71,71,71,71,71,71,71,71,71,71,71,71,71,72,76,69,65,55,42,27,20,16,14,13,12,12,12,13,14,14,13,11,11,11,14,20,25,27,23,0,0,0,0,0,0,0,0,0,0,0,0,0,0,0,0,0,0,0,0,0,0,0,0,0,0,0,0,0,0,0,0,0,0,0,0,0,0,0,0,0,0,0,0,0,0
0,0,0,0,0,0,0,0,0,0,0,0,0,0,0,0,0,0,0,0,0,0,0,0,0,0,0,0,0,0,0,0,0,0,0,0,0,0,0,0,0,0,0,0,0,0,0,0,0,0,0,0,0,0,0,99,97,83,70,28,14,15,15,17,17,13,14,14,14,14,15,15,14,13,16,16,31,47,57,63,68,72,71,72,74,74,70,71,72,70,70,71,72,72,72,72,72,74,75,69,69,67,62,64,67,58,50,69,70,71,71,71,71,71,71,71,71,71,71,71,71,72,73,77,72,68,58,45,29,22,16,14,13,12,12,12,12,13,13,12,11,11,10,13,19,23,24,22,0,0,0,0,0,0,0,0,0,0,0,0,0,0,0,0,0,0,0,0,0,0,0,0,0,0,0,0,0,0,0,0,0,0,0,0,0,0,0,0,0,0,0,0,0,0
0,0,0,0,0,0,0,0,0,0,0,0,0,0,0,0,0,0,0,0,0,0,0,0,0,0,0,0,0,0,0,0,0,0,0,0,0,0,0,0,0,0,0,0,0,0,0,0,0,0,0,0,0,0,95,101,87,67,55,19,12,14,15,17,17,13,14,14,14,14,14,15,14,13,21,23,42,57,62,65,68,71,69,70,72,73,69,71,74,74,73,74,73,75,75,74,74,74,73,70,63,57,48,45,48,51,55,68,70,71,71,71,72,72,71,72,72,72,71,71,70,71,72,71,71,70,62,53,39,28,19,15,14,12,12,12,12,13,13,12,11,11,11,14,21,24,23,22,21,0,0,0,0,0,0,0,0,0,0,0,0,0,0,0,0,0,0,0,0,0,0,0,0,0,0,0,0,0,0,0,0,0,0,0,0,0,0,0,0,0,0,0,0,0
0,0,0,0,0,0,0,0,0,0,0,0,0,0,0,0,0,0,0,0,0,0,0,0,0,0,0,0,0,0,0,0,0,0,0,0,0,0,0,0,0,0,0,0,0,0,0,0,0,0,0,0,0,0,103,99,73,49,37,15,12,15,16,15,16,13,13,14,15,14,13,14,16,17,28,29,45,57,62,68,72,75,71,70,72,73,69,70,73,72,72,70,70,73,76,76,76,74,69,67,58,44,30,24,30,46,56,66,68,70,71,71,72,72,72,72,73,72,71,70,70,70,71,68,72,72,69,61,50,36,25,17,16,13,12,13,13,13,13,13,11,11,11,13,21,24,23,22,22,0,0,0,0,0,0,0,0,0,0,0,0,0,0,0,0,0,0,0,0,0,0,0,0,0,0,0,0,0,0,0,0,0,0,0,0,0,0,0,0,0,0,0,0,0
0,0,0,0,0,0,0,0,0,0,0,0,0,0,0,0,0,0,0,0,0,0,0,0,0,0,0,0,0,0,0,0,0,0,0,0,0,0,0,0,0,0,0,0,0,0,0,0,0,0,0,0,0,90,106,94,61,34,23,15,13,15,16,14,15,13,13,14,15,14,13,14,18,21,34,41,55,65,68,71,73,76,71,71,72,71,69,69,72,71,73,69,69,73,76,75,75,70,61,61,46,25,13,7,11,35,49,63,66,69,70,71,72,72,72,72,73,73,71,70,70,70,70,69,72,70,70,63,52,37,28,17,17,13,12,13,13,13,13,13,12,11,11,11,17,22,21,23,22,17,0,0,0,0,0,0,0,0,0,0,0,0,0,0,0,0,0,0,0,0,0,0,0,0,0,0,0,0,0,0,0,0,0,0,0,0,0,0,0,0,0,0,0,0
0,0,0,0,0,0,0,0,0,0,0,0,0,0,0,0,0,0,0,0,0,0,0,0,0,0,0,0,0,0,0,0,0,0,0,0,0,0,0,0,0,0,0,0,0,0,0,0,0,0,0,0,89,93,87,73,48,28,15,14,14,14,14,13,13,14,15,14,15,14,13,12,18,24,34,55,62,70,76,77,76,75,72,73,72,72,69,66,69,72,76,72,74,73,72,75,72,60,54,46,29,16,7,5,18,25,34,48,57,61,64,69,71,72,72,73,75,73,70,69,69,70,71,70,71,71,70,63,50,36,26,20,17,12,11,12,13,14,14,14,13,14,15,14,16,18,22,23,25,21,0,0,0,0,0,0,0,0,0,0,0,0,0,0,0,0,0,0,0,0,0,0,0,0,0,0,0,0,0,0,0,0,0,0,0,0,0,0,0,0,0,0,0,0
0,0,0,0,0,0,0,0,0,0,0,0,0,0,0,0,0,0,0,0,0,0,0,0,0,0,0,0,0,0,0,0,0,0,0,0,0,0,0,0,0,0,0,0,0,0,0,0,0,0,0,0,94,89,72,53,30,17,13,15,15,14,14,14,14,14,15,15,15,14,12,13,20,29,45,66,68,71,74,75,76,75,72,71,71,72,71,70,70,70,71,71,69,69,71,70,63,52,41,32,19,10,2,3,10,14,26,33,46,55,62,68,69,70,72,73,74,73,70,69,69,70,71,71,72,72,71,66,55,41,29,23,19,13,13,13,14,14,14,14,14,14,15,15,15,14,16,23,27,22,22,0,0,0,0,0,0,0,0,0,0,0,0,0,0,0,0,0,0,0,0,0,0,0,0,0,0,0,0,0,0,0,0,0,0,0,0,0,0,0,0,0,0,0
0,0,0,0,0,0,0,0,0,0,0,0,0,0,0,0,0,0,0,0,0,0,0,0,0,0,0,0,0,0,0,0,0,0,0,0,0,0,0,0,0,0,0,0,0,0,0,0,0,0,0,90,94,82,58,35,16,11,15,15,14,14,13,13,13,13,13,14,14,12,13,17,27,39,55,74,74,72,71,70,71,73,72,69,69,71,74,75,74,69,67,66,65,69,70,63,51,41,28,20,13,7,2,3,5,7,17,22,36,49,59,68,69,69,71,73,74,72,70,69,69,70,71,71,73,74,73,69,61,49,36,29,23,15,13,14,14,15,15,15,15,15,16,16,15,12,12,23,29,24,27,0,0,0,0,0,0,0,0,0,0,0,0,0,0,0,0,0,0,0,0,0,0,0,0,0,0,0,0,0,0,0,0,0,0,0,0,0,0,0,0,0,0,0
0,0,0,0,0,0,0,0,0,0,0,0,0,0,0,0,0,0,0,0,0,0,0,0,0,0,0,0,0,0,0,0,0,0,0,0,0,0,0,0,0,0,0,0,0,0,0,0,0,0,79,95,88,70,43,21,10,12,16,15,14,14,13,13,13,13,13,13,14,12,12,20,36,49,65,81,78,72,67,65,68,73,75,70,69,69,73,78,76,70,66,66,66,69,66,53,37,29,15,12,9,5,4,5,3,3,10,13,27,44,57,66,68,68,70,72,72,71,70,70,70,70,71,72,74,75,74,70,65,56,44,35,26,18,14,14,13,15,15,14,14,15,15,16,14,12,11,21,28,24,27,25,0,0,0,0,0,0,0,0,0,0,0,0,0,0,0,0,0,0,0,0,0,0,0,0,0,0,0,0,0,0,0,0,0,0,0,0,0,0,0,0,0,0
0,0,0,0,0,0,0,0,0,0,0,0,0,0,0,0,0,0,0,0,0,0,0,0,0,0,0,0,0,0,0,0,0,0,0,0,0,0,0,0,0,0,0,0,0,0,0,0,0,0,90,96,75,51,29,17,13,14,14,14,14,14,14,13,13,12,13,14,14,12,13,24,43,56,72,84,78,71,66,65,69,73,75,72,70,68,71,75,75,71,69,70,68,66,59,45,28,20,8,7,7,3,4,5,1,4,6,9,16,30,44,55,62,66,68,70,70,70,69,70,70,71,72,72,74,75,73,71,68,62,51,42,32,22,16,14,13,14,14,14,14,14,14,14,13,11,11,17,24,24,25,24,0,0,0,0,0,0,0,0,0,0,0,0,0,0,0,0,0,0,0,0,0,0,0,0,0,0,0,0,0,0,0,0,0,0,0,0,0,0,0,0,0,0
0,0,0,0,0,0,0,0,0,0,0,0,0,0,0,0,0,0,0,0,0,0,0,0,0,0,0,0,0,0,0,0,0,0,0,0,0,0,0,0,0,0,0,0,0,0,0,0,0,85,95,89,61,33,18,18,18,15,14,15,14,14,14,13,13,12,12,12,12,13,21,37,54,60,71,77,75,73,70,69,70,71,72,72,71,69,69,70,71,72,73,72,67,61,51,37,20,12,6,7,7,1,3,4,2,4,5,8,9,17,30,44,56,64,68,69,70,69,69,69,69,70,71,71,72,72,73,74,74,68,59,49,37,27,16,13,13,14,14,14,14,14,13,13,13,11,13,17,22,24,23,23,17,0,0,0,0,0,0,0,0,0,0,0,0,0,0,0,0,0,0,0,0,0,0,0,0,0,0,0,0,0,0,0,0,0,0,0,0,0,0,0,0,0
0,0,0,0,0,0,0,0,0,0,0,0,0,0,0,0,0,0,0,0,0,0,0,0,0,0,0,0,0,0,0,0,0,0,0,0,0,0,0,0,0,0,0,0,0,0,0,0,0,95,98,77,46,21,12,17,18,15,15,16,16,15,14,14,14,13,13,11,13,19,32,51,65,63,69,71,72,76,76,74,72,70,69,71,72,71,70,69,70,72,73,69,61,50,38,24,11,4,2,6,6,0,2,3,2,2,3,4,7,15,25,36,47,57,67,69,69,69,69,69,69,69,71,70,70,70,72,76,77,73,66,55,43,31,17,12,12,13,13,13,13,12,12,12,12,11,13,18,22,22,23,24,18,0,0,0,0,0,0,0,0,0,0,0,0,0,0,0,0,0,0,0,0,0,0,0,0,0,0,0,0,0,0,0,0,0,0,0,0,0,0,0,0,0
0,0,0,0,0,0,0,0,0,0,0,0,0,0,0,0,0,0,0,0,0,0,0,0,0,0,0,0,0,0,0,0,0,0,0,0,0,0,0,0,0,0,0,0,0,0,0,0,95,104,94,59,30,14,12,15,16,15,15,16,16,15,14,14,13,13,13,12,19,28,40,57,71,67,71,70,70,75,77,76,74,70,68,70,72,73,72,70,70,71,70,64,52,37,23,14,8,4,3,5,5,1,1,2,3,1,3,3,5,10,16,26,36,48,62,68,69,69,70,70,70,70,71,70,70,70,72,75,76,73,68,60,49,38,22,15,12,13,12,13,13,12,12,11,12,12,14,17,20,20,23,25,20,0,0,0,0,0,0,0,0,0,0,0,0,0,0,0,0,0,0,0,0,0,0,0,0,0,0,0,0,0,0,0,0,0,0,0,0,0,0,0,0,0
0,0,0,0,0,0,0,0,0,0,0,0,0,0,0,0,0,0,0,0,0,0,0,0,0,0,0,0,0,0,0,0,0,0,0,0,0,0,0,0,0,0,0,0,0,0,0,101,110,98,71,34,15,11,12,14,16,15,15,15,14,14,14,13,12,12,11,12,25,37,47,60,71,71,73,71,70,73,76,72,73,73,70,72,73,76,75,73,71,70,69,65,45,23,11,8,5,4,3,4,3,1,1,2,2,2,2,1,3,7,9,16,27,39,57,67,66,68,70,70,69,69,71,71,71,71,72,74,74,72,69,64,54,40,25,16,12,12,13,14,13,13,13,12,12,11,12,15,16,18,22,25,23,21,0,0,0,0,0,0,0,0,0,0,0,0,0,0,0,0,0,0,0,0,0,0,0,0,0,0,0,0,0,0,0,0,0,0,0,0,0,0,0,0
0,0,0,0,0,0,0,0,0,0,0,0,0,0,0,0,0,0,0,0,0,0,0,0,0,0,0,0,0,0,0,0,0,0,0,0,0,0,0,0,0,0,0,0,0,0,0,105,102,79,54,25,13,11,12,14,15,15,15,15,16,19,17,13,12,12,11,12,32,48,55,63,72,72,73,72,70,72,73,70,71,73,71,72,73,75,75,74,71,69,68,59,38,17,8,7,5,4,2,3,3,1,1,2,2,1,1,1,2,4,6,11,21,35,54,66,67,69,70,70,69,69,72,70,71,71,71,71,71,71,72,68,60,47,32,20,14,13,13,13,13,14,14,13,13,12,11,13,13,14,20,25,26,23,0,0,0,0,0,0,0,0,0,0,0,0,0,0,0,0,0,0,0,0,0,0,0,0,0,0,0,0,0,0,0,0,0,0,0,0,0,0,0,0
0,0,0,0,0,0,0,0,0,0,0,0,0,0,0,0,0,0,0,0,0,0,0,0,0,0,0,0,0,0,0,0,0,0,0,0,0,0,0,0,0,0,0,0,0,0,110,110,90,57,35,21,16,14,13,15,15,15,16,14,14,15,14,13,12,12,12,21,39,55,63,66,68,70,71,71,69,70,71,68,70,72,70,71,72,73,73,74,71,69,68,55,34,15,8,8,6,5,3,2,2,1,1,1,1,0,1,2,2,4,5,10,19,34,54,65,67,70,71,71,69,68,71,70,72,72,70,69,69,71,74,71,65,55,40,26,16,14,13,14,13,14,14,13,13,12,12,11,11,13,18,23,25,24,21,0,0,0,0,0,0,0,0,0,0,0,0,0,0,0,0,0,0,0,0,0,0,0,0,0,0,0,0,0,0,0,0,0,0,0,0,0,0,0
0,0,0,0,0,0,0,0,0,0,0,0,0,0,0,0,0,0,0,0,0,0,0,0,0,0,0,0,0,0,0,0,0,0,0,0,0,0,0,0,0,0,0,0,0,112,113,103,75,39,21,19,17,14,13,15,15,16,16,15,14,14,14,12,11,16,18,31,47,60,68,68,65,68,70,70,69,70,70,69,70,70,69,69,70,71,71,73,71,69,68,53,33,16,9,7,4,4,3,2,2,1,1,1,1,0,0,0,2,4,3,9,18,35,55,63,68,71,72,72,70,68,70,70,73,73,70,68,67,70,75,75,69,60,46,29,17,15,15,15,14,14,13,13,13,12,12,12,11,13,18,21,22,23,21,0,0,0,0,0,0,0,0,0,0,0,0,0,0,0,0,0,0,0,0,0,0,0,0,0,0,0,0,0,0,0,0,0,0,0,0,0,0,0
0,0,0,0,0,0,0,0,0,0,0,0,0,0,0,0,0,0,0,0,0,0,0,0,0,0,0,0,0,0,0,0,0,0,0,0,0,0,0,0,0,0,0,0,0,117,107,88,59,30,18,16,14,13,14,15,15,16,15,14,14,13,12,11,13,22,25,40,54,66,71,69,66,70,72,71,71,70,69,71,71,70,70,68,69,70,71,72,70,69,69,53,32,15,8,5,2,3,2,2,1,1,2,1,1,0,0,1,2,3,2,7,16,34,55,64,68,71,72,73,71,70,70,70,73,73,70,67,66,70,76,76,71,63,51,34,20,17,18,15,14,14,13,14,14,13,12,13,12,12,15,19,22,23,21,19,0,0,0,0,0,0,0,0,0,0,0,0,0,0,0,0,0,0,0,0,0,0,0,0,0,0,0,0,0,0,0,0,0,0,0,0,0,0
0,0,0,0,0,0,0,0,0,0,0,0,0,0,0,0,0,0,0,0,0,0,0,0,0,0,0,0,0,0,0,0,0,0,0,0,0,0,0,0,0,0,0,0,115,113,93,66,39,21,18,15,13,14,15,15,15,16,15,14,15,12,11,12,18,30,37,54,62,68,72,71,68,72,75,73,75,72,71,75,74,71,71,66,66,69,70,72,70,70,69,54,32,14,6,3,1,3,3,2,1,1,2,1,1,1,0,1,3,4,2,6,16,34,56,65,69,71,71,72,72,72,72,71,71,71,71,69,69,70,71,72,70,65,57,42,28,20,20,17,14,13,13,13,14,13,13,14,12,11,13,16,20,23,22,22,0,0,0,0,0,0,0,0,0,0,0,0,0,0,0,0,0,0,0,0,0,0,0,0,0,0,0,0,0,0,0,0,0,0,0,0,0,0
0,0,0,0,0,0,0,0,0,0,0,0,0,0,0,0,0,0,0,0,0,0,0,0,0,0,0,0,0,0,0,0,0,0,0,0,0,0,0,0,0,0,0,0,112,102,75,46,25,17,17,15,13,14,14,15,15,15,15,13,13,11,10,13,21,34,47,65,68,70,72,73,70,74,78,75,78,75,72,78,75,71,73,66,65,68,70,71,70,70,69,54,32,13,4,1,0,2,2,2,1,1,2,1,1,1,1,1,3,4,3,7,16,35,57,65,70,72,72,71,71,72,71,71,69,70,71,72,71,71,69,70,70,67,63,52,38,25,20,20,15,13,12,13,14,14,14,13,13,11,11,14,18,22,24,26,26,0,0,0,0,0,0,0,0,0,0,0,0,0,0,0,0,0,0,0,0,0,0,0,0,0,0,0,0,0,0,0,0,0,0,0,0,0
0,0,0,0,0,0,0,0,0,0,0,0,0,0,0,0,0,0,0,0,0,0,0,0,0,0,0,0,0,0,0,0,0,0,0,0,0,0,0,0,0,0,0,103,106,90,62,36,21,16,13,14,14,15,14,15,16,14,14,15,12,11,13,20,29,39,56,60,67,72,71,72,71,74,76,77,81,76,72,78,76,72,75,68,66,69,71,71,70,70,68,53,32,14,4,1,0,2,3,2,1,1,1,0,1,2,1,2,4,3,3,6,17,36,58,65,70,73,73,71,70,71,69,71,69,70,71,69,69,71,71,72,73,70,65,57,44,29,22,21,16,14,13,15,15,14,13,13,14,11,11,14,18,23,25,23,24,0,0,0,0,0,0,0,0,0,0,0,0,0,0,0,0,0,0,0,0,0,0,0,0,0,0,0,0,0,0,0,0,0,0,0,0,0
0,0,0,0,0,0,0,0,0,0,0,0,0,0,0,0,0,0,0,0,0,0,0,0,0,0,0,0,0,0,0,0,0,0,0,0,0,0,0,0,0,0,99,98,90,63,37,22,18,15,13,15,14,14,14,15,15,14,13,15,13,12,16,24,38,46,60,63,67,75,72,70,73,72,76,78,82,77,71,75,74,71,74,70,70,71,71,71,70,70,64,50,29,12,4,1,1,5,2,2,1,1,1,1,2,2,2,3,5,5,5,8,19,37,59,66,72,74,74,70,68,70,69,71,70,70,69,68,71,72,72,73,77,73,68,62,51,34,21,20,16,14,13,14,14,13,12,12,13,11,11,14,20,25,25,25,24,22,0,0,0,0,0,0,0,0,0,0,0,0,0,0,0,0,0,0,0,0,0,0,0,0,0,0,0,0,0,0,0,0,0,0,0,0
0,0,0,0,0,0,0,0,0,0,0,0,0,0,0,0,0,0,0,0,0,0,0,0,0,0,0,0,0,0,0,0,0,0,0,0,0,0,0,0,0,0,107,99,88,55,26,12,14,14,14,14,14,14,15,15,15,14,14,15,17,16,17,30,49,56,64,67,69,72,70,67,69,69,72,76,78,75,70,72,71,70,71,71,71,71,70,69,68,67,59,50,28,10,3,1,1,6,5,2,2,2,2,2,2,2,2,3,4,4,4,8,19,37,60,67,73,75,72,68,68,71,72,73,71,70,68,68,69,69,71,73,78,74,68,64,57,40,23,21,16,14,13,14,15,14,12,13,12,11,11,13,18,24,27,26,24,22,0,0,0,0,0,0,0,0,0,0,0,0,0,0,0,0,0,0,0,0,0,0,0,0,0,0,0,0,0,0,0,0,0,0,0,0
0,0,0,0,0,0,0,0,0,0,0,0,0,0,0,0,0,0,0,0,0,0,0,0,0,0,0,0,0,0,0,0,0,0,0,0,0,0,0,0,0,115,118,90,72,38,17,13,17,14,12,13,14,15,15,15,15,14,14,15,17,17,22,38,58,64,70,71,71,71,70,70,70,70,74,74,72,73,72,72,73,75,73,72,71,70,68,67,69,70,60,49,26,7,3,2,4,5,3,2,2,2,2,2,2,2,2,4,4,3,4,9,21,39,61,66,72,76,72,68,70,72,72,75,73,71,69,68,68,68,70,73,76,71,68,67,63,49,33,27,19,14,13,14,15,13,12,13,12,12,11,12,15,22,27,25,23,22,19,0,0,0,0,0,0,0,0,0,0,0,0,0,0,0,0,0,0,0,0,0,0,0,0,0,0,0,0,0,0,0,0,0,0,0
0,0,0,0,0,0,0,0,0,0,0,0,0,0,0,0,0,0,0,0,0,0,0,0,0,0,0,0,0,0,0,0,0,0,0,0,0,0,0,0,102,111,104,75,48,20,12,16,20,15,12,13,14,16,16,16,15,14,14,14,14,18,28,44,60,66,72,73,72,71,70,74,72,74,76,73,71,75,77,73,74,78,75,74,73,72,71,70,72,71,58,45,25,8,3,1,1,4,4,1,2,2,2,2,2,2,2,4,3,2,4,9,22,41,61,63,70,74,71,69,72,74,72,74,71,71,71,70,69,68,69,71,72,70,69,69,66,55,42,35,22,14,14,14,14,13,13,13,13,13,13,12,13,18,25,23,21,21,19,0,0,0,0,0,0,0,0,0,0,0,0,0,0,0,0,0,0,0,0,0,0,0,0,0,0,0,0,0,0,0,0,0,0,0
0,0,0,0,0,0,0,0,0,0,0,0,0,0,0,0,0,0,0,0,0,0,0,0,0,0,0,0,0,0,0,0,0,0,0,0,0,0,0,0,104,98,87,59,31,13,12,18,18,15,12,13,14,16,17,17,16,13,14,13,16,26,39,51,63,68,72,74,75,72,70,74,75,76,74,72,69,74,76,69,70,74,72,72,71,70,70,71,72,68,53,36,20,7,3,3,1,2,1,1,2,2,2,2,2,2,3,3,2,1,4,9,23,43,59,64,70,73,72,70,73,78,73,70,67,69,72,71,72,72,70,69,71,70,71,71,68,57,44,40,24,14,14,15,14,14,13,14,13,14,14,14,13,17,22,21,21,21,20,20,0,0,0,0,0,0,0,0,0,0,0,0,0,0,0,0,0,0,0,0,0,0,0,0,0,0,0,0,0,0,0,0,0,0
0,0,0,0,0,0,0,0,0,0,0,0,0,0,0,0,0,0,0,0,0,0,0,0,0,0,0,0,0,0,0,0,0,0,0,0,0,0,0,98,101,85,68,44,22,14,15,19,17,14,12,13,14,16,16,17,15,13,14,16,23,37,51,60,68,71,72,74,77,72,70,72,78,77,74,73,66,65,67,64,67,70,69,69,68,68,68,69,71,68,54,45,26,9,2,2,1,2,1,1,2,2,2,2,2,3,4,6,5,4,6,11,26,46,57,64,71,73,75,72,72,77,70,70,67,70,73,73,75,75,73,72,71,70,74,74,69,59,51,44,27,16,15,15,14,14,15,15,14,14,14,14,14,16,19,20,20,21,21,20,0,0,0,0,0,0,0,0,0,0,0,0,0,0,0,0,0,0,0,0,0,0,0,0,0,0,0,0,0,0,0,0,0,0
0,0,0,0,0,0,0,0,0,0,0,0,0,0,0,0,0,0,0,0,0,0,0,0,0,0,0,0,0,0,0,0,0,0,0,0,0,0,89,102,98,79,60,29,15,13,13,16,15,13,12,14,15,16,16,16,15,13,14,24,33,46,58,66,69,70,72,73,74,72,71,72,77,75,73,70,61,52,51,51,53,53,53,55,56,55,55,56,59,57,45,30,19,7,2,1,1,2,1,1,2,2,2,2,2,3,4,8,5,4,6,12,27,47,52,63,70,73,73,70,69,73,71,69,69,70,72,73,74,74,74,75,71,69,75,76,70,63,60,50,34,22,17,14,14,15,15,14,13,14,13,13,14,14,16,19,19,20,20,19,0,0,0,0,0,0,0,0,0,0,0,0,0,0,0,0,0,0,0,0,0,0,0,0,0,0,0,0,0,0,0,0,0,0
0,0,0,0,0,0,0,0,0,0,0,0,0,0,0,0,0,0,0,0,0,0,0,0,0,0,0,0,0,0,0,0,0,0,0,0,0,0,100,100,82,57,40,18,11,14,14,15,14,13,13,14,15,16,16,16,15,14,17,35,45,55,61,69,72,71,73,74,71,73,73,76,73,71,71,61,54,43,36,32,28,25,27,28,28,26,25,27,31,34,26,17,11,4,2,1,1,1,0,1,2,2,2,2,2,2,3,4,1,1,2,9,25,46,47,55,61,61,58,56,56,63,68,66,68,68,68,70,71,70,72,73,72,70,74,75,71,66,64,57,42,29,20,15,15,16,16,14,13,13,13,13,13,13,14,19,19,19,20,18,18,0,0,0,0,0,0,0,0,0,0,0,0,0,0,0,0,0,0,0,0,0,0,0,0,0,0,0,0,0,0,0,0,0
0,0,0,0,0,0,0,0,0,0,0,0,0,0,0,0,0,0,0,0,0,0,0,0,0,0,0,0,0,0,0,0,0,0,0,0,0,92,90,98,68,25,17,11,10,12,13,14,14,14,15,16,16,16,16,15,14,15,21,39,50,58,65,71,72,74,72,73,70,71,72,72,73,72,70,56,48,36,25,12,7,7,6,7,8,7,7,7,10,13,11,9,6,3,1,3,2,2,0,1,2,2,2,2,2,2,2,4,2,1,2,8,19,32,30,36,39,38,34,36,39,41,46,47,51,55,61,65,69,71,72,73,70,70,72,74,72,69,66,57,48,35,21,16,15,17,17,14,13,12,12,13,14,14,14,18,18,20,20,20,20,0,0,0,0,0,0,0,0,0,0,0,0,0,0,0,0,0,0,0,0,0,0,0,0,0,0,0,0,0,0,0,0,0
0,0,0,0,0,0,0,0,0,0,0,0,0,0,0,0,0,0,0,0,0,0,0,0,0,0,0,0,0,0,0,0,0,0,0,0,0,96,92,88,58,21,14,11,11,12,13,14,14,15,15,16,17,18,17,15,14,20,30,46,58,66,69,72,71,72,71,71,74,72,69,67,72,74,75,56,48,36,21,6,2,2,1,2,4,3,3,1,2,4,2,4,3,3,5,6,6,4,3,1,1,2,2,2,2,2,2,2,2,3,2,3,7,15,13,14,15,13,11,13,16,18,22,22,27,34,45,56,63,67,72,71,71,71,71,72,72,72,70,64,56,42,27,15,14,16,17,13,13,12,12,13,13,13,13,17,18,19,20,20,20,19,0,0,0,0,0,0,0,0,0,0,0,0,0,0,0,0,0,0,0,0,0,0,0,0,0,0,0,0,0,0,0,0
0,0,0,0,0,0,0,0,0,0,0,0,0,0,0,0,0,0,0,0,0,0,0,0,0,0,0,0,0,0,0,0,0,0,0,0,109,100,81,63,22,16,14,14,13,13,15,15,15,15,15,16,16,17,16,17,18,26,39,56,65,69,71,74,74,72,70,68,75,72,68,67,72,74,72,60,49,34,17,4,1,3,3,5,4,3,3,1,1,3,2,4,4,3,5,5,5,3,2,1,1,1,1,1,1,1,1,1,2,2,1,0,1,3,3,4,3,2,2,4,6,6,8,8,11,16,27,44,57,65,70,71,70,70,71,73,73,73,72,68,61,48,32,15,12,15,16,14,13,13,13,13,13,13,12,17,18,19,20,20,21,21,0,0,0,0,0,0,0,0,0,0,0,0,0,0,0,0,0,0,0,0,0,0,0,0,0,0,0,0,0,0,0,0
0,0,0,0,0,0,0,0,0,0,0,0,0,0,0,0,0,0,0,0,0,0,0,0,0,0,0,0,0,0,0,0,0,0,0,90,105,98,67,43,22,14,14,14,14,14,16,15,15,14,14,15,15,15,15,20,24,34,47,65,70,69,70,76,77,74,70,69,74,71,69,69,72,73,68,63,48,29,13,7,3,4,5,5,4,5,6,3,2,4,3,3,2,1,1,1,1,1,1,1,1,1,1,1,1,1,1,2,2,1,1,0,1,3,3,4,2,2,2,3,4,4,3,4,6,10,21,41,58,68,71,71,68,69,72,75,73,71,71,69,64,56,39,23,14,14,14,14,14,13,13,13,12,12,13,16,17,18,19,21,22,22,22,0,0,0,0,0,0,0,0,0,0,0,0,0,0,0,0,0,0,0,0,0,0,0,0,0,0,0,0,0,0,0
0,0,0,0,0,0,0,0,0,0,0,0,0,0,0,0,0,0,0,0,0,0,0,0,0,0,0,0,0,0,0,0,0,0,0,99,103,82,51,23,14,19,14,14,14,14,15,15,15,14,13,13,13,13,14,21,29,43,56,69,73,71,71,74,76,74,72,72,71,71,73,73,72,74,69,64,50,31,16,12,6,3,3,3,3,4,6,4,3,4,4,3,1,1,1,1,1,1,1,1,1,1,1,1,1,1,1,1,2,1,3,3,4,4,6,6,4,3,3,3,5,5,2,4,6,14,27,45,61,71,71,69,67,69,71,73,71,70,70,70,67,62,48,33,19,14,13,14,13,13,12,12,12,13,14,14,16,17,19,21,22,23,23,0,0,0,0,0,0,0,0,0,0,0,0,0,0,0,0,0,0,0,0,0,0,0,0,0,0,0,0,0,0,0
0,0,0,0,0,0,0,0,0,0,0,0,0,0,0,0,0,0,0,0,0,0,0,0,0,0,0,0,0,0,0,0,0,0,91,98,90,65,39,19,11,19,15,14,14,15,15,15,15,14,14,13,12,11,13,23,36,51,61,70,72,72,71,72,74,73,74,73,69,71,76,78,74,74,68,65,54,35,18,11,6,2,2,2,2,2,3,2,2,4,4,4,3,3,1,2,1,1,1,1,1,1,1,1,1,1,1,1,3,1,4,3,4,3,6,4,4,4,5,5,6,6,2,7,8,19,33,48,59,69,71,71,70,70,70,73,73,72,70,69,69,64,55,40,26,16,15,14,13,12,12,12,12,13,14,13,15,16,19,21,23,24,23,21,0,0,0,0,0,0,0,0,0,0,0,0,0,0,0,0,0,0,0,0,0,0,0,0,0,0,0,0,0,0
0,0,0,0,0,0,0,0,0,0,0,0,0,0,0,0,0,0,0,0,0,0,0,0,0,0,0,0,0,0,0,0,0,82,97,92,74,45,24,13,12,14,13,14,14,15,14,14,13,13,13,13,12,12,20,31,45,57,63,70,71,71,72,72,73,73,73,76,71,72,75,76,73,72,70,62,50,32,16,5,1,1,1,1,2,1,1,2,1,1,1,2,1,1,1,1,1,1,2,1,1,1,1,1,1,2,2,2,2,2,2,2,3,3,4,2,3,4,7,7,8,7,2,6,7,18,32,47,57,68,72,73,71,70,69,73,75,74,70,69,68,65,60,47,35,24,19,15,13,12,11,12,12,13,13,13,15,16,18,21,23,25,25,22,0,0,0,0,0,0,0,0,0,0,0,0,0,0,0,0,0,0,0,0,0,0,0,0,0,0,0,0,0,0
0,0,0,0,0,0,0,0,0,0,0,0,0,0,0,0,0,0,0,0,0,0,0,0,0,0,0,0,0,0,0,0,0,97,94,83,54,31,12,10,10,17,20,14,14,15,14,14,13,14,14,13,15,20,31,40,52,62,66,71,71,71,73,71,73,73,73,74,74,75,75,72,70,70,72,61,46,29,17,5,1,2,2,6,7,3,1,1,1,2,2,1,2,1,2,1,1,1,2,1,1,1,1,1,1,2,2,2,2,2,1,2,2,2,3,2,2,3,6,6,6,5,2,5,8,18,31,48,59,68,72,72,70,70,70,72,72,72,70,69,66,67,63,54,41,29,18,16,13,11,11,12,12,13,13,13,14,14,16,19,22,25,25,22,20,0,0,0,0,0,0,0,0,0,0,0,0,0,0,0,0,0,0,0,0,0,0,0,0,0,0,0,0,0
0,0,0,0,0,0,0,0,0,0,0,0,0,0,0,0,0,0,0,0,0,0,0,0,0,0,0,0,0,0,0,0,73,100,87,61,31,15,10,10,12,14,16,15,15,15,14,13,14,12,12,12,16,24,35,49,61,69,71,71,70,71,71,70,73,74,72,72,72,75,74,71,70,71,73,67,48,29,21,11,6,3,3,2,2,1,1,3,3,5,4,5,3,1,1,1,0,2,1,1,1,1,1,1,1,2,2,2,2,2,3,1,2,1,2,1,2,3,4,5,6,6,2,3,6,17,32,47,61,70,71,72,69,70,71,72,73,70,69,69,68,67,64,56,43,28,18,16,14,13,11,12,12,14,13,15,14,14,13,13,19,23,26,22,22,0,0,0,0,0,0,0,0,0,0,0,0,0,0,0,0,0,0,0,0,0,0,0,0,0,0,0,0,0
0,0,0,0,0,0,0,0,0,0,0,0,0,0,0,0,0,0,0,0,0,0,0,0,0,0,0,0,0,0,0,0,88,96,72,40,16,13,14,12,12,15,14,15,15,15,14,13,13,12,13,12,18,28,41,55,65,72,72,71,70,71,71,71,72,73,72,70,71,74,72,70,69,70,73,69,50,39,41,42,35,29,31,30,25,20,21,22,18,21,15,7,4,1,1,2,1,1,1,1,1,1,1,1,1,1,2,2,1,1,2,1,2,1,1,1,1,1,1,2,4,5,2,1,5,15,30,47,62,70,70,70,69,70,71,72,71,69,68,69,69,68,65,59,46,31,22,20,15,12,11,13,12,13,13,13,13,14,13,12,15,19,23,21,21,18,0,0,0,0,0,0,0,0,0,0,0,0,0,0,0,0,0,0,0,0,0,0,0,0,0,0,0,0
0,0,0,0,0,0,0,0,0,0,0,0,0,0,0,0,0,0,0,0,0,0,0,0,0,0,0,0,0,0,0,85,92,83,58,24,10,14,18,15,14,16,15,15,15,16,15,13,13,13,14,19,26,36,48,60,68,73,73,70,69,70,71,71,72,74,73,71,71,72,71,71,71,71,73,68,57,59,66,69,63,60,58,54,50,46,47,46,42,47,32,14,9,3,1,1,1,1,1,1,1,1,1,1,1,1,1,2,2,3,3,5,5,5,4,4,5,5,6,7,6,7,6,8,12,20,33,49,64,70,70,69,69,70,71,71,69,68,68,68,68,67,67,64,53,38,28,23,18,14,11,13,13,13,14,13,13,13,13,12,13,14,18,20,22,20,0,0,0,0,0,0,0,0,0,0,0,0,0,0,0,0,0,0,0,0,0,0,0,0,0,0,0,0
0,0,0,0,0,0,0,0,0,0,0,0,0,0,0,0,0,0,0,0,0,0,0,0,0,0,0,0,0,0,75,91,87,68,44,16,11,14,15,15,14,14,15,15,15,15,15,13,13,12,16,25,36,46,57,67,71,73,72,70,69,69,71,71,72,74,74,73,70,67,69,73,75,72,70,70,63,71,78,77,70,70,72,71,68,64,64,63,62,63,44,26,18,8,2,1,1,1,1,1,1,1,1,1,1,1,1,2,4,5,7,13,18,22,24,26,29,30,31,30,27,26,27,30,34,39,46,57,66,70,70,70,71,71,70,70,70,70,69,68,67,67,70,70,62,47,34,25,21,16,11,13,14,14,14,14,14,14,14,12,12,12,16,21,23,22,19,0,0,0,0,0,0,0,0,0,0,0,0,0,0,0,0,0,0,0,0,0,0,0,0,0,0,0
0,0,0,0,0,0,0,0,0,0,0,0,0,0,0,0,0,0,0,0,0,0,0,0,0,0,0,0,0,0,81,89,80,53,27,10,11,12,11,14,15,14,14,15,15,14,14,13,13,14,18,27,40,52,61,69,70,71,70,70,68,69,71,71,72,74,75,75,70,64,68,76,78,72,66,70,70,72,72,72,70,69,74,74,74,74,73,70,69,64,48,31,18,7,2,2,1,2,1,1,1,1,1,1,0,1,1,3,5,6,11,21,34,45,51,54,57,59,61,58,55,54,56,56,58,60,62,66,69,69,70,71,73,73,70,69,71,72,71,70,69,70,74,75,68,54,39,29,22,16,11,13,14,14,14,14,15,16,16,13,11,11,16,21,25,24,20,0,0,0,0,0,0,0,0,0,0,0,0,0,0,0,0,0,0,0,0,0,0,0,0,0,0,0
0,0,0,0,0,0,0,0,0,0,0,0,0,0,0,0,0,0,0,0,0,0,0,0,0,0,0,0,0,75,83,82,67,38,17,9,11,13,12,13,15,14,14,15,14,14,14,13,13,17,23,34,48,57,64,70,68,69,69,70,69,70,72,71,72,74,74,75,71,66,69,75,76,72,67,67,72,72,68,67,70,70,72,75,77,76,70,69,72,65,49,33,14,3,2,4,2,2,2,1,1,1,1,0,0,1,2,4,6,7,13,25,42,55,63,66,69,70,73,71,69,68,69,68,69,69,70,71,70,69,69,71,73,72,70,69,71,73,71,71,70,71,75,75,68,57,43,29,24,20,12,13,13,14,13,14,15,15,15,13,12,10,13,19,24,25,20,0,0,0,0,0,0,0,0,0,0,0,0,0,0,0,0,0,0,0,0,0,0,0,0,0,0,0
0,0,0,0,0,0,0,0,0,0,0,0,0,0,0,0,0,0,0,0,0,0,0,0,0,0,0,0,64,81,84,72,49,25,14,11,12,14,14,13,14,14,14,14,14,14,13,12,16,23,31,47,61,69,72,75,70,69,67,71,70,71,72,71,72,74,74,71,71,71,72,71,70,71,71,66,68,73,74,69,69,70,73,75,76,77,72,74,76,62,40,33,13,3,3,4,2,2,2,1,1,1,1,0,0,1,2,4,6,6,11,25,42,56,64,67,70,71,75,72,71,70,70,70,70,70,71,71,71,70,70,71,72,72,70,70,71,72,71,71,71,70,72,74,68,60,49,36,30,26,15,13,13,15,14,15,14,13,14,14,14,11,10,16,22,25,21,19,0,0,0,0,0,0,0,0,0,0,0,0,0,0,0,0,0,0,0,0,0,0,0,0,0,0
0,0,0,0,0,0,0,0,0,0,0,0,0,0,0,0,0,0,0,0,0,0,0,0,0,0,0,0,75,85,80,60,33,15,12,12,13,13,14,15,14,14,14,14,14,14,13,13,21,31,42,59,71,75,75,76,70,69,69,71,70,71,71,70,72,75,75,68,73,77,75,68,65,71,76,65,69,74,74,71,69,70,74,74,74,75,70,70,69,60,42,25,7,2,3,2,2,3,2,2,1,0,1,0,0,1,2,3,5,4,8,24,42,56,64,69,71,73,76,72,71,70,71,71,71,71,71,71,71,71,71,71,72,72,71,71,70,72,71,71,72,68,70,74,71,64,57,48,36,27,15,14,14,15,14,14,13,13,14,13,14,13,12,15,21,25,22,20,0,0,0,0,0,0,0,0,0,0,0,0,0,0,0,0,0,0,0,0,0,0,0,0,0,0
0,0,0,0,0,0,0,0,0,0,0,0,0,0,0,0,0,0,0,0,0,0,0,0,0,0,0,72,79,74,56,32,20,18,12,14,14,15,16,15,14,15,16,14,14,13,13,13,21,35,49,60,72,76,76,76,72,73,72,71,71,72,72,72,72,72,72,71,73,74,73,71,71,72,74,70,72,73,74,72,72,71,70,71,73,73,69,69,64,56,43,23,7,3,3,2,2,4,4,2,2,0,1,0,0,1,3,3,5,4,8,23,44,56,64,68,69,71,72,72,71,71,72,71,71,71,71,71,71,71,71,71,71,71,71,71,71,71,71,71,70,69,69,75,74,68,65,56,42,27,18,13,13,15,15,15,14,14,14,14,13,13,13,16,21,25,24,18,19,0,0,0,0,0,0,0,0,0,0,0,0,0,0,0,0,0,0,0,0,0,0,0,0,0
0,0,0,0,0,0,0,0,0,0,0,0,0,0,0,0,0,0,0,0,0,0,0,0,0,0,70,83,88,67,36,18,12,11,12,14,14,15,15,15,14,15,15,14,14,14,15,17,27,42,55,64,73,76,73,72,72,73,73,71,71,72,72,72,72,72,72,72,72,72,72,72,72,72,72,72,72,72,73,72,72,69,67,69,72,71,71,68,64,57,41,23,7,3,3,3,2,4,3,2,2,0,1,1,0,2,3,3,5,5,8,24,44,57,64,68,70,71,72,72,71,71,72,71,71,71,70,71,71,71,71,71,71,71,71,71,71,71,71,70,70,69,69,75,75,70,68,59,47,33,22,14,13,15,15,15,14,14,14,13,13,13,13,16,19,23,23,20,23,0,0,0,0,0,0,0,0,0,0,0,0,0,0,0,0,0,0,0,0,0,0,0,0,0
0,0,0,0,0,0,0,0,0,0,0,0,0,0,0,0,0,0,0,0,0,0,0,0,0,0,75,87,86,56,23,14,11,11,12,15,15,16,15,15,15,15,14,15,14,15,18,23,35,52,63,71,78,78,73,71,72,72,72,71,71,72,72,72,72,72,72,72,72,71,72,72,73,72,72,72,72,72,72,72,73,69,66,69,72,69,71,69,64,58,42,24,7,2,2,2,1,4,4,2,2,0,0,0,0,2,2,3,4,5,10,25,44,57,65,69,70,71,72,72,71,72,72,71,71,71,71,71,71,71,71,71,71,71,71,71,71,71,71,69,70,69,68,73,73,70,69,61,51,39,25,14,13,15,15,14,15,15,14,14,15,13,12,14,16,21,23,23,27,29,0,0,0,0,0,0,0,0,0,0,0,0,0,0,0,0,0,0,0,0,0,0,0,0
0,0,0,0,0,0,0,0,0,0,0,0,0,0,0,0,0,0,0,0,0,0,0,0,0,65,85,82,64,37,16,11,11,12,13,14,15,16,15,15,14,14,13,14,13,15,22,31,46,60,68,71,74,73,69,67,70,70,70,71,72,72,72,72,72,72,72,72,72,72,72,72,72,72,72,71,72,72,72,72,73,69,68,72,77,70,70,71,63,56,43,22,7,4,4,2,1,4,4,2,2,1,0,0,0,1,2,4,4,6,11,26,44,58,66,69,70,71,72,72,71,71,72,71,71,71,72,71,71,71,71,71,71,71,71,71,71,71,71,70,71,70,69,73,73,70,70,64,54,42,28,16,13,15,15,15,15,15,15,14,16,13,12,13,15,22,25,24,25,26,0,0,0,0,0,0,0,0,0,0,0,0,0,0,0,0,0,0,0,0,0,0,0,0
0,0,0,0,0,0,0,0,0,0,0,0,0,0,0,0,0,0,0,0,0,0,0,0,0,81,85,73,43,23,15,11,13,18,15,14,15,16,15,15,15,13,13,13,13,18,29,44,57,67,72,75,74,71,69,68,71,71,73,71,72,72,72,72,72,72,72,72,72,72,72,72,71,72,72,72,72,72,73,72,72,69,71,75,76,71,71,71,62,56,42,24,7,3,2,2,1,4,3,2,2,2,1,1,1,1,2,3,3,6,12,28,44,58,66,69,70,71,72,72,71,71,73,72,71,71,71,71,71,71,70,71,71,71,71,71,71,71,71,70,71,70,69,73,73,72,72,68,57,47,34,22,17,15,15,16,16,16,14,14,14,13,13,15,16,21,24,23,22,21,15,0,0,0,0,0,0,0,0,0,0,0,0,0,0,0,0,0,0,0,0,0,0,0
0,0,0,0,0,0,0,0,0,0,0,0,0,0,0,0,0,0,0,0,0,0,0,0,82,90,73,58,30,16,12,11,14,17,14,16,15,16,16,15,15,13,14,13,15,23,37,54,64,71,73,77,76,72,70,71,71,71,72,72,72,72,72,72,72,72,72,72,72,72,72,72,72,72,72,72,72,72,72,72,72,69,72,76,79,78,69,64,63,57,32,22,7,3,3,3,2,4,3,1,1,3,2,2,2,2,2,2,3,6,14,31,45,57,65,69,70,71,72,72,71,72,73,73,71,70,71,71,71,71,71,71,71,71,71,71,71,71,71,70,71,70,69,73,73,73,74,70,61,52,43,31,22,15,14,15,16,17,15,13,13,13,14,15,13,15,19,24,29,29,24,0,0,0,0,0,0,0,0,0,0,0,0,0,0,0,0,0,0,0,0,0,0,0
0,0,0,0,0,0,0,0,0,0,0,0,0,0,0,0,0,0,0,0,0,0,0,75,89,86,62,42,25,15,10,12,14,15,15,15,15,15,16,15,14,13,17,14,19,29,44,59,66,70,73,74,76,73,73,75,74,73,72,72,72,72,72,72,72,72,72,73,72,71,72,73,72,72,72,72,72,72,72,72,72,70,73,73,69,74,71,65,66,57,35,15,5,7,9,6,1,3,3,1,1,3,3,3,4,3,1,2,2,7,17,35,48,58,66,70,70,70,71,71,71,72,75,73,72,70,71,72,72,72,72,71,71,71,71,71,71,71,71,70,71,71,69,73,73,73,74,71,63,57,50,39,27,15,13,14,15,16,15,13,13,13,14,12,10,10,14,27,41,52,51,50,0,0,0,0,0,0,0,0,0,0,0,0,0,0,0,0,0,0,0,0,0,0
0,0,0,0,0,0,0,0,0,0,0,0,0,0,0,0,0,0,0,0,0,0,0,83,86,72,52,29,21,15,9,12,13,13,14,14,14,15,16,15,14,14,22,16,23,37,52,66,69,71,74,72,76,73,73,76,74,74,72,72,72,72,72,72,72,72,72,72,71,71,72,72,71,71,72,71,72,73,72,72,72,70,74,71,69,75,70,65,69,55,33,18,6,6,9,7,3,4,3,1,1,3,4,4,5,3,1,1,2,8,19,39,51,61,69,71,70,70,70,70,71,73,75,72,71,70,71,73,73,71,72,71,71,71,71,71,71,71,71,69,70,71,69,71,71,71,72,71,65,61,54,44,30,17,14,14,13,13,13,12,14,13,15,11,11,9,13,29,50,70,76,121,0,0,0,0,0,0,0,0,0,0,0,0,0,0,0,0,0,0,0,0,0,0
0,0,0,0,0,0,0,0,0,0,0,0,0,0,0,0,0,0,0,0,0,0,69,85,81,57,31,23,15,13,14,15,13,15,14,15,14,16,16,15,13,13,19,26,31,43,62,69,71,74,75,75,74,75,74,74,75,73,74,73,73,72,72,72,72,72,72,72,71,71,71,71,71,71,72,72,72,72,72,73,72,71,73,73,70,72,69,69,70,54,33,21,9,4,6,7,6,5,6,4,3,4,5,5,6,3,3,2,3,9,27,45,53,63,69,70,69,72,73,71,71,72,71,71,72,70,68,73,71,69,72,71,71,71,71,71,71,71,71,69,69,71,70,70,71,71,72,74,68,62,56,48,35,21,14,13,11,12,13,13,12,13,13,13,10,11,13,21,41,70,95,137,152,0,0,0,0,0,0,0,0,0,0,0,0,0,0,0,0,0,0,0,0,0
0,0,0,0,0,0,0,0,0,0,0,0,0,0,0,0,0,0,0,0,0,63,81,83,67,43,22,19,9,11,13,13,12,13,12,14,13,16,16,14,14,14,22,33,39,51,69,74,72,73,74,74,75,74,72,72,73,74,74,73,73,72,72,72,72,72,72,72,71,71,71,71,71,70,72,72,72,72,72,72,72,72,73,73,70,71,69,70,69,52,32,21,9,3,4,5,5,7,11,14,18,17,12,7,6,3,2,2,6,11,28,45,53,64,69,69,71,71,72,74,72,69,71,72,68,70,70,70,70,72,70,71,71,71,71,71,71,71,71,68,69,70,69,68,69,69,69,69,68,66,64,53,39,22,14,13,11,12,14,14,14,14,14,13,12,14,14,19,35,63,90,112,118,0,0,0,0,0,0,0,0,0,0,0,0,0,0,0,0,0,0,0,0,0
0,0,0,0,0,0,0,0,0,0,0,0,0,0,0,0,0,0,0,0,0,79,84,75,50,31,18,17,8,10,12,12,12,13,13,13,13,16,15,14,14,17,25,41,49,62,75,76,75,74,72,70,73,73,73,74,73,72,71,73,73,72,72,72,72,72,72,72,72,72,71,71,72,71,71,72,72,72,72,72,72,73,72,71,70,72,69,70,68,50,30,22,9,2,2,4,7,13,20,28,37,34,25,14,7,4,3,1,4,10,25,43,53,65,69,69,73,71,71,76,73,68,72,72,67,70,72,68,69,73,69,71,71,71,71,71,71,71,71,68,69,70,69,69,69,69,69,69,69,69,67,56,44,28,20,16,10,12,14,15,15,15,16,16,14,12,12,18,29,49,74,86,85,94,0,0,0,0,0,0,0,0,0,0,0,0,0,0,0,0,0,0,0,0
0,0,0,0,0,0,0,0,0,0,0,0,0,0,0,0,0,0,0,0,69,89,82,60,34,21,18,18,11,11,12,13,12,13,13,13,13,16,16,14,16,21,32,48,58,68,75,73,72,72,68,70,71,70,73,75,72,72,71,72,72,72,72,72,72,72,71,71,74,74,69,69,74,73,71,71,72,72,72,71,73,73,71,71,71,73,68,68,66,49,30,20,9,3,4,8,14,24,34,45,52,49,38,25,13,4,3,1,2,6,22,42,54,68,71,69,72,71,72,75,72,69,72,71,69,70,70,70,70,71,70,71,71,71,71,71,71,71,70,68,69,69,69,69,69,69,69,68,69,70,68,61,52,37,26,21,12,11,12,14,14,14,15,16,14,12,12,17,22,34,60,91,95,103,0,0,0,0,0,0,0,0,0,0,0,0,0,0,0,0,0,0,0,0
0,0,0,0,0,0,0,0,0,0,0,0,0,0,0,0,0,0,0,0,82,87,69,43,22,14,15,17,15,12,12,13,13,15,14,13,13,15,17,16,20,28,41,57,64,73,77,72,70,70,68,71,71,70,75,75,71,70,72,72,72,72,72,72,72,72,71,71,74,74,69,69,74,73,71,71,72,72,72,72,73,73,71,69,70,73,69,69,66,47,29,22,11,6,8,12,21,35,46,54,63,62,51,37,24,9,4,4,2,5,21,41,54,69,72,70,69,72,74,72,71,71,71,70,71,69,69,71,70,69,70,71,71,71,71,71,71,70,70,69,69,69,69,69,69,69,69,68,69,71,67,64,58,45,32,26,13,11,12,14,14,14,15,16,14,13,13,15,14,19,46,100,119,127,0,0,0,0,0,0,0,0,0,0,0,0,0,0,0,0,0,0,0,0
0,0,0,0,0,0,0,0,0,0,0,0,0,0,0,0,0,0,0,75,88,76,50,27,17,14,16,17,17,12,12,13,14,16,14,13,13,14,17,19,26,36,48,61,69,77,78,73,73,74,70,71,70,72,76,74,70,70,72,72,72,72,72,72,72,72,72,71,72,72,70,70,72,72,71,72,72,72,72,73,74,73,72,69,67,71,71,70,64,45,27,22,12,8,11,17,30,46,59,66,70,70,62,52,37,18,11,9,3,10,26,43,56,69,70,70,68,73,76,72,71,73,70,70,71,70,70,71,70,69,70,71,71,71,71,71,71,70,70,70,70,69,69,69,69,70,69,69,70,71,65,64,61,52,39,30,16,12,11,13,13,13,14,15,15,14,13,13,10,11,35,93,120,125,108,0,0,0,0,0,0,0,0,0,0,0,0,0,0,0,0,0,0,0
0,0,0,0,0,0,0,0,0,0,0,0,0,0,0,0,0,0,66,82,81,62,35,17,14,15,17,16,15,12,12,13,14,16,14,14,13,13,17,24,34,43,53,60,68,76,76,71,75,77,73,74,71,72,72,71,71,72,72,72,72,72,72,72,72,72,72,71,70,71,71,71,71,71,72,72,72,71,72,74,74,73,72,72,69,71,68,65,60,44,27,17,10,14,22,30,45,61,70,77,75,70,68,64,50,28,17,15,6,16,31,47,60,71,70,70,70,72,73,72,72,72,71,70,71,70,71,70,71,70,70,71,71,71,71,71,71,70,70,69,69,68,69,69,69,69,69,69,69,70,67,67,66,58,45,34,19,14,12,11,11,12,13,13,15,14,14,13,9,11,30,69,98,101,88,0,0,0,0,0,0,0,0,0,0,0,0,0,0,0,0,0,0,0
0,0,0,0,0,0,0,0,0,0,0,0,0,0,0,0,0,0,84,83,72,49,23,12,14,16,16,14,12,12,13,14,15,15,14,13,13,14,20,29,42,50,57,62,68,75,75,71,75,77,75,75,72,73,72,71,74,73,69,71,72,72,72,72,71,72,72,71,70,71,70,71,72,71,72,72,72,71,72,74,74,73,72,72,72,75,68,61,57,41,23,15,13,24,37,46,57,68,73,73,73,69,69,67,56,40,28,21,8,17,30,46,61,72,71,71,73,70,68,71,71,68,70,69,71,70,70,70,70,69,70,71,71,71,71,71,71,70,70,70,70,70,70,70,69,70,69,70,68,69,69,70,71,63,52,41,25,19,14,12,12,12,13,14,16,12,12,12,9,8,19,49,77,84,81,99,0,0,0,0,0,0,0,0,0,0,0,0,0,0,0,0,0,0
0,0,0,0,0,0,0,0,0,0,0,0,0,0,0,0,0,79,94,78,53,28,12,14,16,15,14,11,11,14,13,14,14,16,14,13,12,13,21,33,48,55,60,63,67,75,73,70,70,73,75,75,73,74,73,72,73,72,69,72,72,72,72,71,71,72,71,71,71,71,71,71,71,71,72,73,70,71,72,75,73,71,71,71,71,75,70,63,55,41,24,20,23,35,44,52,61,66,69,71,73,69,67,65,58,52,39,27,15,16,29,45,58,71,72,72,72,71,64,69,70,68,70,70,70,70,70,70,70,70,70,70,70,70,71,70,70,70,71,69,70,70,70,69,70,70,70,69,70,69,69,73,72,65,54,44,29,17,14,14,13,13,12,12,13,10,14,14,13,10,16,37,58,57,58,97,0,0,0,0,0,0,0,0,0,0,0,0,0,0,0,0,0,0
0,0,0,0,0,0,0,0,0,0,0,0,0,0,0,0,67,90,92,66,42,22,12,14,14,12,11,12,11,14,14,15,16,18,15,13,13,18,29,42,53,60,64,64,67,73,73,71,70,71,73,75,73,74,73,73,72,72,71,71,71,72,72,71,71,71,70,71,71,71,71,71,71,71,72,72,70,70,72,74,73,71,70,70,70,74,73,65,55,42,32,31,35,46,53,58,64,68,70,71,71,69,67,65,65,64,53,39,23,22,30,44,61,69,68,69,70,72,70,72,69,69,70,70,70,70,70,70,70,70,70,70,70,70,70,70,70,70,70,70,70,70,70,70,70,70,69,69,70,71,72,74,71,65,58,50,37,24,16,13,12,12,12,12,13,10,14,18,18,14,15,42,62,64,61,87,131,0,0,0,0,0,0,0,0,0,0,0,0,0,0,0,0,0
0,0,0,0,0,0,0,0,0,0,0,0,0,0,0,0,80,88,77,50,29,17,14,14,11,10,10,12,12,14,14,15,16,17,14,14,21,29,37,50,65,70,67,67,68,70,72,71,70,69,71,73,72,72,70,71,70,71,74,72,71,71,71,72,72,71,71,71,71,71,71,71,71,71,72,72,71,69,71,73,72,70,70,71,71,73,74,66,58,48,44,43,48,58,63,64,67,70,72,73,71,70,67,66,70,72,63,52,35,31,35,46,62,69,66,66,68,71,72,71,66,68,68,69,70,70,70,70,70,70,70,70,70,70,70,70,70,70,70,72,72,71,72,72,72,71,70,71,69,69,71,74,72,68,62,58,46,30,18,11,11,10,11,12,13,10,13,16,17,16,16,35,49,54,51,66,99,0,0,0,0,0,0,0,0,0,0,0,0,0,0,0,0,0
0,0,0,0,0,0,0,0,0,0,0,0,0,0,0,77,88,78,57,34,21,17,16,13,10,10,11,14,14,16,15,15,16,17,15,14,26,37,44,56,68,74,70,70,70,69,71,72,71,70,71,72,70,70,68,69,70,73,76,74,72,69,70,73,73,72,71,71,71,71,71,71,71,71,72,72,72,69,70,71,71,70,70,72,72,71,70,65,61,56,54,54,59,67,69,68,69,71,73,72,69,69,69,69,74,74,68,61,47,39,42,50,63,71,68,66,68,69,67,68,67,68,67,69,69,70,70,70,70,70,70,70,70,70,70,70,70,70,70,72,72,72,72,72,72,72,71,71,69,66,67,72,73,70,65,61,50,34,20,11,9,10,11,11,12,11,10,11,12,13,14,24,34,45,45,51,66,86,0,0,0,0,0,0,0,0,0,0,0,0,0,0,0,0
0,0,0,0,0,0,0,0,0,0,0,0,0,0,69,86,86,65,39,21,16,16,15,11,11,12,14,13,13,14,14,15,15,15,14,16,31,46,51,59,67,73,70,71,70,68,69,71,73,72,72,71,69,70,69,69,72,75,76,74,71,69,70,73,73,71,71,71,71,71,71,71,71,71,72,72,72,69,70,70,70,71,70,71,71,71,69,67,63,62,62,64,67,71,71,69,70,71,72,71,69,68,70,73,76,72,69,66,58,49,49,56,66,71,70,68,71,70,64,67,71,71,68,69,70,70,70,70,70,70,70,70,70,70,70,70,70,70,70,72,72,72,72,72,71,71,72,70,70,68,69,71,70,69,67,62,52,38,25,15,12,9,11,12,12,11,11,11,10,11,9,7,14,24,28,33,35,38,0,0,0,0,0,0,0,0,0,0,0,0,0,0,0,0
0,0,0,0,0,0,0,0,0,0,0,0,0,0,78,87,76,47,24,15,15,16,14,12,12,14,15,15,13,13,14,15,15,15,15,21,40,54,61,63,66,70,70,70,70,68,68,70,72,72,71,70,68,71,71,72,74,75,73,72,71,70,70,71,71,71,71,71,71,71,71,70,70,71,72,72,71,69,70,71,71,75,72,71,70,71,70,68,63,66,69,70,71,72,70,68,69,70,71,70,69,66,69,74,75,71,69,68,65,62,59,64,72,70,69,70,74,73,66,68,73,71,69,69,70,70,70,70,70,70,70,70,70,70,70,70,70,70,70,72,72,72,72,72,72,72,72,72,72,70,72,72,69,67,68,65,55,43,31,21,15,11,11,13,12,12,11,12,11,10,10,7,10,17,25,38,41,31,31,0,0,0,0,0,0,0,0,0,0,0,0,0,0,0
0,0,0,0,0,0,0,0,0,0,0,0,0,70,79,83,65,33,17,14,17,16,14,13,13,14,15,14,12,13,13,13,14,16,20,34,46,58,68,70,66,67,73,71,70,69,69,70,72,73,71,69,68,71,72,73,72,71,70,71,71,72,71,70,70,71,71,71,71,71,71,70,70,71,72,72,70,69,70,72,71,78,72,69,67,70,70,67,63,68,70,71,71,70,69,69,70,70,70,67,67,65,68,72,73,71,70,68,68,69,68,70,74,70,69,71,74,73,70,69,70,71,68,69,70,70,70,70,70,70,70,70,70,70,70,70,70,70,70,72,72,71,72,72,72,72,72,73,73,70,72,72,70,68,69,67,58,50,39,27,19,13,11,13,13,11,11,11,11,12,13,8,12,18,23,33,38,32,29,0,0,0,0,0,0,0,0,0,0,0,0,0,0,0
0,0,0,0,0,0,0,0,0,0,0,0,0,85,82,73,50,25,16,14,17,16,14,14,14,13,15,14,13,13,13,13,15,21,29,43,55,62,70,73,70,70,73,72,71,71,71,72,72,73,71,69,69,71,72,73,70,68,69,70,71,72,71,69,69,71,71,71,71,71,70,70,70,71,72,74,70,69,70,71,71,78,70,69,66,70,71,70,66,70,68,69,70,69,69,70,72,71,70,68,69,66,69,71,71,69,68,68,68,69,73,72,71,70,71,71,73,72,72,69,68,71,69,70,71,71,70,70,70,70,70,70,70,70,69,70,70,70,69,72,70,70,71,72,72,71,70,72,74,71,71,71,70,69,69,65,59,56,46,34,24,15,10,12,14,11,11,12,13,13,15,14,19,23,23,29,39,49,57,64,0,0,0,0,0,0,0,0,0,0,0,0,0,0
0,0,0,0,0,0,0,0,0,0,0,0,88,84,75,58,36,18,11,14,15,16,15,14,15,15,15,14,13,13,13,15,18,27,35,51,62,68,69,71,71,72,75,75,71,74,76,73,70,71,72,71,67,68,69,69,68,69,69,69,71,71,70,68,69,70,72,71,71,71,70,69,70,71,72,72,69,69,70,67,69,72,66,68,68,68,76,73,67,62,65,66,70,70,67,65,71,69,71,69,69,69,71,71,70,70,69,72,68,69,71,71,70,73,73,71,72,73,70,72,71,70,72,71,74,69,64,69,71,69,70,70,71,70,69,69,71,68,69,69,69,67,69,70,71,68,68,70,70,69,69,71,72,70,69,64,58,54,46,37,29,18,12,12,12,12,11,11,12,13,15,18,18,19,16,21,46,82,120,118,0,0,0,0,0,0,0,0,0,0,0,0,0,0
0,0,0,0,0,0,0,0,0,0,0,92,100,86,65,42,22,13,11,14,15,16,14,14,14,15,16,14,12,13,13,15,23,37,48,62,69,71,69,72,74,76,78,75,71,75,78,76,71,72,75,71,70,71,69,68,69,71,70,70,68,68,69,69,68,69,70,71,71,71,71,70,70,71,72,70,68,70,69,70,72,72,66,68,70,71,71,71,68,66,68,67,69,70,73,72,72,69,69,68,69,74,77,78,71,71,70,73,70,70,71,71,70,72,71,69,70,72,70,71,70,70,76,74,75,69,64,68,71,70,69,71,71,70,68,69,70,69,69,67,62,62,70,73,70,67,70,71,67,62,65,72,75,69,64,65,62,58,51,43,33,19,12,12,12,12,12,12,13,13,14,14,15,16,13,17,41,77,115,131,159,0,0,0,0,0,0,0,0,0,0,0,0,0
0,0,0,0,0,0,0,0,0,0,0,106,106,80,51,29,15,13,12,13,14,16,14,14,14,14,15,14,13,13,13,14,25,41,52,65,69,70,69,71,74,74,74,72,69,71,73,75,73,72,72,72,74,75,71,71,74,77,75,72,70,69,71,71,70,70,71,70,70,72,72,70,70,71,72,71,71,71,66,71,73,71,70,71,72,73,65,67,70,74,73,72,70,68,70,71,72,72,71,70,69,71,73,76,70,70,69,68,67,68,71,71,70,71,69,70,71,71,71,71,72,71,71,70,73,71,69,71,72,70,70,71,70,70,67,69,69,69,69,73,68,66,70,72,68,65,67,69,66,62,64,69,72,68,64,65,65,63,58,49,37,20,12,11,12,13,12,11,11,12,13,12,12,12,12,15,34,64,100,137,163,0,0,0,0,0,0,0,0,0,0,0,0,0
0,0,0,0,0,0,0,0,0,0,126,107,96,61,32,19,14,15,13,13,14,16,15,14,14,14,14,15,13,13,13,12,24,38,48,55,57,58,57,58,61,61,60,58,58,61,61,63,64,64,63,64,66,67,65,68,71,73,71,68,69,70,70,69,69,69,69,70,72,74,75,73,73,74,74,71,76,72,65,70,71,70,73,73,71,72,64,64,71,77,73,72,70,69,68,68,71,72,70,69,69,69,70,71,70,70,68,67,67,68,69,69,68,67,66,69,72,73,72,69,73,77,72,68,71,74,75,75,72,70,71,72,71,70,68,68,68,69,69,73,69,66,65,67,66,67,68,68,66,63,64,67,69,67,65,68,69,69,66,56,43,25,16,12,12,13,12,10,10,11,13,12,13,14,15,13,21,42,80,121,147,0,0,0,0,0,0,0,0,0,0,0,0,0
0,0,0,0,0,0,0,0,0,135,124,98,77,42,22,16,13,15,13,14,15,15,15,14,14,13,14,15,14,13,13,12,19,27,32,34,35,37,37,37,37,36,37,38,39,43,42,43,45,47,46,48,49,50,51,53,54,56,56,57,60,62,61,60,61,61,61,62,63,66,67,67,68,68,67,66,73,70,69,70,68,67,75,74,71,71,70,70,74,73,70,70,69,71,72,69,72,71,70,68,68,69,70,72,72,72,71,72,70,69,68,66,66,66,67,68,70,72,70,65,69,81,72,71,71,72,73,73,71,70,69,69,69,69,70,71,72,72,72,68,64,63,63,68,69,70,70,67,66,65,65,66,67,66,65,69,69,70,68,59,46,32,19,14,11,13,13,12,10,10,12,11,12,13,16,15,16,31,68,102,129,153,0,0,0,0,0,0,0,0,0,0,0,0
0,0,0,0,0,0,0,0,0,133,115,83,55,27,18,18,14,15,14,14,15,15,14,14,14,14,13,13,13,13,14,13,14,15,16,16,17,19,19,18,16,15,18,18,22,26,23,23,26,28,26,29,28,29,30,31,30,32,34,37,38,40,40,41,42,43,43,43,44,44,46,49,51,50,48,51,55,55,60,60,55,56,64,63,64,62,66,68,68,62,62,63,65,69,67,64,69,68,68,69,67,68,69,73,70,72,73,74,72,71,69,67,67,68,70,70,70,71,71,66,69,81,72,73,74,75,74,73,72,72,72,70,70,70,73,74,75,74,73,69,68,67,68,73,73,70,66,66,67,68,68,66,66,67,67,70,68,69,69,62,51,39,25,14,11,14,15,14,10,10,11,10,10,10,17,21,22,32,64,93,123,149,0,0,0,0,0,0,0,0,0,0,0,0
0,0,0,0,0,0,0,0,123,111,92,61,33,13,12,14,13,13,14,15,14,15,14,14,14,13,14,13,12,13,13,14,13,14,14,13,12,12,10,10,10,9,12,9,15,21,15,11,14,17,15,14,12,13,14,13,13,15,16,18,17,16,17,19,20,21,21,22,22,22,24,28,28,25,25,29,29,30,35,35,34,36,40,43,45,43,46,49,48,47,48,48,51,55,54,53,57,57,56,56,56,59,59,61,57,61,63,64,64,65,66,64,63,61,62,64,68,67,66,66,69,76,72,68,69,71,73,72,71,70,71,72,72,72,74,73,71,71,70,70,72,71,70,72,75,70,63,66,68,71,70,67,66,68,69,67,65,65,65,63,53,43,29,15,13,16,15,13,10,10,12,10,10,13,18,20,20,26,49,75,111,141,163,0,0,0,0,0,0,0,0,0,0,0
0,0,0,0,0,0,0,0,90,81,67,42,21,11,11,13,12,13,13,14,14,14,14,14,14,14,14,14,13,13,14,15,14,13,13,14,13,13,12,13,14,10,11,11,13,18,15,11,12,15,13,13,11,12,13,13,13,14,13,12,11,9,9,9,12,13,13,14,14,14,16,19,16,12,14,15,12,14,14,15,20,21,18,21,20,20,22,21,21,28,27,28,27,30,32,34,32,35,37,36,36,36,37,39,41,44,45,45,46,50,54,54,53,50,51,55,59,54,50,56,63,63,59,57,54,55,60,62,59,58,61,63,65,68,69,67,64,68,69,70,73,70,67,68,72,69,65,66,70,74,72,67,64,69,71,67,65,63,63,64,56,47,33,19,16,16,13,13,11,11,12,11,10,13,15,15,14,14,27,54,91,124,150,0,0,0,0,0,0,0,0,0,0,0
0,0,0,0,0,0,0,65,65,48,29,32,18,11,11,12,12,14,13,14,14,14,14,15,15,15,14,14,14,14,14,13,13,13,14,13,13,13,14,14,13,13,12,11,13,14,14,13,13,13,13,13,12,12,13,13,12,12,13,12,11,11,11,11,12,13,13,14,13,14,15,14,11,10,12,13,20,19,11,10,12,12,12,12,12,14,14,11,9,10,10,9,10,9,14,16,13,16,18,17,16,16,14,16,21,22,21,20,22,21,20,22,23,22,26,32,34,28,26,32,36,39,40,33,32,35,39,39,38,39,40,42,42,43,45,46,48,55,60,62,65,63,55,57,63,64,63,65,71,76,73,65,63,64,70,65,62,63,63,62,58,50,38,24,18,18,11,11,13,12,12,12,11,14,14,15,12,11,20,37,74,114,152,167,0,0,0,0,0,0,0,0,0,0
0,0,0,0,0,0,45,58,57,40,23,22,14,11,11,12,12,14,15,14,14,14,14,15,15,14,14,14,14,14,14,13,13,13,13,12,12,12,12,13,13,13,12,12,13,13,13,13,13,13,13,13,12,12,13,13,12,12,12,13,12,12,12,12,12,12,12,12,12,12,12,12,11,11,11,13,13,10,9,10,10,9,10,11,10,11,12,13,14,14,12,12,11,11,14,15,13,14,14,14,15,15,13,12,14,14,14,17,19,19,18,21,20,15,13,14,18,16,16,18,17,16,14,15,14,16,18,17,17,17,17,18,18,19,22,24,26,29,33,32,33,34,35,38,40,40,44,45,43,44,47,49,49,48,55,58,58,56,57,57,55,52,44,32,20,20,11,12,14,14,12,12,12,13,13,15,14,11,16,29,59,96,128,148,0,0,0,0,0,0,0,0,0,0
0,0,0,0,0,0,42,50,47,32,19,14,10,9,11,12,12,14,13,14,14,14,14,14,14,14,14,14,14,13,13,13,13,13,13,13,13,13,13,13,14,14,13,13,13,13,13,13,13,13,13,12,11,12,12,12,12,12,12,12,12,12,12,12,12,12,12,12,12,12,12,12,13,13,13,13,13,11,12,13,13,11,12,12,12,12,12,12,13,12,11,12,11,11,12,12,11,11,11,11,11,13,11,10,10,10,10,10,12,12,10,11,14,12,11,11,13,12,11,11,10,11,11,11,12,12,12,11,12,13,12,13,12,12,13,14,13,13,14,18,19,19,21,21,21,20,24,24,24,26,30,30,27,27,38,35,37,33,36,37,38,39,34,27,16,21,12,12,13,14,12,13,12,13,13,14,15,13,15,24,46,79,105,130,150,0,0,0,0,0,0,0,0,0
0,0,0,0,0,34,41,44,39,28,19,15,12,10,11,12,13,13,13,14,14,14,14,14,14,14,14,14,13,13,13,13,13,13,13,13,13,13,13,14,14,14,14,13,13,13,13,13,13,13,13,12,13,13,13,13,13,13,13,12,12,13,12,13,12,13,13,13,12,13,12,13,14,14,13,12,13,14,14,13,15,14,13,13,13,13,13,12,12,12,12,12,12,12,12,12,12,12,12,12,12,13,12,12,13,12,11,12,14,15,13,12,14,15,15,12,13,12,13,12,12,13,14,11,11,11,10,9,10,11,10,11,12,13,14,13,11,10,10,10,12,11,10,9,10,9,9,10,9,9,12,15,13,11,15,14,14,13,15,17,20,23,20,17,10,20,13,12,12,13,13,13,13,13,13,13,13,14,16,20,35,63,89,117,140,0,0,0,0,0,0,0,0,0
0,0,0,0,28,34,40,43,39,30,23,18,15,12,10,11,12,12,14,13,13,13,13,13,13,13,13,13,13,13,13,13,13,13,13,13,13,13,13,14,14,14,14,13,13,13,13,13,13,13,13,14,14,14,14,14,14,14,14,14,14,14,14,14,14,13,14,14,14,14,14,14,15,14,14,15,14,15,15,15,15,15,15,15,14,13,13,14,14,13,14,14,14,15,14,14,14,14,14,14,14,13,13,14,14,14,13,13,14,15,15,14,14,13,12,13,13,13,14,13,12,12,11,12,11,11,10,10,9,10,11,11,11,14,16,15,14,12,11,11,11,12,11,11,11,11,10,10,10,10,11,12,11,11,12,8,7,8,9,9,12,14,13,12,9,16,12,13,13,13,13,13,13,14,14,14,15,16,18,18,27,51,79,111,134,146,0,0,0,0,0,0,0,0
0,0,0,0,25,31,39,44,43,35,27,20,15,11,10,12,12,13,14,13,13,13,13,13,13,13,13,12,13,13,13,13,13,13,13,13,13,13,13,14,14,14,14,13,13,13,13,13,13,13,13,14,14,14,14,14,14,14,14,14,14,14,14,14,13,13,13,13,13,13,13,13,13,13,13,15,14,14,14,15,13,14,14,15,14,14,14,15,14,13,14,14,14,14,14,14,14,14,13,13,13,12,12,12,12,12,12,13,13,13,13,13,13,14,13,15,14,13,13,13,13,13,13,12,11,11,12,11,10,11,11,13,13,13,14,14,14,13,13,12,13,14,13,14,13,13,11,12,10,11,13,13,13,12,10,10,9,13,12,9,9,10,10,11,10,14,13,13,14,13,14,14,16,15,15,15,17,19,18,16,22,39,68,101,125,141,0,0,0,0,0,0,0,0
0,0,0,18,19,25,34,43,44,37,30,21,16,12,11,13,13,13,12,13,12,12,12,12,12,12,12,12,12,12,12,13,13,13,12,12,12,12,12,13,13,13,13,13,13,13,13,13,13,13,13,13,13,13,13,13,13,13,14,13,13,13,13,13,13,13,13,13,13,13,13,13,13,13,13,13,14,14,13,13,13,13,13,13,14,14,14,14,14,14,14,13,14,13,13,14,14,14,13,13,13,13,13,12,12,12,13,13,13,14,14,13,12,13,13,12,12,12,13,12,12,13,14,14,13,14,15,15,15,15,15,14,13,12,12,12,13,15,16,14,15,14,14,14,15,15,13,12,11,12,14,15,13,13,13,13,13,16,15,12,10,10,9,11,11,15,14,14,14,15,15,14,15,14,14,15,16,17,16,17,21,31,54,85,112,132,148,0,0,0,0,0,0,0
0,0,15,14,16,20,30,39,42,36,30,22,18,16,13,13,11,12,12,13,12,12,11,12,12,12,12,13,12,12,13,13,14,13,13,12,12,12,12,13,13,13,13,14,13,13,13,13,13,13,13,13,13,13,13,13,13,13,13,14,13,13,14,14,13,13,14,13,13,13,13,13,14,14,13,14,14,13,13,13,13,13,13,14,14,14,14,14,14,13,13,13,14,13,13,13,13,15,14,13,14,13,14,14,12,13,13,13,14,13,13,14,13,13,13,12,13,12,12,12,12,13,15,16,15,15,15,15,15,14,13,13,13,12,12,12,13,14,16,15,15,13,14,13,13,13,12,12,12,12,12,14,12,12,12,14,15,13,14,12,11,11,11,11,11,12,12,13,12,14,13,14,14,14,14,15,14,15,15,17,20,25,41,69,98,120,140,0,0,0,0,0,0,0
0,0,14,15,16,18,25,29,30,31,30,25,21,20,15,11,12,13,9,12,12,14,12,12,11,10,10,13,12,11,13,14,15,13,13,13,12,13,13,12,13,13,13,13,14,12,12,12,12,12,12,12,12,13,13,13,13,13,13,16,13,12,13,15,13,14,16,13,13,14,14,16,16,15,15,14,13,12,11,11,12,12,13,14,14,14,14,14,15,14,13,13,14,13,13,13,13,13,14,12,13,12,12,13,12,13,14,14,12,12,13,13,15,12,13,14,14,14,14,13,13,13,13,14,14,13,15,15,16,13,12,11,11,11,11,13,16,17,16,14,12,13,13,12,13,13,13,13,12,12,13,13,12,12,12,12,12,11,12,12,12,12,11,11,11,12,12,13,13,13,14,13,13,13,13,14,15,15,13,14,17,17,28,48,78,110,132,148,0,0,0,0,0,0
0,12,11,12,15,18,24,28,29,30,30,25,24,22,19,13,15,16,13,15,14,15,16,15,11,9,11,15,14,13,13,13,14,13,12,13,12,13,13,13,13,13,14,13,12,12,12,13,13,12,12,12,12,13,12,12,12,13,13,15,11,10,13,15,16,19,20,18,17,20,19,18,15,14,14,13,13,12,11,10,11,12,12,14,14,14,14,14,15,14,14,13,14,13,13,13,12,13,14,13,13,12,12,12,14,16,13,12,12,13,12,13,13,13,13,13,13,13,13,13,13,13,13,13,13,13,13,13,14,12,11,11,11,9,9,11,11,13,12,12,12,11,12,12,12,16,15,14,13,12,12,12,11,11,10,10,10,11,12,14,14,13,11,11,11,11,11,12,12,13,13,13,12,12,13,13,13,14,15,16,17,22,28,49,74,99,116,143,0,0,0,0,0,0
0,9,6,9,13,17,23,26,28,27,29,24,25,23,22,17,18,21,19,20,20,19,19,17,15,12,15,15,14,14,15,15,14,13,12,11,11,12,12,13,13,12,13,13,11,12,12,14,13,11,11,11,11,13,11,11,10,11,11,10,10,9,11,11,13,13,13,12,10,13,13,13,13,13,13,13,12,11,11,11,12,13,14,15,14,13,13,13,13,12,15,15,15,13,12,11,11,13,14,13,13,12,12,12,12,15,13,14,14,15,12,12,12,13,13,13,12,13,12,13,12,13,12,13,13,13,13,13,13,12,12,11,11,10,11,11,12,12,12,12,11,14,14,13,12,11,10,11,12,13,15,15,16,16,16,9,10,10,12,14,14,14,11,12,11,12,12,12,13,14,15,16,15,16,17,15,12,12,13,14,15,21,23,41,69,103,126,138,0,0,0,0,0,0
0,0,0,0,0,0,0,0,0,0,0,0,0,0,0,0,21,25,24,25,25,24,22,21,20,18,20,17,15,15,16,17,14,12,11,11,10,13,14,13,14,13,13,13,11,12,11,13,13,13,13,11,11,13,12,11,9,10,10,9,12,9,9,9,12,11,12,9,9,12,11,13,16,18,17,15,14,13,12,12,13,13,14,15,15,15,14,12,12,11,13,14,13,13,12,11,10,10,10,11,13,14,13,13,11,11,13,12,13,12,12,12,13,12,12,12,12,13,12,12,12,12,12,13,13,13,13,13,13,13,12,11,11,10,11,12,12,13,14,14,13,14,15,14,13,14,12,12,12,13,13,12,12,12,13,13,13,12,12,13,13,13,12,13,12,12,12,12,13,14,15,17,16,16,16,13,12,13,15,14,17,17,18,34,62,95,119,132,141,0,0,0,0,0
0,0,0,0,0,0,0,0,0,0,0,0,0,0,0,0,0,0,0,0,0,0,0,0,0,0,0,0,0,0,0,0,0,0,20,19,17,21,21,17,18,21,20,18,16,14,12,11,11,13,14,14,12,13,15,13,12,12,14,17,15,12,10,8,8,7,8,10,13,13,12,11,11,13,13,11,12,13,13,14,14,15,15,14,14,13,12,12,12,11,12,13,11,9,9,9,9,9,10,12,15,17,16,14,12,10,11,12,12,11,11,11,12,12,12,12,12,12,12,13,13,13,13,13,13,13,13,14,14,13,13,12,11,11,10,11,11,12,13,12,12,13,14,14,13,15,14,15,13,13,13,12,12,12,13,14,14,12,12,11,11,12,12,11,11,11,11,11,12,13,14,14,15,14,13,12,13,14,17,16,18,16,11,32,62,92,116,130,138,0,0,0,0,0
0,0,0,0,0,0,0,0,0,0,0,0,0,0,0,0,0,0,0,0,0,0,0,0,0,0,0,0,0,0,0,0,0,0,0,0,0,0,0,0,0,0,0,0,0,0,0,0,0,0,0,0,18,18,22,20,19,18,19,18,15,16,15,11,12,11,6,5,5,7,9,10,9,9,9,9,10,10,10,11,12,13,14,14,13,12,11,13,16,15,15,13,10,8,8,8,11,13,13,15,13,15,15,12,11,10,10,10,10,12,12,14,11,12,12,11,11,11,12,13,15,15,14,15,15,14,14,16,15,14,14,13,12,11,11,11,11,11,12,14,11,16,14,15,16,16,17,16,13,14,14,14,13,12,11,11,12,12,12,11,11,12,12,13,13,12,12,13,13,14,14,14,15,15,13,13,13,14,14,13,17,20,11,37,68,92,115,137,143,148,0,0,0,0
0,0,0,0,0,0,0,0,0,0,0,0,0,0,0,0,0,0,0,0,0,0,0,0,0,0,0,0,0,0,0,0,0,0,0,0,0,0,0,0,0,0,0,0,0,0,0,0,0,0,0,0,0,0,0,0,0,0,0,0,0,0,0,0,0,0,0,0,0,12,10,10,9,10,10,11,10,10,10,11,12,14,14,16,15,14,15,16,17,14,13,13,13,13,13,13,15,15,13,12,8,8,7,6,6,6,7,8,9,14,16,19,14,15,14,13,13,12,12,14,16,16,15,14,14,14,13,16,14,14,14,12,11,11,12,13,13,12,11,16,14,11,10,11,11,19,19,14,12,12,11,12,12,12,13,11,12,12,13,14,14,15,14,15,15,13,14,15,15,16,16,14,14,14,13,13,14,15,15,16,16,17,16,47,79,103,123,143,151,157,0,0,0,0
0,0,0,0,0,0,0,0,0,0,0,0,0,0,0,0,0,0,0,0,0,0,0,0,0,0,0,0,0,0,0,0,0,0,0,0,0,0,0,0,0,0,0,0,0,0,0,0,0,0,0,0,0,0,0,0,0,0,0,0,0,0,0,0,0,0,0,0,0,0,0,0,0,0,0,0,0,0,0,0,0,0,0,0,0,0,0,19,18,16,17,22,23,22,18,16,18,18,14,15,15,13,9,9,9,7,8,8,7,6,7,8,7,9,9,9,9,9,8,9,9,11,11,12,13,13,14,15,15,14,15,12,12,11,11,12,13,13,12,11,8,10,8,9,10,12,13,11,11,13,12,11,11,11,11,11,11,10,11,13,15,15,13,15,15,13,14,15,15,16,15,13,15,15,16,16,17,17,16,16,16,11,24,55,85,112,130,145,153,158,159,0,0,0
0,0,0,0,0,0,0,0,0,0,0,0,0,0,0,0,0,0,0,0,0,0,0,0,0,0,0,0,0,0,0,0,0,0,0,0,0,0,0,0,0,0,0,0,0,0,0,0,0,0,0,0,0,0,0,0,0,0,0,0,0,0,0,0,0,0,0,0,0,0,0,0,0,0,0,0,0,0,0,0,0,0,0,0,0,0,0,0,0,0,0,0,0,0,0,0,0,0,0,0,0,0,0,0,18,20,23,12,4,5,4,6,7,10,12,14,8,7,8,7,7,9,9,10,10,13,15,18,16,17,24,11,15,12,11,11,15,14,11,10,5,4,5,7,6,6,7,9,8,10,10,9,10,9,12,11,12,12,11,11,14,15,11,12,12,12,12,14,13,14,14,12,14,18,15,18,19,16,17,14,11,15,41,67,98,123,148,148,151,152,154,0,0,0
0,0,0,0,0,0,0,0,0,0,0,0,0,0,0,0,0,0,0,0,0,0,0,0,0,0,0,0,0,0,0,0,0,0,0,0,0,0,0,0,0,0,0,0,0,0,0,0,0,0,0,0,0,0,0,0,0,0,0,0,0,0,0,0,0,0,0,0,0,0,0,0,0,0,0,0,0,0,0,0,0,0,0,0,0,0,0,0,0,0,0,0,0,0,0,0,0,0,0,0,0,0,0,0,0,0,0,0,0,0,0,0,0,0,0,0,0,0,0,0,0,0,43,43,48,47,38,29,26,25,27,23,22,20,21,22,22,22,23,14,6,5,6,5,6,4,5,5,6,8,7,9,9,9,8,8,8,8,8,8,8,8,9,9,9,11,11,11,12,13,13,12,14,15,12,13,17,18,16,13,18,29,71,86,112,131,143,150,152,154,155,153,0,0
0,0,0,0,0,0,0,0,0,0,0,0,0,0,0,0,0,0,0,0,0,0,0,0,0,0,0,0,0,0,0,0,0,0,0,0,0,0,0,0,0,0,0,0,0,0,0,0,0,0,0,0,0,0,0,0,0,0,0,0,0,0,0,0,0,0,0,0,0,0,0,0,0,0,0,0,0,0,0,0,0,0,0,0,0,0,0,0,0,0,0,0,0,0,0,0,0,0,0,0,0,0,0,0,0,0,0,0,0,0,0,0,0,0,0,0,0,0,0,0,0,0,0,0,0,0,0,0,0,0,0,0,0,0,0,0,0,0,0,38,38,33,41,34,28,26,15,9,18,15,13,6,7,8,8,10,9,10,10,8,9,7,6,7,8,9,9,10,11,12,12,11,11,12,12,10,10,11,11,16,42,63,108,116,137,150,154,154,155,156,156,155,0,0
0,0,0,0,0,0,0,0,0,0,0,0,0,0,0,0,0,0,0,0,0,0,0,0,0,0,0,0,0,0,0,0,0,0,0,0,0,0,0,0,0,0,0,0,0,0,0,0,0,0,0,0,0,0,0,0,0,0,0,0,0,0,0,0,0,0,0,0,0,0,0,0,0,0,0,0,0,0,0,0,0,0,0,0,0,0,0,0,0,0,0,0,0,0,0,0,0,0,0,0,0,0,0,0,0,0,0,0,0,0,0,0,0,0,0,0,0,0,0,0,0,0,0,0,0,0,0,0,0,0,0,0,0,0,0,0,0,0,0,0,0,0,0,0,0,0,0,0,0,0,0,0,0,0,0,0,0,65,64,56,57,51,41,40,37,36,30,24,21,18,17,22,19,17,17,11,12,20,30,45,68,93,126,131,142,153,160,158,156,157,157,157,155,0
0,0,0,0,0,0,0,0,0,0,0,0,0,0,0,0,0,0,0,0,0,0,0,0,0,0,0,0,0,0,0,0,0,0,0,0,0,0,0,0,0,0,0,0,0,0,0,0,0,0,0,0,0,0,0,0,0,0,0,0,0,0,0,0,0,0,0,0,0,0,0,0,0,0,0,0,0,0,0,0,0,0,0,0,0,0,0,0,0,0,0,0,0,0,0,0,0,0,0,0,0,0,0,0,0,0,0,0,0,0,0,0,0,0,0,0,0,0,0,0,0,0,0,0,0,0,0,0,0,0,0,0,0,0,0,0,0,0,0,0,0,0,0,0,0,0,0,0,0,0,0,0,0,0,0,0,0,0,0,0,0,0,0,0,0,0,0,0,0,0,0,0,0,0,69,62,61,70,83,101,113,132,147,148,149,159,162,157,155,155,155,155,154,0
0,0,0,0,0,0,0,0,0,0,0,0,0,0,0,0,0,0,0,0,0,0,0,0,0,0,0,0,0,0,0,0,0,0,0,0,0,0,0,0,0,0,0,0,0,0,0,0,0,0,0,0,0,0,0,0,0,0,0,0,0,0,0,0,0,0,0,0,0,0,0,0,0,0,0,0,0,0,0,0,0,0,0,0,0,0,0,0,0,0,0,0,0,0,0,0,0,0,0,0,0,0,0,0,0,0,0,0,0,0,0,0,0,0,0,0,0,0,0,0,0,0,0,0,0,0,0,0,0,0,0,0,0,0,0,0,0,0,0,0,0,0,0,0,0,0,0,0,0,0,0,0,0,0,0,0,0,0,0,0,0,0,0,0,0,0,0,0,0,0,0,0,0,0,0,0,0,0,0,0,0,0,0,0,0,0,0,0,0,0,0,0,157,158
