0,0,0,0,0,0,0,0,0,0,0,0,0,0,0,0,0,0,0,0,0,0,0,0,0,0,0,0,0,0,0,0,0,0,0,0,0,0,0,0,0,0,0,0,0,0,0,0,0,0,0,0,0,0,0,0,0,0,0,0,0,0,0,0,0,0,0,0,0,0,0,0,0,0,0,0,0,0,0,0,0,0,0,0,0,0,0,0,0,0,0,0,0,0,0,0,0,0,0,0,0,0,0,0,0,0,0,0,0,0,0,0
0,0,0,0,0,0,0,0,0,0,0,0,0,0,0,0,0,0,0,0,0,0,0,0,0,0,0,0,0,0,0,0,0,0,0,0,0,0,0,0,0,0,0,0,0,0,0,0,0,0,0,0,0,0,0,0,0,0,0,0,0,0,0,0,0,0,0,0,0,0,0,0,0,0,0,0,0,0,0,0,0,0,0,0,0,0,0,0,0,0,0,0,0,31,17,26,50,65,63,65,72,70,65,76,92,97,89,73,57,59,0,0
0,0,0,0,0,0,0,0,0,0,0,0,0,0,0,0,0,0,0,0,0,0,0,0,0,0,0,0,0,0,0,0,0,0,0,0,0,0,0,0,0,0,0,0,0,0,0,0,0,0,0,0,0,0,0,0,0,0,0,0,0,0,0,0,0,0,0,0,0,0,0,0,0,0,0,37,41,39,34,38,49,52,50,51,56,58,58,60,63,50,55,64,70,68,60,63,75,90,89,91,96,95,90,91,98,105,105,95,79,66,0,0
0,0,0,0,0,0,0,0,0,0,0,0,0,0,0,0,0,0,0,0,0,0,0,0,0,0,0,0,0,0,0,0,0,0,0,0,0,0,0,0,0,0,0,0,0,0,0,0,0,0,0,0,0,0,0,0,0,20,26,32,35,41,30,27,34,35,39,44,47,41,52,62,66,77,74,76,79,73,62,69,88,99,94,91,94,97,95,93,93,94,88,87,92,95,102,109,113,115,107,101,103,111,112,108,104,110,114,114,105,89,0,0
0,0,0,0,0,0,0,0,0,0,0,0,0,0,0,0,0,0,0,0,0,0,0,0,0,0,0,0,0,0,0,0,0,0,0,0,0,0,0,48,48,44,45,53,57,56,59,63,63,65,71,71,69,72,73,72,72,79,86,92,95,100,91,90,99,103,103,102,104,103,105,106,107,101,107,114,114,108,96,102,119,124,122,122,124,122,116,111,111,112,105,103,107,106,116,119,113,117,114,109,107,110,115,115,112,116,114,113,111,99,0,0
0,0,0,0,0,0,0,0,0,0,0,0,0,0,0,0,0,0,0,0,0,48,47,58,69,77,55,47,60,63,62,64,66,68,72,76,77,79,81,83,84,81,84,87,89,97,108,115,118,122,122,122,119,113,120,125,125,129,131,130,130,135,126,122,128,130,127,119,114,122,123,124,127,95,100,100,94,96,87,84,87,84,96,112,121,118,112,113,119,131,126,125,127,119,124,120,105,119,127,128,112,99,104,119,131,137,120,109,109,103,0,0
0,0,0,0,0,0,0,0,0,0,0,0,0,0,0,0,0,0,61,75,92,84,86,98,108,128,100,90,104,103,107,112,110,110,113,113,113,117,117,113,112,118,120,119,122,130,132,127,125,125,122,124,125,116,119,118,108,119,113,104,100,105,95,86,88,83,83,75,71,90,99,104,111,64,63,54,45,55,51,39,28,23,50,84,103,105,101,110,124,145,134,126,120,108,118,117,101,118,128,124,94,68,76,108,135,147,119,103,104,104,0,0
0,0,0,0,0,0,0,0,0,0,0,0,0,0,0,0,0,65,97,115,116,135,122,119,132,123,121,123,125,121,120,122,124,111,111,112,111,107,101,98,99,101,100,97,95,90,85,78,74,64,64,64,56,47,39,38,36,36,35,25,10,10,21,20,8,8,10,17,27,48,78,86,71,76,20,5,5,14,16,10,9,11,29,61,91,133,116,94,102,137,144,154,157,120,126,127,120,136,118,82,43,21,15,35,82,130,127,111,106,89,0,0
0,0,0,0,0,0,0,0,0,0,0,0,0,0,0,0,63,73,90,97,96,105,92,89,100,97,96,90,84,78,74,70,68,65,62,61,64,60,52,47,48,46,42,36,32,28,26,23,22,19,19,20,16,11,9,11,12,14,11,8,7,7,8,9,8,9,9,11,22,38,47,52,56,69,54,28,6,5,12,26,26,13,30,64,93,125,111,88,79,120,126,136,145,125,119,110,105,129,115,75,30,10,7,20,54,126,124,112,111,99,0,0
0,0,0,0,0,0,0,0,0,0,0,0,0,0,0,70,94,98,75,48,36,37,31,26,26,23,25,17,10,9,10,6,6,6,6,6,8,9,9,8,7,9,7,7,7,7,8,7,7,7,8,10,10,9,9,13,15,17,16,18,24,25,21,19,20,17,10,23,51,55,35,30,44,49,80,78,35,7,14,31,36,13,29,65,96,120,112,84,58,81,92,107,126,136,128,112,108,125,121,86,38,17,18,24,40,123,124,115,114,108,0,0
0,0,0,0,0,0,0,0,0,0,0,0,0,58,65,72,82,83,41,6,5,5,6,5,5,6,9,8,8,10,12,10,9,8,7,7,8,10,11,13,14,18,19,19,21,21,21,20,20,19,18,19,19,18,17,18,20,22,21,21,24,26,23,24,30,36,40,56,75,80,67,62,72,62,95,106,69,28,16,18,27,15,29,61,97,120,116,84,51,68,84,90,99,133,133,119,115,122,137,120,78,58,61,67,73,125,129,120,113,112,0,0
0,0,0,0,0,0,0,0,0,0,0,0,69,93,101,79,47,31,15,7,14,8,14,15,13,17,16,18,23,21,21,21,23,12,16,19,20,19,20,21,21,19,21,23,25,24,24,24,24,24,22,20,19,18,17,16,16,21,25,21,16,18,22,23,25,39,59,82,95,98,99,99,98,85,99,104,99,76,33,10,16,20,31,58,97,118,114,79,47,86,101,86,67,105,121,114,107,115,146,149,122,104,108,121,129,129,134,124,111,110,0,0
0,0,0,0,0,0,0,0,0,0,0,95,96,99,97,70,33,14,7,8,19,16,20,22,24,30,24,24,25,19,17,20,24,16,22,26,25,24,25,25,23,22,25,26,27,24,24,23,24,24,23,21,21,22,22,20,20,27,26,21,18,22,22,22,28,48,70,98,107,102,104,107,100,97,97,103,117,111,65,28,21,22,30,59,99,114,109,71,36,77,94,71,42,84,119,120,108,109,141,155,142,126,126,144,160,133,133,121,110,106,0,0
0,0,0,0,0,0,0,0,0,85,105,121,113,84,53,29,14,19,13,10,12,15,22,23,25,26,24,23,24,22,22,23,25,25,23,22,23,20,16,16,19,22,23,23,21,17,16,17,18,20,20,18,20,22,24,21,20,19,16,13,13,16,14,21,38,78,102,110,98,94,102,106,104,107,100,102,107,108,94,65,39,17,24,62,104,110,111,74,28,55,72,55,38,83,128,130,112,113,133,146,145,129,119,135,155,141,128,112,107,100,0,0
0,0,0,0,0,0,0,0,68,66,93,105,89,60,32,11,7,14,22,25,21,19,17,16,20,22,26,24,23,25,26,22,21,20,18,20,25,26,21,18,20,21,22,22,21,17,17,17,18,21,20,18,20,23,25,23,21,19,14,14,25,30,21,28,52,94,109,111,101,97,99,100,98,96,96,98,101,107,116,95,52,12,16,63,106,107,118,84,27,57,70,55,46,86,128,126,104,122,130,139,144,129,110,120,140,148,125,104,103,95,79,0
0,0,0,0,0,0,0,62,70,82,79,60,31,15,12,15,21,22,19,17,16,16,16,17,18,21,22,22,21,21,21,21,20,18,19,21,23,23,23,23,21,21,21,21,21,20,19,19,19,21,21,21,21,22,23,24,23,23,27,22,15,20,33,58,84,103,97,101,108,92,72,77,100,77,90,104,105,96,90,84,78,68,33,46,97,103,117,110,86,93,93,91,91,111,110,114,121,114,114,124,128,115,108,117,126,122,112,102,96,91,55,0
0,0,0,0,0,0,73,74,73,65,59,45,21,7,7,12,15,17,16,15,15,16,17,19,20,19,20,20,20,20,20,21,21,21,21,22,23,23,23,23,22,22,23,24,25,24,23,22,21,21,19,18,16,16,17,18,17,15,15,14,19,32,49,69,88,98,98,105,110,95,87,89,94,81,89,99,104,102,97,90,83,71,54,61,89,109,118,116,108,107,105,102,103,114,117,120,124,121,119,121,120,111,104,109,115,116,119,118,111,102,59,0
0,0,0,0,73,74,84,91,87,55,32,17,15,10,10,13,18,21,19,18,16,16,17,19,20,23,23,23,22,21,21,21,21,20,20,20,21,21,22,22,21,22,22,23,23,23,22,21,20,18,15,13,11,11,10,10,10,11,11,11,27,48,67,78,85,90,95,100,98,89,110,120,111,112,105,97,96,98,94,83,74,64,75,81,87,124,122,120,126,119,117,116,118,118,127,132,133,132,128,117,110,113,119,119,115,112,120,126,127,120,69,0
0,0,0,69,71,72,77,77,70,33,12,7,10,18,16,17,15,18,17,15,13,12,12,13,14,22,21,20,19,17,15,14,14,12,11,11,11,10,10,10,10,10,10,10,10,10,10,10,10,11,11,11,11,11,10,10,10,11,13,15,30,58,78,79,77,87,98,103,96,91,126,137,114,126,112,96,94,101,97,77,58,55,81,94,94,133,120,110,117,114,113,115,119,112,123,131,130,134,127,115,110,119,130,128,119,112,115,119,122,119,77,0
0,0,64,64,75,81,70,47,28,9,7,7,9,10,12,9,10,10,11,10,10,10,9,9,9,9,9,9,9,9,9,9,9,10,9,10,9,10,10,10,12,13,13,13,13,15,18,20,21,29,33,38,42,43,44,43,42,62,66,55,49,66,73,63,56,83,96,97,86,86,122,134,115,128,111,92,89,100,102,83,61,57,74,89,97,126,117,108,112,110,110,113,115,107,114,119,116,125,118,117,124,128,127,124,122,118,118,113,103,101,80,0
0,71,67,66,71,67,44,18,7,9,10,14,13,15,11,11,14,16,16,16,17,19,21,22,23,20,20,22,25,30,34,37,39,43,46,49,52,56,60,64,67,73,76,79,80,82,84,86,88,96,100,107,111,114,116,116,114,115,116,98,77,76,70,57,52,93,105,102,89,94,114,126,125,125,110,96,92,98,102,87,65,62,59,70,92,115,124,131,134,129,129,131,130,123,120,118,113,118,118,126,138,140,135,132,134,133,127,115,101,101,84,0
0,0,72,73,65,48,32,27,31,44,46,50,53,54,55,55,57,61,62,63,65,68,72,76,78,89,90,92,97,102,106,110,113,117,118,119,120,122,124,126,128,134,137,140,142,142,143,144,145,145,146,147,150,152,155,157,157,151,148,135,115,93,73,62,63,88,103,106,100,108,98,97,113,99,95,101,106,105,102,90,70,64,46,53,84,105,128,144,147,146,148,148,146,142,132,123,120,119,128,137,143,143,137,132,134,139,136,123,111,110,78,0
0,0,0,99,98,88,83,86,89,86,90,99,98,98,105,113,115,116,117,118,118,120,123,126,128,130,130,132,134,137,139,141,143,146,146,145,144,144,144,144,146,146,147,148,148,149,150,149,148,145,141,138,137,139,142,146,148,146,143,145,137,106,80,76,84,85,99,101,97,105,77,73,103,83,82,95,104,99,98,99,90,66,42,47,79,97,119,133,132,144,149,149,147,147,133,122,122,119,134,144,144,136,119,110,116,132,141,131,115,107,64,0
0,0,0,0,117,138,138,133,136,135,128,129,139,137,149,155,150,146,147,150,154,157,156,153,151,168,149,136,140,149,151,149,148,149,136,137,147,134,129,127,128,128,122,118,115,119,133,134,119,138,131,121,119,111,106,103,107,105,103,102,110,122,111,83,68,92,104,110,107,106,92,85,91,97,98,106,110,99,115,109,78,28,25,36,64,115,127,126,111,108,95,102,129,142,135,127,125,124,120,122,122,105,98,102,106,118,131,123,105,94,57,0
0,0,0,0,0,0,130,136,142,144,133,132,137,131,139,141,132,131,131,133,135,136,134,131,133,135,134,128,119,114,113,116,118,112,103,107,116,105,105,108,105,99,97,100,97,88,91,102,103,118,122,114,103,101,93,86,90,92,91,86,95,120,119,96,84,98,98,102,104,106,98,97,98,100,101,101,97,101,106,89,58,14,15,33,60,102,116,112,95,75,67,80,114,134,133,127,124,119,119,124,123,108,101,102,101,112,127,123,104,92,58,0
0,0,0,0,0,0,0,125,138,139,133,133,133,122,116,107,95,100,100,99,100,101,97,97,106,99,115,120,103,84,81,87,91,82,75,82,93,88,94,101,96,83,84,93,91,72,61,70,82,98,110,105,91,98,94,89,91,97,86,92,102,112,128,132,116,79,83,99,107,106,104,106,101,98,106,102,101,126,101,59,37,8,11,35,65,99,115,112,95,65,57,68,99,123,128,124,119,118,122,129,127,110,103,102,99,115,129,127,108,95,61,0
0,0,0,0,0,0,0,0,116,125,130,132,126,108,90,75,67,74,73,73,74,76,74,77,89,90,110,121,110,93,88,92,95,88,82,87,99,101,105,110,108,100,101,106,108,100,88,88,96,108,117,114,105,113,117,114,112,120,110,118,122,121,139,154,140,79,79,96,108,107,101,100,91,96,102,99,93,105,66,31,24,9,10,34,72,103,118,121,112,94,80,75,90,108,114,112,108,118,125,133,130,110,100,100,101,121,131,124,108,97,63,0
0,0,0,0,0,0,0,0,0,111,131,142,136,120,93,75,75,79,79,80,82,85,85,89,98,105,117,129,131,125,120,119,119,118,114,114,120,121,113,111,116,125,127,123,126,134,133,129,134,137,136,134,134,134,140,136,125,135,141,138,133,143,148,145,142,124,97,80,81,97,106,104,93,97,91,91,93,83,35,12,22,16,10,27,66,99,112,122,124,127,111,95,93,102,108,108,105,119,127,138,138,118,106,107,114,126,128,117,104,99,66,0
0,0,0,0,0,0,0,0,0,0,0,143,145,142,121,107,111,109,110,112,113,115,117,118,117,119,124,132,137,139,138,135,133,133,133,131,128,124,106,99,105,130,134,127,124,133,134,129,130,141,139,140,148,145,149,142,131,138,147,146,142,145,144,140,141,145,118,87,70,77,82,82,78,72,72,81,84,63,26,15,29,26,19,27,57,95,108,122,131,142,135,121,114,118,123,122,119,125,132,145,151,137,128,130,135,137,135,120,108,105,73,0
0,0,0,0,0,0,0,0,0,0,0,0,118,134,135,139,147,133,134,137,136,133,136,130,117,115,124,126,119,115,120,122,120,115,121,121,114,115,103,95,94,111,115,112,108,110,107,101,100,122,130,136,142,146,146,141,140,138,139,146,146,139,138,144,143,139,135,122,97,71,48,46,55,33,53,66,41,12,12,25,23,24,27,30,45,88,108,124,134,138,144,141,134,133,132,127,121,124,125,134,144,140,139,139,138,139,137,125,112,107,78,47
0,0,0,0,0,0,0,0,0,0,0,0,0,118,137,153,160,140,140,144,140,134,135,124,103,104,120,119,97,84,92,101,100,91,100,104,100,110,111,105,94,90,92,94,96,95,94,93,92,111,129,136,135,147,141,139,149,138,140,139,141,146,141,138,140,152,149,137,108,82,62,64,74,20,47,55,23,7,14,20,5,9,23,26,29,78,105,121,131,125,140,144,137,131,123,112,104,112,108,111,119,123,129,128,120,125,127,120,107,99,74,44
0,0,0,0,0,0,0,0,0,0,0,0,0,0,0,124,140,146,135,126,121,124,95,87,108,94,95,96,96,98,78,62,59,67,92,101,84,80,97,123,137,104,57,51,89,101,92,100,118,103,121,137,142,143,141,139,140,139,140,141,141,143,145,146,146,130,139,148,144,121,95,80,76,90,57,30,27,36,40,38,36,48,43,43,67,99,113,115,122,104,106,105,105,103,103,0,0,0,0,0,0,0,0,0,0,0,0,0,0,0,0,0
0,0,0,0,0,0,0,0,0,0,0,0,0,0,0,0,123,141,137,133,132,130,96,81,99,99,95,91,92,108,94,76,68,72,95,100,83,80,87,104,119,104,58,50,80,92,92,104,118,107,127,139,138,142,145,141,137,140,141,142,142,141,139,141,143,138,136,145,154,140,112,95,94,120,102,84,85,0,0,0,0,0,0,0,0,0,0,0,0,0,0,0,0,0,0,0,0,0,0,0,0,0,0,0,0,0,0,0,0,0,0,0
0,0,0,0,0,0,0,0,0,0,0,0,0,0,0,0,0,111,132,139,134,130,108,85,82,84,86,85,84,99,93,86,86,81,95,100,99,106,93,84,90,108,89,86,97,97,92,100,113,121,137,139,130,136,145,145,141,140,0,0,0,0,0,0,0,0,0,0,0,0,0,0,0,0,0,0,0,0,0,0,0,0,0,0,0,0,0,0,0,0,0,0,0,0,0,0,0,0,0,0,0,0,0,0,0,0,0,0,0,0,0,0
0,0,0,0,0,0,0,0,0,0,0,0,0,0,0,0,0,0,99,120,126,126,115,89,72,84,86,87,90,95,102,106,106,107,111,112,117,131,122,109,0,0,0,0,0,0,0,0,0,0,0,0,0,0,0,0,0,0,0,0,0,0,0,0,0,0,0,0,0,0,0,0,0,0,0,0,0,0,0,0,0,0,0,0,0,0,0,0,0,0,0,0,0,0,0,0,0,0,0,0,0,0,0,0,0,0,0,0,0,0,0,0
0,0,0,0,0,0,0,0,0,0,0,0,0,0,0,0,0,0,0,0,103,0,0,0,0,0,0,0,0,0,0,0,0,0,0,0,0,0,0,0,0,0,0,0,0,0,0,0,0,0,0,0,0,0,0,0,0,0,0,0,0,0,0,0,0,0,0,0,0,0,0,0,0,0,0,0,0,0,0,0,0,0,0,0,0,0,0,0,0,0,0,0,0,0,0,0,0,0,0,0,0,0,0,0,0,0,0,0,0,0,0,0
