0,0,0,0,0,0,0,0,0,0,0,0,0,0,0,0,0,0,0,0,0,0,0,0,0,0,0,0,0,0,0,0,0,0,0,0,0,0,0,0,0,0,0,0,0,0,0,0,0,0,0,0,0,0,0,0,0,0,0,0,0,0,0,0,0,0,0,0,0,0,0,0,0,0,0,0,0,0,0,0,0,0,0,0,0,0,0,0,0,0,0,0,0,0,0,0,0,0,0,0,0,0,0,0,0,0,0,0,0,0,0,0,0,0,0,0,0,0,0,0,0,0,0,0,0,0,0,0,0,0,0,0,0,0,0,0,0,0,0,0,0,0,0,0,0,0,0,0,0,0,0,0,0,0,0,0,0,0,0,0,0,0,0,0,0,0,0,0,0,0,0,0,0,0,0,0,0,0,0,0,0,0,0,0,0,0,0,0,0,0,0,0,0,0,0,0,0,0,0,0,0,0,0,0,0,0,0,0,0,0,0,0,0,0,0,0,0,0,0,0,0,0,0,0,0,0,0,0,0,0,0,0,0,0,0,0,0,0,0,0,0,0,0,0,0,0,0,0,0,0,0,0,0,0,0,0,0,0,0,0,0,0,0,0,0,0,0,0,0,0,0,0,0,0
0,0,0,0,0,0,0,0,0,0,0,0,0,0,0,0,0,0,0,0,0,0,0,0,0,0,0,0,0,0,0,0,0,0,0,0,0,0,0,0,0,0,0,0,0,0,0,0,0,0,0,0,0,0,0,0,0,0,0,0,0,0,0,0,0,0,0,0,0,0,0,0,0,0,0,0,0,0,0,0,0,0,0,0,0,0,0,0,0,0,0,0,0,0,0,0,0,0,0,0,0,0,0,0,0,0,0,0,0,0,0,0,0,0,0,0,0,0,0,0,0,0,0,0,0,0,0,0,0,0,0,0,0,0,0,0,0,0,0,0,0,0,0,0,234,0,0,0,0,0,0,0,0,0,0,0,0,0,0,0,0,0,0,0,0,0,0,0,0,0,0,0,0,0,0,0,0,0,0,0,0,0,0,0,0,0,0,0,0,0,0,0,0,0,0,0,0,0,0,0,0,0,0,0,0,0,0,0,0,0,0,0,0,0,0,0,0,0,0,0,0,0,0,0,0,0,0,0,0,0,0,0,0,0,0,0,0,0,0,0,0,0,0,0,0,0,0,0,0,0,0,0,0,0,0,0,0,0,0,0,0,0,0,0,0,0,0,0,0,0,0,0,0,0
0,0,0,0,0,0,0,0,0,0,0,0,0,0,0,0,0,0,0,0,0,0,0,0,0,0,0,0,0,0,0,0,0,0,0,0,0,0,0,0,0,0,0,0,0,0,0,0,0,0,0,0,0,0,0,0,0,0,0,0,0,0,0,0,0,0,0,0,0,0,0,0,0,0,0,0,0,0,0,0,0,0,0,0,0,0,0,0,0,0,0,0,0,0,0,0,0,0,0,0,0,0,0,0,0,0,0,0,0,0,0,0,0,0,0,0,0,0,0,0,0,0,0,0,0,0,0,0,0,0,0,0,0,0,0,0,0,0,0,0,0,0,0,238,233,237,0,0,0,0,0,0,0,0,0,0,0,0,0,0,0,0,0,0,0,0,0,0,0,0,0,0,0,0,0,0,0,0,0,0,0,0,0,0,0,0,0,0,0,0,0,0,0,0,0,0,0,0,0,0,0,0,0,0,0,0,0,0,0,0,0,0,0,0,0,0,0,0,0,0,0,0,0,0,0,0,0,0,0,0,0,0,0,0,0,0,0,0,0,0,0,0,0,0,0,0,0,0,0,0,0,0,0,0,0,0,0,0,0,0,0,0,0,0,0,0,0,0,0,0,0,0,0,0
0,0,0,0,0,0,0,0,0,0,0,0,0,0,0,0,0,0,0,0,0,0,0,0,0,0,0,0,0,0,0,0,0,0,0,0,0,0,0,0,0,0,0,0,0,0,0,0,0,0,0,0,0,0,0,0,0,0,0,0,0,0,0,0,0,0,0,0,0,0,0,0,0,0,0,0,0,0,0,0,0,0,0,0,0,0,0,0,0,0,0,0,0,0,0,0,0,0,0,0,0,0,0,0,0,0,0,0,0,0,0,0,0,0,0,0,0,0,0,0,0,0,0,0,0,0,0,0,0,0,0,0,0,0,0,0,0,0,0,0,0,0,0,237,234,240,0,0,0,0,0,0,0,0,0,0,0,0,0,0,0,0,0,0,0,0,0,0,0,0,0,0,0,0,0,0,0,0,0,0,0,0,0,0,0,0,0,0,0,0,0,0,0,0,0,0,0,0,0,0,0,0,0,0,0,0,0,0,0,0,0,0,0,0,0,0,0,0,0,0,0,0,0,0,0,0,0,0,0,0,0,0,0,0,0,0,0,0,0,0,0,0,0,0,0,0,0,0,0,0,0,0,0,0,0,0,0,0,0,0,0,0,0,0,0,0,0,0,0,0,0,0,0,0
0,0,0,0,0,0,0,0,0,0,0,0,0,0,0,0,0,0,0,0,0,0,0,0,0,0,0,0,0,0,0,0,0,0,0,0,0,0,0,0,0,0,0,0,0,0,0,0,0,0,0,0,0,0,0,0,0,0,0,0,0,0,0,0,0,0,0,0,0,0,0,0,0,0,0,0,0,0,0,0,0,0,0,0,0,0,0,0,0,0,0,0,0,0,0,0,0,0,0,0,0,0,0,0,0,0,0,0,0,0,0,0,0,0,0,0,0,0,0,0,0,0,0,0,0,0,0,0,0,0,0,0,0,0,0,0,0,0,0,0,0,0,236,235,236,237,233,0,0,0,0,0,0,0,0,0,0,0,0,0,0,0,0,0,0,0,0,0,0,0,0,0,0,0,0,0,0,0,0,0,0,0,0,0,0,0,0,0,0,0,0,0,0,0,0,0,0,0,0,0,0,0,0,0,0,0,0,0,0,0,0,0,0,0,0,0,0,0,0,0,0,0,0,0,0,0,0,0,0,0,0,0,0,0,0,0,0,0,0,0,0,0,0,0,0,0,0,0,0,0,0,0,0,0,0,0,0,0,0,0,0,0,0,0,0,0,0,0,0,0,0,0,0,0
0,0,0,0,0,0,0,0,0,0,0,0,0,0,0,0,0,0,0,0,0,0,0,0,0,0,0,0,0,0,0,0,0,0,0,0,0,0,0,0,0,0,0,0,0,0,0,0,0,0,0,0,0,0,0,0,0,0,0,0,0,0,0,0,0,0,0,0,0,0,0,0,0,0,0,0,0,0,0,0,0,0,0,0,0,0,0,0,0,0,0,0,0,0,0,0,0,0,0,0,0,0,0,0,0,0,0,0,0,0,0,0,0,0,0,0,0,0,0,0,0,0,0,0,0,0,0,0,0,0,0,0,0,0,0,0,0,0,0,0,0,237,236,236,241,234,219,0,0,0,0,0,0,0,0,0,0,0,0,0,0,0,0,0,0,0,0,0,0,0,0,0,0,0,0,0,0,0,0,0,0,0,0,0,0,0,0,0,0,0,0,0,0,0,0,0,0,0,0,0,0,0,0,0,0,0,0,0,0,0,0,0,0,0,0,0,0,0,0,0,0,0,0,0,0,0,0,0,0,0,0,0,0,0,0,0,0,0,0,0,0,0,0,0,0,0,0,0,0,0,0,0,0,0,0,0,0,0,0,0,0,0,0,0,0,0,0,0,0,0,0,0,0,0
0,0,0,0,0,0,0,0,0,0,0,0,0,0,0,0,0,0,0,0,0,0,0,0,0,0,0,0,0,0,0,0,0,0,0,0,0,0,0,0,0,0,0,0,0,0,0,0,0,0,0,0,0,0,0,0,0,0,0,0,0,0,0,0,0,0,0,0,0,0,0,0,0,0,0,0,0,0,0,0,0,0,0,0,0,0,0,0,0,0,0,0,0,0,0,0,0,0,0,0,0,0,0,0,0,0,0,0,0,0,0,0,0,0,0,0,0,0,0,0,0,0,0,0,0,0,0,0,0,0,0,0,0,0,0,0,0,0,0,0,0,236,234,238,244,226,196,204,0,0,0,0,0,0,0,0,0,0,0,0,0,0,0,0,0,0,0,0,0,0,0,0,0,0,0,0,0,0,0,0,0,0,0,0,0,0,0,0,0,0,0,0,0,0,0,0,0,0,0,0,0,0,0,0,0,0,0,0,0,0,0,0,0,0,0,0,0,0,0,0,0,0,0,0,0,0,0,0,0,0,0,0,0,0,0,0,0,0,0,0,0,0,0,0,0,0,0,0,0,0,0,0,0,0,0,0,0,0,0,0,0,0,0,0,0,0,0,0,0,0,0,0,0,0
0,0,0,0,0,0,0,0,0,0,0,0,0,0,0,0,0,0,0,0,0,0,0,0,0,0,0,0,0,0,0,0,0,0,0,0,0,0,0,0,0,0,0,0,0,0,0,0,0,0,0,0,0,0,0,0,0,0,0,0,0,0,0,0,0,0,0,0,0,0,0,0,0,0,0,0,0,0,0,0,0,0,0,0,0,0,0,0,0,0,0,0,0,0,0,0,0,0,0,0,0,0,0,0,0,0,0,0,0,0,0,0,0,0,0,0,0,0,0,0,0,0,0,0,0,0,0,0,0,0,0,0,0,0,0,0,0,0,0,0,230,236,233,237,239,211,172,188,0,0,0,0,0,0,0,0,0,0,0,0,0,0,0,0,0,0,0,0,0,0,0,0,0,0,0,0,0,0,0,0,0,0,0,0,0,0,0,0,0,0,0,0,0,0,0,0,0,0,0,0,0,0,0,0,0,0,0,0,0,0,0,0,0,0,0,0,0,0,0,0,0,0,0,0,0,0,0,0,0,0,0,0,0,0,0,0,0,0,0,0,0,0,0,0,0,0,0,0,0,0,0,0,0,0,0,0,0,0,0,0,0,0,0,0,0,0,0,0,0,0,0,0,0,0
0,0,0,0,0,0,0,0,0,0,0,0,0,0,0,0,0,0,0,0,0,0,0,0,0,0,0,0,0,0,0,0,0,0,0,0,0,0,0,0,0,0,0,0,0,0,0,0,0,0,0,0,0,0,0,0,0,0,0,0,0,0,0,0,0,0,0,0,0,0,0,0,0,0,0,0,0,0,0,0,0,0,0,0,0,0,0,0,0,0,0,0,0,0,0,0,0,0,0,0,0,0,0,0,0,0,0,0,0,0,0,0,0,0,0,0,0,0,0,0,0,0,0,0,0,0,0,0,0,0,0,0,0,0,0,0,0,0,0,0,232,245,232,230,220,188,154,168,213,0,0,0,0,0,0,0,0,0,0,0,0,0,0,0,0,0,0,0,0,0,0,0,0,0,0,0,0,0,0,0,0,0,0,0,0,0,0,0,0,0,0,0,0,0,0,0,0,0,0,0,0,0,0,0,0,0,0,0,0,0,0,0,0,0,0,0,0,0,0,0,0,0,0,0,0,0,0,0,0,0,0,0,0,0,0,0,0,0,0,0,0,0,0,0,0,0,0,0,0,0,0,0,0,0,0,0,0,0,0,0,0,0,0,0,0,0,0,0,0,0,0,0,0,0
0,0,0,0,0,0,0,0,0,0,0,0,0,0,0,0,0,0,0,0,0,0,0,0,0,0,0,0,0,0,0,0,0,0,0,0,0,0,0,0,0,0,0,0,0,0,0,0,0,0,0,0,0,0,0,0,0,0,0,0,0,0,0,0,0,0,0,0,0,0,0,0,0,0,0,0,0,0,0,0,0,0,0,0,0,0,0,0,0,0,0,0,0,0,0,0,0,0,0,0,0,0,0,0,0,0,0,0,0,0,0,0,0,0,0,0,0,0,0,0,0,0,0,0,0,0,0,0,0,0,0,0,0,0,0,0,0,0,0,229,236,243,241,234,214,156,119,155,191,0,0,0,0,0,0,0,0,0,0,0,0,0,0,0,0,0,0,0,0,0,0,0,0,0,0,0,0,0,0,0,0,0,0,0,0,0,0,0,0,0,0,0,0,0,0,0,0,0,0,0,0,0,0,0,0,0,0,0,0,0,0,0,0,0,0,0,0,0,0,0,0,0,0,0,0,0,0,0,0,0,0,0,0,0,0,0,0,0,0,0,0,0,0,0,0,0,0,0,0,0,0,0,0,0,0,0,0,0,0,0,0,0,0,0,0,0,0,0,0,0,0,0,0,0
0,0,0,0,0,0,0,0,0,0,0,0,0,0,0,0,0,0,0,0,0,0,0,0,0,0,0,0,0,0,0,0,0,0,0,0,0,0,0,0,0,0,0,0,0,0,0,0,0,0,0,0,0,0,0,0,0,0,0,0,0,0,0,0,0,0,0,0,0,0,0,0,0,0,0,0,0,0,0,0,0,0,0,0,0,0,0,0,0,0,0,0,0,0,0,0,0,0,0,0,0,0,0,0,0,0,0,0,0,0,0,0,0,0,0,0,0,0,0,0,0,0,0,0,0,0,0,0,0,0,0,0,0,0,0,0,0,0,231,234,237,234,251,233,206,158,105,106,142,182,0,0,0,0,0,0,0,0,0,0,0,0,0,0,0,0,0,0,0,0,0,0,0,0,0,0,0,0,0,0,0,0,0,0,0,0,0,0,0,0,0,0,0,0,0,0,0,0,0,0,0,0,0,0,0,0,0,0,0,0,0,0,0,0,0,0,0,0,0,0,0,0,0,0,0,0,0,0,0,0,0,0,0,0,0,0,0,0,0,0,0,0,0,0,0,0,0,0,0,0,0,0,0,0,0,0,0,0,0,0,0,0,0,0,0,0,0,0,0,0,0,0,0,0
0,0,0,0,0,0,0,0,0,0,0,0,0,0,0,0,0,0,0,0,0,0,0,0,0,0,0,0,0,0,0,0,0,0,0,0,0,0,0,0,0,0,0,0,0,0,0,0,0,0,0,0,0,0,0,0,0,0,0,0,0,0,0,0,0,0,0,0,0,0,0,0,0,0,0,0,0,0,0,0,0,0,0,0,0,0,0,0,0,0,0,0,0,0,0,0,0,0,0,0,0,0,0,0,0,0,0,0,0,0,0,0,0,0,0,0,0,0,0,0,0,0,0,0,0,0,0,0,0,0,0,0,0,0,0,0,0,0,234,237,240,237,239,208,177,132,86,91,144,173,0,0,0,0,0,0,0,0,0,0,0,0,0,0,0,0,0,0,0,0,0,0,0,0,0,0,0,0,0,0,0,0,0,0,0,0,0,0,0,0,0,0,0,0,0,0,0,0,0,0,0,0,0,0,0,0,0,0,0,0,0,0,0,0,0,0,0,0,0,0,0,0,0,0,0,0,0,0,0,0,0,0,0,0,0,0,0,0,0,0,0,0,0,0,0,0,0,0,0,0,0,0,0,0,0,0,0,0,0,0,0,0,0,0,0,0,0,0,0,0,0,0,0,0
0,0,0,0,0,0,0,0,0,0,0,0,0,0,0,0,0,0,0,0,0,0,0,0,0,0,0,0,0,0,0,0,0,0,0,0,0,0,0,0,0,0,0,0,0,0,0,0,0,0,0,0,0,0,0,0,0,0,0,0,0,0,0,0,0,0,0,0,0,0,0,0,0,0,0,0,0,0,0,0,0,0,0,0,0,0,0,0,0,0,0,0,0,0,0,0,0,0,0,0,0,0,0,0,0,0,0,0,0,0,0,0,0,0,0,0,0,0,0,0,0,0,0,0,0,0,0,0,0,0,0,0,0,0,0,0,0,227,237,235,243,244,226,165,131,111,88,103,165,176,134,0,0,0,0,0,0,0,0,0,0,0,0,0,0,0,0,0,0,0,0,0,0,0,0,0,0,0,0,0,0,0,0,0,0,0,0,0,0,0,0,0,0,0,0,0,0,0,0,0,0,0,0,0,0,0,0,0,0,0,0,0,0,0,0,0,0,0,0,0,0,0,0,0,0,0,0,0,0,0,0,0,0,0,0,0,0,0,0,0,0,0,0,0,0,0,0,0,0,0,0,0,0,0,0,0,0,0,0,0,0,0,0,0,0,0,0,0,0,0,0,0,0,0
0,0,0,0,0,0,0,0,0,0,0,0,0,0,0,0,0,0,0,0,0,0,0,0,0,0,0,0,0,0,0,0,0,0,0,0,0,0,0,0,0,0,0,0,0,0,0,0,0,0,0,0,0,0,0,0,0,0,0,0,0,0,0,0,0,0,0,0,0,0,0,0,0,0,0,0,0,0,0,0,0,0,0,0,0,0,0,0,0,0,0,0,0,0,0,0,0,0,0,0,0,0,0,0,0,0,0,0,0,0,0,0,0,0,0,0,0,0,0,0,0,0,0,0,0,0,0,0,0,0,0,0,0,0,0,0,229,232,237,237,249,246,208,116,88,105,109,131,167,160,117,0,0,0,0,0,0,0,0,0,0,0,0,0,0,0,0,0,0,0,0,0,0,0,0,0,0,0,0,0,0,0,0,0,0,0,0,0,0,0,0,0,0,0,0,0,0,0,0,0,0,0,0,0,0,0,0,0,0,0,0,0,0,0,0,0,0,0,0,0,0,0,0,0,0,0,0,0,0,0,0,0,0,0,0,0,0,0,0,0,0,0,0,0,0,0,0,0,0,0,0,0,0,0,0,0,0,0,0,0,0,0,0,0,0,0,0,0,0,0,0,0,0,0
0,0,0,0,0,0,0,0,0,0,0,0,0,0,0,0,0,0,0,0,0,0,0,0,0,0,0,0,0,0,0,0,0,0,0,0,0,0,0,0,0,0,0,0,0,0,0,0,0,0,0,0,0,0,0,0,0,0,0,0,0,0,0,0,0,0,0,0,0,0,0,0,0,0,0,0,0,0,0,0,0,0,0,0,0,0,0,0,0,0,0,0,0,0,0,0,0,0,0,0,0,0,0,0,0,0,0,0,0,0,0,0,0,0,0,0,0,0,0,0,0,0,0,0,0,0,0,0,0,0,0,0,0,0,0,0,228,230,234,245,253,234,163,76,51,82,115,157,169,131,87,72,0,0,0,0,0,0,0,0,0,0,0,0,0,0,0,0,0,0,0,0,0,0,0,0,0,0,0,0,0,0,0,0,0,0,0,0,0,0,0,0,0,0,0,0,0,0,0,0,0,0,0,0,0,0,0,0,0,0,0,0,0,0,0,0,0,0,0,0,0,0,0,0,0,0,0,0,0,0,0,0,0,0,0,0,0,0,0,0,0,0,0,0,0,0,0,0,0,0,0,0,0,0,0,0,0,0,0,0,0,0,0,0,0,0,0,0,0,0,0,0,0,0
0,0,0,0,0,0,0,0,0,0,0,0,0,0,0,0,0,0,0,0,0,0,0,0,0,0,0,0,0,0,0,0,0,0,0,0,0,0,0,0,0,0,0,0,0,0,0,0,0,0,0,0,0,0,0,0,0,0,0,0,0,0,0,0,0,0,0,0,0,0,0,0,0,0,0,0,0,0,0,0,0,0,0,0,0,0,0,0,0,0,0,0,0,0,0,0,0,0,0,0,0,0,0,0,0,0,0,0,0,0,0,0,0,0,0,0,0,0,0,0,0,0,0,0,0,0,0,0,0,0,0,0,0,0,0,230,228,227,230,248,252,207,112,30,40,98,134,147,114,76,37,50,0,0,0,0,0,0,0,0,0,0,0,0,0,0,0,0,0,0,0,0,0,0,0,0,0,0,0,0,0,0,0,0,0,0,0,0,0,0,0,0,0,0,0,0,0,0,0,0,0,0,0,0,0,0,0,0,0,0,0,0,0,0,0,0,0,0,0,0,0,0,0,0,0,0,0,0,0,0,0,0,0,0,0,0,0,0,0,0,0,0,0,0,0,0,0,0,0,0,0,0,0,0,0,0,0,0,0,0,0,0,0,0,0,0,0,0,0,0,0,0,0,0
0,0,0,0,0,0,0,0,0,0,0,0,0,0,0,0,0,0,0,0,0,0,0,0,0,0,0,0,0,0,0,0,0,0,0,0,0,0,0,0,0,0,0,0,0,0,0,0,0,0,0,0,0,0,0,0,0,0,0,0,0,0,0,0,0,0,0,0,0,0,0,0,0,0,0,0,0,0,0,0,0,0,0,0,0,0,0,0,0,0,0,0,0,0,0,0,0,0,0,0,0,0,0,0,0,0,0,0,0,0,0,0,0,0,0,0,0,0,0,0,0,0,0,0,0,0,0,0,0,0,0,0,0,0,0,229,231,231,244,251,231,164,71,27,62,103,106,96,36,26,17,36,62,0,0,0,0,0,0,0,0,0,0,0,0,0,0,0,0,0,0,0,0,0,0,0,0,0,0,0,0,0,0,0,0,0,0,0,0,0,0,0,0,0,0,0,0,0,0,0,0,0,0,0,0,0,0,0,0,0,0,0,0,0,0,0,0,0,0,0,0,0,0,0,0,0,0,0,0,0,0,0,0,0,0,0,0,0,0,0,0,0,0,0,0,0,0,0,0,0,0,0,0,0,0,0,0,0,0,0,0,0,0,0,0,0,0,0,0,0,0,0,0,0
0,0,0,0,0,0,0,0,0,0,0,0,0,0,0,0,0,0,0,0,0,0,0,0,0,0,0,0,0,0,0,0,0,0,0,0,0,0,0,0,0,0,0,0,0,0,0,0,0,0,0,0,0,0,0,0,0,0,0,0,0,0,0,0,0,0,0,0,0,0,0,0,0,0,0,0,0,0,0,0,0,0,0,0,0,0,0,0,0,0,0,0,0,0,0,0,0,0,0,0,0,0,0,0,0,0,0,0,0,0,0,0,0,0,0,0,0,0,0,0,0,0,0,0,0,0,0,0,0,0,0,0,0,0,218,232,240,240,239,235,195,147,108,90,112,144,134,102,82,77,55,65,79,0,0,0,0,0,0,0,0,0,0,0,0,0,0,0,0,0,0,0,0,0,0,0,0,0,0,0,0,0,0,0,0,0,0,0,0,0,0,0,0,0,0,0,0,0,0,0,0,0,0,0,0,0,0,0,0,0,0,0,0,0,0,0,0,0,0,0,0,0,0,0,0,0,0,0,0,0,0,0,0,0,0,0,0,0,0,0,0,0,0,0,0,0,0,0,0,0,0,0,0,0,0,0,0,0,0,0,0,0,0,0,0,0,0,0,0,0,0,0,0,0
0,0,0,0,0,0,0,0,0,0,0,0,0,0,0,0,0,0,0,0,0,0,0,0,0,0,0,0,0,0,0,0,0,0,0,0,0,0,0,0,0,0,0,0,0,0,0,0,0,0,0,0,0,0,0,0,0,0,0,0,0,0,0,0,0,0,0,0,0,0,0,0,0,0,0,0,0,0,0,0,0,0,0,0,0,0,0,0,0,0,0,0,0,0,0,0,0,0,0,0,0,0,0,0,0,0,0,0,0,0,0,0,0,0,0,0,0,0,0,0,0,0,0,0,0,0,0,0,0,0,0,0,0,199,233,240,243,240,221,203,163,159,163,162,180,173,152,134,121,113,118,99,91,109,0,0,0,0,0,0,0,0,0,0,0,0,0,0,0,0,0,0,0,0,0,0,0,0,0,0,0,0,0,0,0,0,0,0,0,0,0,0,0,0,0,0,0,0,0,0,0,0,0,0,0,0,0,0,0,0,0,0,0,0,0,0,0,0,0,0,0,0,0,0,0,0,0,0,0,0,0,0,0,0,0,0,0,0,0,0,0,0,0,0,0,0,0,0,0,0,0,0,0,0,0,0,0,0,0,0,0,0,0,0,0,0,0,0,0,0,0,0,0,0
0,0,0,0,0,0,0,0,0,0,0,0,0,0,0,0,0,0,0,0,0,0,0,0,0,0,0,0,0,0,0,0,0,0,0,0,0,0,0,0,0,0,0,0,0,0,0,0,0,0,0,0,0,0,0,0,0,0,0,0,0,0,0,0,0,0,0,0,0,0,0,0,0,0,0,0,0,0,0,0,0,0,0,0,0,0,0,0,0,0,0,0,0,0,0,0,0,0,0,0,0,0,0,0,0,0,0,0,0,0,0,0,0,0,0,0,0,0,0,0,0,0,0,0,0,0,0,0,0,0,0,0,0,205,234,227,217,210,197,183,156,176,179,176,177,173,159,154,146,140,132,117,110,117,0,0,0,0,0,0,0,0,0,0,0,0,0,0,0,0,0,0,0,0,0,0,0,0,0,0,0,0,0,0,0,0,0,0,0,0,0,0,0,0,0,0,0,0,0,0,0,0,0,0,0,0,0,0,0,0,0,0,0,0,0,0,0,0,0,0,0,0,0,0,0,0,0,0,0,0,0,0,0,0,0,0,0,0,0,0,0,0,0,0,0,0,0,0,0,0,0,0,0,0,0,0,0,0,0,0,0,0,0,0,0,0,0,0,0,0,0,0,0,0
0,0,0,0,0,0,0,0,0,0,0,0,0,0,0,0,0,0,0,0,0,0,0,0,0,0,0,0,0,0,0,0,0,0,0,0,0,0,0,0,0,0,0,0,0,0,0,0,0,0,0,0,0,0,0,0,0,0,0,0,0,0,0,0,0,0,0,0,0,0,0,0,0,0,0,0,0,0,0,0,0,0,0,0,0,0,0,0,0,0,0,0,0,0,0,0,0,0,0,0,0,0,0,0,0,0,0,0,0,0,0,0,0,0,0,0,0,0,0,0,0,0,0,0,0,0,0,0,0,0,0,0,163,215,222,207,186,184,189,189,170,174,172,170,171,173,173,177,169,164,148,140,127,107,93,0,0,0,0,0,0,0,0,0,0,0,0,0,0,0,0,0,0,0,0,0,0,0,0,0,0,0,0,0,0,0,0,0,0,0,0,0,0,0,0,0,0,0,0,0,0,0,0,0,0,0,0,0,0,0,0,0,0,0,0,0,0,0,0,0,0,0,0,0,0,0,0,0,0,0,0,0,0,0,0,0,0,0,0,0,0,0,0,0,0,0,0,0,0,0,0,0,0,0,0,0,0,0,0,0,0,0,0,0,0,0,0,0,0,0,0,0,0,0
0,0,0,0,0,0,0,0,0,0,0,0,0,0,0,0,0,0,0,0,0,0,0,0,0,0,0,0,0,0,0,0,0,0,0,0,0,0,0,0,0,0,0,0,0,0,0,0,0,0,0,0,0,0,0,0,0,0,0,0,0,0,0,0,0,0,0,0,0,0,0,0,0,0,0,0,0,0,0,0,0,0,0,0,0,0,0,0,0,0,0,0,0,0,0,0,0,0,0,0,0,0,0,0,0,0,0,0,0,0,0,0,0,0,0,0,0,0,0,0,0,0,0,0,0,0,0,0,0,0,0,149,193,218,209,201,177,166,159,155,128,105,119,122,125,126,138,150,156,150,147,152,136,101,93,115,0,0,0,0,0,0,0,0,0,0,0,0,0,0,0,0,0,0,0,0,0,0,0,0,0,0,0,0,0,0,0,0,0,0,0,0,0,0,0,0,0,0,0,0,0,0,0,0,0,0,0,0,0,0,0,0,0,0,0,0,0,0,0,0,0,0,0,0,0,0,0,0,0,0,0,0,0,0,0,0,0,0,0,0,0,0,0,0,0,0,0,0,0,0,0,0,0,0,0,0,0,0,0,0,0,0,0,0,0,0,0,0,0,0,0,0,0,0
0,0,0,0,0,0,0,0,0,0,0,0,0,0,0,0,0,0,0,0,0,0,0,0,0,0,0,0,0,0,0,0,0,0,0,0,0,0,0,0,0,0,0,0,0,0,0,0,0,0,0,0,0,0,0,0,0,0,0,0,0,0,0,0,0,0,0,0,0,0,0,0,0,0,0,0,0,0,0,0,0,0,0,0,0,0,0,0,0,0,0,0,0,0,0,0,0,0,0,0,0,0,0,0,0,0,0,0,0,0,0,0,0,0,0,0,0,0,0,0,0,0,0,0,0,0,0,0,0,0,0,175,175,172,177,181,162,139,110,90,63,32,29,34,44,58,79,99,119,129,145,153,145,129,132,139,0,0,0,0,0,0,0,0,0,0,0,0,0,0,0,0,0,0,0,0,0,0,0,0,0,0,0,0,0,0,0,0,0,0,0,0,0,0,0,0,0,0,0,0,0,0,0,0,0,0,0,0,0,0,0,0,0,0,0,0,0,0,0,0,0,0,0,0,0,0,0,0,0,0,0,0,0,0,0,0,0,0,0,0,0,0,0,0,0,0,0,0,0,0,0,0,0,0,0,0,0,0,0,0,0,0,0,0,0,0,0,0,0,0,0,0,0,0
0,0,0,0,0,0,0,0,0,0,0,0,0,0,0,0,0,0,0,0,0,0,0,0,0,0,0,0,0,0,0,0,0,0,0,0,0,0,0,0,0,0,0,0,0,0,0,0,0,0,0,0,0,0,0,0,0,0,0,0,0,0,0,0,0,0,0,0,0,0,0,0,0,0,0,0,0,0,0,0,0,0,0,0,0,0,0,0,0,0,0,0,0,0,0,0,0,0,0,0,0,0,0,0,0,0,0,0,0,0,0,0,0,0,0,0,0,0,0,0,0,0,0,0,0,0,0,0,0,0,161,156,148,156,161,158,140,118,83,53,41,29,31,47,56,55,65,99,121,131,138,138,134,139,142,138,112,0,0,0,0,0,0,0,0,0,0,0,0,0,0,0,0,0,0,0,0,0,0,0,0,0,0,0,0,0,0,0,0,0,0,0,0,0,0,0,0,0,0,0,0,0,0,0,0,0,0,0,0,0,0,0,0,0,0,0,0,0,0,0,0,0,0,0,0,0,0,0,0,0,0,0,0,0,0,0,0,0,0,0,0,0,0,0,0,0,0,0,0,0,0,0,0,0,0,0,0,0,0,0,0,0,0,0,0,0,0,0,0,0,0,0,0,0
0,0,0,0,0,0,0,0,0,0,0,0,0,0,0,0,0,0,0,0,0,0,0,0,0,0,0,0,0,0,0,0,0,0,0,0,0,0,0,0,0,0,0,0,0,0,0,0,0,0,0,0,0,0,0,0,0,0,0,0,0,0,0,0,0,0,0,0,0,0,0,0,0,0,0,0,0,0,0,0,0,0,0,0,0,0,0,0,0,0,0,0,0,0,0,0,0,0,0,0,0,0,0,0,0,0,0,0,0,0,0,0,0,0,0,0,0,0,0,0,0,0,0,0,0,0,0,0,0,0,153,139,159,184,155,134,98,54,46,57,54,46,44,54,58,58,63,70,77,88,120,125,135,140,148,135,108,0,0,0,0,0,0,0,0,0,0,0,0,0,0,0,0,0,0,0,0,0,0,0,0,0,0,0,0,0,0,0,0,0,0,0,0,0,0,0,0,0,0,0,0,0,0,0,0,0,0,0,0,0,0,0,0,0,0,0,0,0,0,0,0,0,0,0,0,0,0,0,0,0,0,0,0,0,0,0,0,0,0,0,0,0,0,0,0,0,0,0,0,0,0,0,0,0,0,0,0,0,0,0,0,0,0,0,0,0,0,0,0,0,0,0,0,0
0,0,0,0,0,0,0,0,0,0,0,0,0,0,0,0,0,0,0,0,0,0,0,0,0,0,0,0,0,0,0,0,0,0,0,0,0,0,0,0,0,0,0,0,0,0,0,0,0,0,0,0,0,0,0,0,0,0,0,0,0,0,0,0,0,0,0,0,0,0,0,0,0,0,0,0,0,0,0,0,0,0,0,0,0,0,0,0,0,0,0,0,0,0,0,0,0,0,0,0,0,0,0,0,0,0,0,0,0,0,0,0,0,0,0,0,0,0,0,0,0,0,0,0,0,0,0,0,0,136,148,148,155,158,140,123,91,54,44,54,58,53,50,55,57,60,64,64,68,80,105,129,143,145,151,141,123,103,0,0,0,0,0,0,0,0,0,0,0,0,0,0,0,0,0,0,0,0,0,0,0,0,0,0,0,0,0,0,0,0,0,0,0,0,0,0,0,0,0,0,0,0,0,0,0,0,0,0,0,0,0,0,0,0,0,0,0,0,0,0,0,0,0,0,0,0,0,0,0,0,0,0,0,0,0,0,0,0,0,0,0,0,0,0,0,0,0,0,0,0,0,0,0,0,0,0,0,0,0,0,0,0,0,0,0,0,0,0,0,0,0,0,0,0
0,0,0,0,0,0,0,0,0,0,0,0,0,0,0,0,0,0,0,0,0,0,0,0,0,0,0,0,0,0,0,0,0,0,0,0,0,0,0,0,0,0,0,0,0,0,0,0,0,0,0,0,0,0,0,0,0,0,0,0,0,0,0,0,0,0,0,0,0,0,0,0,0,0,0,0,0,0,0,0,0,0,0,0,0,0,0,0,0,0,0,0,0,0,0,0,0,0,0,0,0,0,0,0,0,0,0,0,0,0,0,0,0,0,0,0,0,0,0,0,0,0,0,0,0,0,0,0,81,121,153,165,159,141,110,94,69,51,46,51,57,57,57,53,51,58,58,57,64,75,93,120,127,129,140,140,139,123,0,0,0,0,0,0,0,0,0,0,0,0,0,0,0,0,0,0,0,0,0,0,0,0,0,0,0,0,0,0,0,0,0,0,0,0,0,0,0,0,0,0,0,0,0,0,0,0,0,0,0,0,0,0,0,0,0,0,0,0,0,0,0,0,0,0,0,0,0,0,0,0,0,0,0,0,0,0,0,0,0,0,0,0,0,0,0,0,0,0,0,0,0,0,0,0,0,0,0,0,0,0,0,0,0,0,0,0,0,0,0,0,0,0,0,0
0,0,0,0,0,0,0,0,0,0,0,0,0,0,0,0,0,0,0,0,0,0,0,0,0,0,0,0,0,0,0,0,0,0,0,0,0,0,0,0,0,0,0,0,0,0,0,0,0,0,0,0,0,0,0,0,0,0,0,0,0,0,0,0,0,0,0,0,0,0,0,0,0,0,0,0,0,0,0,0,0,0,0,0,0,0,0,0,0,0,0,0,0,0,0,0,0,0,0,0,0,0,0,0,0,0,0,0,0,0,0,0,0,0,0,0,0,0,0,0,0,0,0,0,0,0,0,0,123,158,169,168,148,120,88,66,44,44,50,52,56,60,60,50,49,56,49,53,66,66,72,101,116,128,140,143,145,127,167,0,0,0,0,0,0,0,0,0,0,0,0,0,0,0,0,0,0,0,0,0,0,0,0,0,0,0,0,0,0,0,0,0,0,0,0,0,0,0,0,0,0,0,0,0,0,0,0,0,0,0,0,0,0,0,0,0,0,0,0,0,0,0,0,0,0,0,0,0,0,0,0,0,0,0,0,0,0,0,0,0,0,0,0,0,0,0,0,0,0,0,0,0,0,0,0,0,0,0,0,0,0,0,0,0,0,0,0,0,0,0,0,0,0,0
0,0,0,0,0,0,0,0,0,0,0,0,0,0,0,0,0,0,0,0,0,0,0,0,0,0,0,0,0,0,0,0,0,0,0,0,0,0,0,0,0,0,0,0,0,0,0,0,0,0,0,0,0,0,0,0,0,0,0,0,0,0,0,0,0,0,0,0,0,0,0,0,0,0,0,0,0,0,0,0,0,0,0,0,0,0,0,0,0,0,0,0,0,0,0,0,0,0,0,0,0,0,0,0,0,0,0,0,0,0,0,0,0,0,0,0,0,0,0,0,0,0,0,0,0,0,0,123,167,180,174,167,144,111,79,55,40,46,54,55,55,57,58,50,52,56,48,54,63,52,56,87,115,132,139,146,153,137,145,0,0,0,0,0,0,0,0,0,0,0,0,0,0,0,0,0,0,0,0,0,0,0,0,0,0,0,0,0,0,0,0,0,0,0,0,0,0,0,0,0,0,0,0,0,0,0,0,0,0,0,0,0,0,0,0,0,0,0,0,0,0,0,0,0,0,0,0,0,0,0,0,0,0,0,0,0,0,0,0,0,0,0,0,0,0,0,0,0,0,0,0,0,0,0,0,0,0,0,0,0,0,0,0,0,0,0,0,0,0,0,0,0,0,0
0,0,0,0,0,0,0,0,0,0,0,0,0,0,0,0,0,0,0,0,0,0,0,0,0,0,0,0,0,0,0,0,0,0,0,0,0,0,0,0,0,0,0,0,0,0,0,0,0,0,0,0,0,0,0,0,0,0,0,0,0,0,0,0,0,0,0,0,0,0,0,0,0,0,0,0,0,0,0,0,0,0,0,0,0,0,0,0,0,0,0,0,0,0,0,0,0,0,0,0,0,0,0,0,0,0,0,0,0,0,0,0,0,0,0,0,0,0,0,0,0,0,0,0,0,0,90,135,169,175,168,154,131,102,72,52,48,54,54,51,50,51,52,50,52,53,52,59,61,46,48,68,98,120,133,147,156,147,131,103,0,0,0,0,0,0,0,0,0,0,0,0,0,0,0,0,0,0,0,0,0,0,0,0,0,0,0,0,0,0,0,0,0,0,0,0,0,0,0,0,0,0,0,0,0,0,0,0,0,0,0,0,0,0,0,0,0,0,0,0,0,0,0,0,0,0,0,0,0,0,0,0,0,0,0,0,0,0,0,0,0,0,0,0,0,0,0,0,0,0,0,0,0,0,0,0,0,0,0,0,0,0,0,0,0,0,0,0,0,0,0,0,0,0
0,0,0,0,0,0,0,0,0,0,0,0,0,0,0,0,0,0,0,0,0,0,0,0,0,0,0,0,0,0,0,0,0,0,0,0,0,0,0,0,0,0,0,0,0,0,0,0,0,0,0,0,0,0,0,0,0,0,0,0,0,0,0,0,0,0,0,0,0,0,0,0,0,0,0,0,0,0,0,0,0,0,0,0,0,0,0,0,0,0,0,0,0,0,0,0,0,0,0,0,0,0,0,0,0,0,0,0,0,0,0,0,0,0,0,0,0,0,0,0,0,0,0,0,0,0,94,144,167,163,150,135,111,83,59,52,54,55,50,45,48,51,49,51,52,50,55,59,58,50,50,54,78,106,127,140,145,144,145,116,0,0,0,0,0,0,0,0,0,0,0,0,0,0,0,0,0,0,0,0,0,0,0,0,0,0,0,0,0,0,0,0,0,0,0,0,0,0,0,0,0,0,0,0,0,0,0,0,0,0,0,0,0,0,0,0,0,0,0,0,0,0,0,0,0,0,0,0,0,0,0,0,0,0,0,0,0,0,0,0,0,0,0,0,0,0,0,0,0,0,0,0,0,0,0,0,0,0,0,0,0,0,0,0,0,0,0,0,0,0,0,0,0,0
0,0,0,0,0,0,0,0,0,0,0,0,0,0,0,0,0,0,0,0,0,0,0,0,0,0,0,0,0,0,0,0,0,0,0,0,0,0,0,0,0,0,0,0,0,0,0,0,0,0,0,0,0,0,0,0,0,0,0,0,0,0,0,0,0,0,0,0,0,0,0,0,0,0,0,0,0,0,0,0,0,0,0,0,0,0,0,0,0,0,0,0,0,0,0,0,0,0,0,0,0,0,0,0,0,0,0,0,0,0,0,0,0,0,0,0,0,0,0,0,0,0,0,0,0,82,118,152,168,166,149,125,91,62,48,55,58,51,49,47,51,55,52,53,54,52,57,57,55,52,53,55,78,106,125,130,128,133,144,128,104,0,0,0,0,0,0,0,0,0,0,0,0,0,0,0,0,0,0,0,0,0,0,0,0,0,0,0,0,0,0,0,0,0,0,0,0,0,0,0,0,0,0,0,0,0,0,0,0,0,0,0,0,0,0,0,0,0,0,0,0,0,0,0,0,0,0,0,0,0,0,0,0,0,0,0,0,0,0,0,0,0,0,0,0,0,0,0,0,0,0,0,0,0,0,0,0,0,0,0,0,0,0,0,0,0,0,0,0,0,0,0,0,0
0,0,0,0,0,0,0,0,0,0,0,0,0,0,0,0,0,0,0,0,0,0,0,0,0,0,0,0,0,0,0,0,0,0,0,0,0,0,0,0,0,0,0,0,0,0,0,0,0,0,0,0,0,0,0,0,0,0,0,0,0,0,0,0,0,0,0,0,0,0,0,0,0,0,0,0,0,0,0,0,0,0,0,0,0,0,0,0,0,0,0,0,0,0,0,0,0,0,0,0,0,0,0,0,0,0,0,0,0,0,0,0,0,0,0,0,0,0,0,0,0,0,0,0,104,134,156,171,178,160,132,107,80,53,57,57,59,57,53,53,54,56,55,53,53,52,54,56,57,54,51,51,71,100,114,119,120,134,136,134,123,0,0,0,0,0,0,0,0,0,0,0,0,0,0,0,0,0,0,0,0,0,0,0,0,0,0,0,0,0,0,0,0,0,0,0,0,0,0,0,0,0,0,0,0,0,0,0,0,0,0,0,0,0,0,0,0,0,0,0,0,0,0,0,0,0,0,0,0,0,0,0,0,0,0,0,0,0,0,0,0,0,0,0,0,0,0,0,0,0,0,0,0,0,0,0,0,0,0,0,0,0,0,0,0,0,0,0,0,0,0,0,0,0
0,0,0,0,0,0,0,0,0,0,0,0,0,0,0,0,0,0,0,0,0,0,0,0,0,0,0,0,0,0,0,0,0,0,0,0,0,0,0,0,0,0,0,0,0,0,0,0,0,0,0,0,0,0,0,0,0,0,0,0,0,0,0,0,0,0,0,0,0,0,0,0,0,0,0,0,0,0,0,0,0,0,0,0,0,0,0,0,0,0,0,0,0,0,0,0,0,0,0,0,0,0,0,0,0,0,0,0,0,0,0,0,0,0,0,0,0,0,0,0,0,0,0,0,98,132,166,161,156,139,112,91,65,41,54,54,57,57,56,57,56,56,56,56,55,54,55,58,59,57,51,50,61,80,100,113,121,133,134,137,128,114,0,0,0,0,0,0,0,0,0,0,0,0,0,0,0,0,0,0,0,0,0,0,0,0,0,0,0,0,0,0,0,0,0,0,0,0,0,0,0,0,0,0,0,0,0,0,0,0,0,0,0,0,0,0,0,0,0,0,0,0,0,0,0,0,0,0,0,0,0,0,0,0,0,0,0,0,0,0,0,0,0,0,0,0,0,0,0,0,0,0,0,0,0,0,0,0,0,0,0,0,0,0,0,0,0,0,0,0,0,0,0,0
0,0,0,0,0,0,0,0,0,0,0,0,0,0,0,0,0,0,0,0,0,0,0,0,0,0,0,0,0,0,0,0,0,0,0,0,0,0,0,0,0,0,0,0,0,0,0,0,0,0,0,0,0,0,0,0,0,0,0,0,0,0,0,0,0,0,0,0,0,0,0,0,0,0,0,0,0,0,0,0,0,0,0,0,0,0,0,0,0,0,0,0,0,0,0,0,0,0,0,0,0,0,0,0,0,0,0,0,0,0,0,0,0,0,0,0,0,0,0,0,0,0,0,82,128,147,172,172,153,118,82,61,53,52,51,48,51,58,60,57,53,53,56,57,57,56,57,59,60,59,53,46,50,62,82,102,121,129,137,139,130,115,0,0,0,0,0,0,0,0,0,0,0,0,0,0,0,0,0,0,0,0,0,0,0,0,0,0,0,0,0,0,0,0,0,0,0,0,0,0,0,0,0,0,0,0,0,0,0,0,0,0,0,0,0,0,0,0,0,0,0,0,0,0,0,0,0,0,0,0,0,0,0,0,0,0,0,0,0,0,0,0,0,0,0,0,0,0,0,0,0,0,0,0,0,0,0,0,0,0,0,0,0,0,0,0,0,0,0,0,0,0,0,0
0,0,0,0,0,0,0,0,0,0,0,0,0,0,0,0,0,0,0,0,0,0,0,0,0,0,0,0,0,0,0,0,0,0,0,0,0,0,0,0,0,0,0,0,0,0,0,0,0,0,0,0,0,0,0,0,0,0,0,0,0,0,0,0,0,0,0,0,0,0,0,0,0,0,0,0,0,0,0,0,0,0,0,0,0,0,0,0,0,0,0,0,0,0,0,0,0,0,0,0,0,0,0,0,0,0,0,0,0,0,0,0,0,0,0,0,0,0,0,0,0,0,0,112,145,155,174,178,145,103,64,43,49,62,51,44,46,55,58,53,48,50,54,56,55,56,56,57,55,55,54,47,48,55,66,83,109,122,131,135,133,123,101,0,0,0,0,0,0,0,0,0,0,0,0,0,0,0,0,0,0,0,0,0,0,0,0,0,0,0,0,0,0,0,0,0,0,0,0,0,0,0,0,0,0,0,0,0,0,0,0,0,0,0,0,0,0,0,0,0,0,0,0,0,0,0,0,0,0,0,0,0,0,0,0,0,0,0,0,0,0,0,0,0,0,0,0,0,0,0,0,0,0,0,0,0,0,0,0,0,0,0,0,0,0,0,0,0,0,0,0,0,0,0
0,0,0,0,0,0,0,0,0,0,0,0,0,0,0,0,0,0,0,0,0,0,0,0,0,0,0,0,0,0,0,0,0,0,0,0,0,0,0,0,0,0,0,0,0,0,0,0,0,0,0,0,0,0,0,0,0,0,0,0,0,0,0,0,0,0,0,0,0,0,0,0,0,0,0,0,0,0,0,0,0,0,0,0,0,0,0,0,0,0,0,0,0,0,0,0,0,0,0,0,0,0,0,0,0,0,0,0,0,0,0,0,0,0,0,0,0,0,0,0,0,0,102,136,156,182,167,153,118,88,57,41,48,58,56,51,50,53,56,55,52,52,52,53,53,55,54,52,50,51,54,53,50,52,59,71,92,111,122,127,130,126,110,0,0,0,0,0,0,0,0,0,0,0,0,0,0,0,0,0,0,0,0,0,0,0,0,0,0,0,0,0,0,0,0,0,0,0,0,0,0,0,0,0,0,0,0,0,0,0,0,0,0,0,0,0,0,0,0,0,0,0,0,0,0,0,0,0,0,0,0,0,0,0,0,0,0,0,0,0,0,0,0,0,0,0,0,0,0,0,0,0,0,0,0,0,0,0,0,0,0,0,0,0,0,0,0,0,0,0,0,0,0,0
0,0,0,0,0,0,0,0,0,0,0,0,0,0,0,0,0,0,0,0,0,0,0,0,0,0,0,0,0,0,0,0,0,0,0,0,0,0,0,0,0,0,0,0,0,0,0,0,0,0,0,0,0,0,0,0,0,0,0,0,0,0,0,0,0,0,0,0,0,0,0,0,0,0,0,0,0,0,0,0,0,0,0,0,0,0,0,0,0,0,0,0,0,0,0,0,0,0,0,0,0,0,0,0,0,0,0,0,0,0,0,0,0,0,0,0,0,0,0,0,0,90,128,159,156,188,148,120,88,66,49,46,50,55,56,54,52,52,54,55,53,52,52,52,53,54,54,51,50,51,52,54,54,55,58,68,86,103,115,122,129,128,119,101,0,0,0,0,0,0,0,0,0,0,0,0,0,0,0,0,0,0,0,0,0,0,0,0,0,0,0,0,0,0,0,0,0,0,0,0,0,0,0,0,0,0,0,0,0,0,0,0,0,0,0,0,0,0,0,0,0,0,0,0,0,0,0,0,0,0,0,0,0,0,0,0,0,0,0,0,0,0,0,0,0,0,0,0,0,0,0,0,0,0,0,0,0,0,0,0,0,0,0,0,0,0,0,0,0,0,0,0,0,0
0,0,0,0,0,0,0,0,0,0,0,0,0,0,0,0,0,0,0,0,0,0,0,0,0,0,0,0,0,0,0,0,0,0,0,0,0,0,0,0,0,0,0,0,0,0,0,0,0,0,0,0,0,0,0,0,0,0,0,0,0,0,0,0,0,0,0,0,0,0,0,0,0,0,0,0,0,0,0,0,0,0,0,0,0,0,0,0,0,0,0,0,0,0,0,0,0,0,0,0,0,0,0,0,0,0,0,0,0,0,0,0,0,0,0,0,0,0,0,0,0,116,140,164,153,157,132,97,64,48,48,55,54,54,56,54,54,54,56,55,52,53,53,53,54,54,53,52,53,53,49,53,59,58,54,63,81,96,116,123,129,131,125,111,0,0,0,0,0,0,0,0,0,0,0,0,0,0,0,0,0,0,0,0,0,0,0,0,0,0,0,0,0,0,0,0,0,0,0,0,0,0,0,0,0,0,0,0,0,0,0,0,0,0,0,0,0,0,0,0,0,0,0,0,0,0,0,0,0,0,0,0,0,0,0,0,0,0,0,0,0,0,0,0,0,0,0,0,0,0,0,0,0,0,0,0,0,0,0,0,0,0,0,0,0,0,0,0,0,0,0,0,0,0
0,0,0,0,0,0,0,0,0,0,0,0,0,0,0,0,0,0,0,0,0,0,0,0,0,0,0,0,0,0,0,0,0,0,0,0,0,0,0,0,0,0,0,0,0,0,0,0,0,0,0,0,0,0,0,0,0,0,0,0,0,0,0,0,0,0,0,0,0,0,0,0,0,0,0,0,0,0,0,0,0,0,0,0,0,0,0,0,0,0,0,0,0,0,0,0,0,0,0,0,0,0,0,0,0,0,0,0,0,0,0,0,0,0,0,0,0,0,0,0,110,128,140,154,156,132,124,85,55,51,57,59,56,56,56,54,54,54,55,54,52,54,53,54,56,54,52,52,54,53,53,54,56,53,50,57,71,84,113,119,126,131,126,114,100,0,0,0,0,0,0,0,0,0,0,0,0,0,0,0,0,0,0,0,0,0,0,0,0,0,0,0,0,0,0,0,0,0,0,0,0,0,0,0,0,0,0,0,0,0,0,0,0,0,0,0,0,0,0,0,0,0,0,0,0,0,0,0,0,0,0,0,0,0,0,0,0,0,0,0,0,0,0,0,0,0,0,0,0,0,0,0,0,0,0,0,0,0,0,0,0,0,0,0,0,0,0,0,0,0,0,0,0,0
0,0,0,0,0,0,0,0,0,0,0,0,0,0,0,0,0,0,0,0,0,0,0,0,0,0,0,0,0,0,0,0,0,0,0,0,0,0,0,0,0,0,0,0,0,0,0,0,0,0,0,0,0,0,0,0,0,0,0,0,0,0,0,0,0,0,0,0,0,0,0,0,0,0,0,0,0,0,0,0,0,0,0,0,0,0,0,0,0,0,0,0,0,0,0,0,0,0,0,0,0,0,0,0,0,0,0,0,0,0,0,0,0,0,0,0,0,0,0,94,126,153,179,181,156,117,91,62,50,51,55,57,57,58,56,53,51,53,54,53,53,55,53,53,56,55,52,51,52,54,57,57,55,52,51,54,60,64,98,107,119,127,125,122,115,0,0,0,0,0,0,0,0,0,0,0,0,0,0,0,0,0,0,0,0,0,0,0,0,0,0,0,0,0,0,0,0,0,0,0,0,0,0,0,0,0,0,0,0,0,0,0,0,0,0,0,0,0,0,0,0,0,0,0,0,0,0,0,0,0,0,0,0,0,0,0,0,0,0,0,0,0,0,0,0,0,0,0,0,0,0,0,0,0,0,0,0,0,0,0,0,0,0,0,0,0,0,0,0,0,0,0,0,0
0,0,0,0,0,0,0,0,0,0,0,0,0,0,0,0,0,0,0,0,0,0,0,0,0,0,0,0,0,0,0,0,0,0,0,0,0,0,0,0,0,0,0,0,0,0,0,0,0,0,0,0,0,0,0,0,0,0,0,0,0,0,0,0,0,0,0,0,0,0,0,0,0,0,0,0,0,0,0,0,0,0,0,0,0,0,0,0,0,0,0,0,0,0,0,0,0,0,0,0,0,0,0,0,0,0,0,0,0,0,0,0,0,0,0,0,0,0,0,110,141,165,174,162,131,95,75,49,46,57,63,58,55,58,55,53,52,54,55,54,53,54,53,54,56,55,52,51,52,55,58,58,56,52,51,53,57,60,86,97,110,119,122,126,123,103,0,0,0,0,0,0,0,0,0,0,0,0,0,0,0,0,0,0,0,0,0,0,0,0,0,0,0,0,0,0,0,0,0,0,0,0,0,0,0,0,0,0,0,0,0,0,0,0,0,0,0,0,0,0,0,0,0,0,0,0,0,0,0,0,0,0,0,0,0,0,0,0,0,0,0,0,0,0,0,0,0,0,0,0,0,0,0,0,0,0,0,0,0,0,0,0,0,0,0,0,0,0,0,0,0,0,0,0
0,0,0,0,0,0,0,0,0,0,0,0,0,0,0,0,0,0,0,0,0,0,0,0,0,0,0,0,0,0,0,0,0,0,0,0,0,0,0,0,0,0,0,0,0,0,0,0,0,0,0,0,0,0,0,0,0,0,0,0,0,0,0,0,0,0,0,0,0,0,0,0,0,0,0,0,0,0,0,0,0,0,0,0,0,0,0,0,0,0,0,0,0,0,0,0,0,0,0,0,0,0,0,0,0,0,0,0,0,0,0,0,0,0,0,0,0,0,103,131,154,168,160,137,106,78,62,48,50,59,60,56,55,58,56,54,53,54,56,55,54,55,54,55,56,54,53,52,53,56,56,57,54,52,52,55,58,61,78,91,107,118,122,124,121,108,0,0,0,0,0,0,0,0,0,0,0,0,0,0,0,0,0,0,0,0,0,0,0,0,0,0,0,0,0,0,0,0,0,0,0,0,0,0,0,0,0,0,0,0,0,0,0,0,0,0,0,0,0,0,0,0,0,0,0,0,0,0,0,0,0,0,0,0,0,0,0,0,0,0,0,0,0,0,0,0,0,0,0,0,0,0,0,0,0,0,0,0,0,0,0,0,0,0,0,0,0,0,0,0,0,0,0,0
0,0,0,0,0,0,0,0,0,0,0,0,0,0,0,0,0,0,0,0,0,0,0,0,0,0,0,0,0,0,0,0,0,0,0,0,0,0,0,0,0,0,0,0,0,0,0,0,0,0,0,0,0,0,0,0,0,0,0,0,0,0,0,0,0,0,0,0,0,0,0,0,0,0,0,0,0,0,0,0,0,0,0,0,0,0,0,0,0,0,0,0,0,0,0,0,0,0,0,0,0,0,0,0,0,0,0,0,0,0,0,0,0,0,0,0,0,0,121,149,164,167,148,119,89,67,52,51,58,58,55,55,57,58,57,55,54,55,56,56,56,56,55,55,55,53,54,54,53,56,57,58,55,52,53,55,58,61,72,79,96,114,123,125,122,115,104,0,0,0,0,0,0,0,0,0,0,0,0,0,0,0,0,0,0,0,0,0,0,0,0,0,0,0,0,0,0,0,0,0,0,0,0,0,0,0,0,0,0,0,0,0,0,0,0,0,0,0,0,0,0,0,0,0,0,0,0,0,0,0,0,0,0,0,0,0,0,0,0,0,0,0,0,0,0,0,0,0,0,0,0,0,0,0,0,0,0,0,0,0,0,0,0,0,0,0,0,0,0,0,0,0,0,0
0,0,0,0,0,0,0,0,0,0,0,0,0,0,0,0,0,0,0,0,0,0,0,0,0,0,0,0,0,0,0,0,0,0,0,0,0,0,0,0,0,0,0,0,0,0,0,0,0,0,0,0,0,0,0,0,0,0,0,0,0,0,0,0,0,0,0,0,0,0,0,0,0,0,0,0,0,0,0,0,0,0,0,0,0,0,0,0,0,0,0,0,0,0,0,0,0,0,0,0,0,0,0,0,0,0,0,0,0,0,0,0,0,0,0,0,0,104,136,164,170,157,130,99,74,59,50,52,58,58,56,55,56,56,55,54,55,56,57,56,56,56,55,55,53,52,55,55,53,55,57,58,55,51,52,54,57,60,69,72,86,106,121,130,130,123,113,0,0,0,0,0,0,0,0,0,0,0,0,0,0,0,0,0,0,0,0,0,0,0,0,0,0,0,0,0,0,0,0,0,0,0,0,0,0,0,0,0,0,0,0,0,0,0,0,0,0,0,0,0,0,0,0,0,0,0,0,0,0,0,0,0,0,0,0,0,0,0,0,0,0,0,0,0,0,0,0,0,0,0,0,0,0,0,0,0,0,0,0,0,0,0,0,0,0,0,0,0,0,0,0,0,0,0
0,0,0,0,0,0,0,0,0,0,0,0,0,0,0,0,0,0,0,0,0,0,0,0,0,0,0,0,0,0,0,0,0,0,0,0,0,0,0,0,0,0,0,0,0,0,0,0,0,0,0,0,0,0,0,0,0,0,0,0,0,0,0,0,0,0,0,0,0,0,0,0,0,0,0,0,0,0,0,0,0,0,0,0,0,0,0,0,0,0,0,0,0,0,0,0,0,0,0,0,0,0,0,0,0,0,0,0,0,0,0,0,0,0,0,0,97,127,148,170,167,143,111,83,65,57,53,54,59,59,57,53,53,54,54,54,54,56,56,56,56,56,56,54,52,52,55,56,53,54,55,56,54,52,53,55,57,60,64,68,82,101,119,135,134,124,119,105,0,0,0,0,0,0,0,0,0,0,0,0,0,0,0,0,0,0,0,0,0,0,0,0,0,0,0,0,0,0,0,0,0,0,0,0,0,0,0,0,0,0,0,0,0,0,0,0,0,0,0,0,0,0,0,0,0,0,0,0,0,0,0,0,0,0,0,0,0,0,0,0,0,0,0,0,0,0,0,0,0,0,0,0,0,0,0,0,0,0,0,0,0,0,0,0,0,0,0,0,0,0,0,0,0,0
0,0,0,0,0,0,0,0,0,0,0,0,0,0,0,0,0,0,0,0,0,0,0,0,0,0,0,0,0,0,0,0,0,0,0,0,0,0,0,0,0,0,0,0,0,0,0,0,0,0,0,0,0,0,0,0,0,0,0,0,0,0,0,0,0,0,0,0,0,0,0,0,0,0,0,0,0,0,0,0,0,0,0,0,0,0,0,0,0,0,0,0,0,0,0,0,0,0,0,0,0,0,0,0,0,0,0,0,0,0,0,0,0,0,0,0,115,142,159,166,155,127,96,76,63,57,52,55,61,61,58,54,53,54,54,54,54,55,55,55,55,56,56,54,52,52,55,56,53,53,56,56,55,54,54,55,56,57,60,61,76,96,115,135,137,127,127,110,95,0,0,0,0,0,0,0,0,0,0,0,0,0,0,0,0,0,0,0,0,0,0,0,0,0,0,0,0,0,0,0,0,0,0,0,0,0,0,0,0,0,0,0,0,0,0,0,0,0,0,0,0,0,0,0,0,0,0,0,0,0,0,0,0,0,0,0,0,0,0,0,0,0,0,0,0,0,0,0,0,0,0,0,0,0,0,0,0,0,0,0,0,0,0,0,0,0,0,0,0,0,0,0,0,0
0,0,0,0,0,0,0,0,0,0,0,0,0,0,0,0,0,0,0,0,0,0,0,0,0,0,0,0,0,0,0,0,0,0,0,0,0,0,0,0,0,0,0,0,0,0,0,0,0,0,0,0,0,0,0,0,0,0,0,0,0,0,0,0,0,0,0,0,0,0,0,0,0,0,0,0,0,0,0,0,0,0,0,0,0,0,0,0,0,0,0,0,0,0,0,0,0,0,0,0,0,0,0,0,0,0,0,0,0,0,0,0,0,0,0,101,136,158,172,161,135,103,76,66,60,58,54,56,60,59,57,53,53,54,54,54,54,55,55,55,55,55,55,53,52,52,54,55,52,52,55,55,55,54,54,56,57,57,57,54,67,86,100,119,128,127,134,117,107,0,0,0,0,0,0,0,0,0,0,0,0,0,0,0,0,0,0,0,0,0,0,0,0,0,0,0,0,0,0,0,0,0,0,0,0,0,0,0,0,0,0,0,0,0,0,0,0,0,0,0,0,0,0,0,0,0,0,0,0,0,0,0,0,0,0,0,0,0,0,0,0,0,0,0,0,0,0,0,0,0,0,0,0,0,0,0,0,0,0,0,0,0,0,0,0,0,0,0,0,0,0,0,0,0
0,0,0,0,0,0,0,0,0,0,0,0,0,0,0,0,0,0,0,0,0,0,0,0,0,0,0,0,0,0,0,0,0,0,0,0,0,0,0,0,0,0,0,0,0,0,0,0,0,0,0,0,0,0,0,0,0,0,0,0,0,0,0,0,0,0,0,0,0,0,0,0,0,0,0,0,0,0,0,0,0,0,0,0,0,0,0,0,0,0,0,0,0,0,0,0,0,0,0,0,0,0,0,0,0,0,0,0,0,0,0,0,0,0,89,127,151,174,148,143,119,75,54,55,58,55,56,54,56,57,55,53,54,53,52,52,53,54,54,54,54,53,55,54,53,53,52,52,52,52,54,55,55,54,53,55,56,56,53,53,61,72,89,107,121,129,131,124,115,98,0,0,0,0,0,0,0,0,0,0,0,0,0,0,0,0,0,0,0,0,0,0,0,0,0,0,0,0,0,0,0,0,0,0,0,0,0,0,0,0,0,0,0,0,0,0,0,0,0,0,0,0,0,0,0,0,0,0,0,0,0,0,0,0,0,0,0,0,0,0,0,0,0,0,0,0,0,0,0,0,0,0,0,0,0,0,0,0,0,0,0,0,0,0,0,0,0,0,0,0,0,0,0,0
0,0,0,0,0,0,0,0,0,0,0,0,0,0,0,0,0,0,0,0,0,0,0,0,0,0,0,0,0,0,0,0,0,0,0,0,0,0,0,0,0,0,0,0,0,0,0,0,0,0,0,0,0,0,0,0,0,0,0,0,0,0,0,0,0,0,0,0,0,0,0,0,0,0,0,0,0,0,0,0,0,0,0,0,0,0,0,0,0,0,0,0,0,0,0,0,0,0,0,0,0,0,0,0,0,0,0,0,0,0,0,0,0,0,110,150,170,171,144,126,99,64,48,51,56,54,57,54,54,56,55,54,54,53,51,51,52,53,53,53,54,55,53,53,53,53,52,52,52,51,54,55,55,54,54,55,55,55,53,51,56,65,79,95,112,126,126,126,122,110,0,0,0,0,0,0,0,0,0,0,0,0,0,0,0,0,0,0,0,0,0,0,0,0,0,0,0,0,0,0,0,0,0,0,0,0,0,0,0,0,0,0,0,0,0,0,0,0,0,0,0,0,0,0,0,0,0,0,0,0,0,0,0,0,0,0,0,0,0,0,0,0,0,0,0,0,0,0,0,0,0,0,0,0,0,0,0,0,0,0,0,0,0,0,0,0,0,0,0,0,0,0,0,0
0,0,0,0,0,0,0,0,0,0,0,0,0,0,0,0,0,0,0,0,0,0,0,0,0,0,0,0,0,0,0,0,0,0,0,0,0,0,0,0,0,0,0,0,0,0,0,0,0,0,0,0,0,0,0,0,0,0,0,0,0,0,0,0,0,0,0,0,0,0,0,0,0,0,0,0,0,0,0,0,0,0,0,0,0,0,0,0,0,0,0,0,0,0,0,0,0,0,0,0,0,0,0,0,0,0,0,0,0,0,0,0,0,103,128,165,179,153,131,103,79,60,50,53,58,54,54,51,50,52,53,53,53,51,51,50,50,51,52,52,53,53,52,52,52,52,51,51,51,51,53,54,55,55,55,55,54,53,50,50,54,60,68,80,99,120,121,129,130,119,102,0,0,0,0,0,0,0,0,0,0,0,0,0,0,0,0,0,0,0,0,0,0,0,0,0,0,0,0,0,0,0,0,0,0,0,0,0,0,0,0,0,0,0,0,0,0,0,0,0,0,0,0,0,0,0,0,0,0,0,0,0,0,0,0,0,0,0,0,0,0,0,0,0,0,0,0,0,0,0,0,0,0,0,0,0,0,0,0,0,0,0,0,0,0,0,0,0,0,0,0,0,0,0
0,0,0,0,0,0,0,0,0,0,0,0,0,0,0,0,0,0,0,0,0,0,0,0,0,0,0,0,0,0,0,0,0,0,0,0,0,0,0,0,0,0,0,0,0,0,0,0,0,0,0,0,0,0,0,0,0,0,0,0,0,0,0,0,0,0,0,0,0,0,0,0,0,0,0,0,0,0,0,0,0,0,0,0,0,0,0,0,0,0,0,0,0,0,0,0,0,0,0,0,0,0,0,0,0,0,0,0,0,0,0,0,0,123,144,168,170,137,111,79,59,52,50,53,56,51,50,48,48,50,50,51,51,50,49,48,47,48,49,51,50,49,51,51,51,51,50,51,51,51,53,54,54,54,54,54,53,51,49,49,52,56,61,70,87,111,122,135,138,127,109,0,0,0,0,0,0,0,0,0,0,0,0,0,0,0,0,0,0,0,0,0,0,0,0,0,0,0,0,0,0,0,0,0,0,0,0,0,0,0,0,0,0,0,0,0,0,0,0,0,0,0,0,0,0,0,0,0,0,0,0,0,0,0,0,0,0,0,0,0,0,0,0,0,0,0,0,0,0,0,0,0,0,0,0,0,0,0,0,0,0,0,0,0,0,0,0,0,0,0,0,0,0,0
0,0,0,0,0,0,0,0,0,0,0,0,0,0,0,0,0,0,0,0,0,0,0,0,0,0,0,0,0,0,0,0,0,0,0,0,0,0,0,0,0,0,0,0,0,0,0,0,0,0,0,0,0,0,0,0,0,0,0,0,0,0,0,0,0,0,0,0,0,0,0,0,0,0,0,0,0,0,0,0,0,0,0,0,0,0,0,0,0,0,0,0,0,0,0,0,0,0,0,0,0,0,0,0,0,0,0,0,0,0,0,0,114,137,161,168,153,127,88,61,47,49,50,50,51,51,49,49,49,50,50,50,50,49,49,49,48,47,49,50,50,48,48,50,51,51,51,51,51,52,54,53,52,52,52,52,52,51,50,48,48,51,55,63,77,99,114,132,139,130,116,101,0,0,0,0,0,0,0,0,0,0,0,0,0,0,0,0,0,0,0,0,0,0,0,0,0,0,0,0,0,0,0,0,0,0,0,0,0,0,0,0,0,0,0,0,0,0,0,0,0,0,0,0,0,0,0,0,0,0,0,0,0,0,0,0,0,0,0,0,0,0,0,0,0,0,0,0,0,0,0,0,0,0,0,0,0,0,0,0,0,0,0,0,0,0,0,0,0,0,0,0,0,0
0,0,0,0,0,0,0,0,0,0,0,0,0,0,0,0,0,0,0,0,0,0,0,0,0,0,0,0,0,0,0,0,0,0,0,0,0,0,0,0,0,0,0,0,0,0,0,0,0,0,0,0,0,0,0,0,0,0,0,0,0,0,0,0,0,0,0,0,0,0,0,0,0,0,0,0,0,0,0,0,0,0,0,0,0,0,0,0,0,0,0,0,0,0,0,0,0,0,0,0,0,0,0,0,0,0,0,0,0,0,0,93,131,158,175,164,136,107,67,47,39,46,51,46,44,47,51,50,50,50,51,51,50,50,50,52,51,50,49,48,46,45,47,49,50,50,51,52,52,52,53,52,51,51,51,51,49,48,48,47,47,48,50,55,67,86,98,120,129,125,120,113,0,0,0,0,0,0,0,0,0,0,0,0,0,0,0,0,0,0,0,0,0,0,0,0,0,0,0,0,0,0,0,0,0,0,0,0,0,0,0,0,0,0,0,0,0,0,0,0,0,0,0,0,0,0,0,0,0,0,0,0,0,0,0,0,0,0,0,0,0,0,0,0,0,0,0,0,0,0,0,0,0,0,0,0,0,0,0,0,0,0,0,0,0,0,0,0,0,0,0,0,0,0
0,0,0,0,0,0,0,0,0,0,0,0,0,0,0,0,0,0,0,0,0,0,0,0,0,0,0,0,0,0,0,0,0,0,0,0,0,0,0,0,0,0,0,0,0,0,0,0,0,0,0,0,0,0,0,0,0,0,0,0,0,0,0,0,0,0,0,0,0,0,0,0,0,0,0,0,0,0,0,0,0,0,0,0,0,0,0,0,0,0,0,0,0,0,0,0,0,0,0,0,0,0,0,0,0,0,0,0,0,0,0,106,145,175,174,151,120,87,61,45,37,44,51,47,44,46,50,50,50,50,50,50,49,49,49,50,50,49,48,45,44,44,47,48,49,50,52,53,53,53,51,50,50,51,51,50,49,48,47,46,48,48,49,50,59,76,91,113,121,120,123,124,107,0,0,0,0,0,0,0,0,0,0,0,0,0,0,0,0,0,0,0,0,0,0,0,0,0,0,0,0,0,0,0,0,0,0,0,0,0,0,0,0,0,0,0,0,0,0,0,0,0,0,0,0,0,0,0,0,0,0,0,0,0,0,0,0,0,0,0,0,0,0,0,0,0,0,0,0,0,0,0,0,0,0,0,0,0,0,0,0,0,0,0,0,0,0,0,0,0,0,0,0,0
0,0,0,0,0,0,0,0,0,0,0,0,0,0,0,0,0,0,0,0,0,0,0,0,0,0,0,0,0,0,0,0,0,0,0,0,0,0,0,0,0,0,0,0,0,0,0,0,0,0,0,0,0,0,0,0,0,0,0,0,0,0,0,0,0,0,0,0,0,0,0,0,0,0,0,0,0,0,0,0,0,0,0,0,0,0,0,0,0,0,0,0,0,0,0,0,0,0,0,0,0,0,0,0,0,0,0,0,0,0,114,130,164,182,156,118,87,61,58,51,45,47,49,45,44,47,49,50,51,50,49,48,47,48,50,48,47,47,48,47,48,51,46,48,49,50,54,55,53,52,49,49,49,49,50,50,50,50,50,47,48,48,50,50,56,68,87,110,118,119,126,130,113,0,0,0,0,0,0,0,0,0,0,0,0,0,0,0,0,0,0,0,0,0,0,0,0,0,0,0,0,0,0,0,0,0,0,0,0,0,0,0,0,0,0,0,0,0,0,0,0,0,0,0,0,0,0,0,0,0,0,0,0,0,0,0,0,0,0,0,0,0,0,0,0,0,0,0,0,0,0,0,0,0,0,0,0,0,0,0,0,0,0,0,0,0,0,0,0,0,0,0,0,0
0,0,0,0,0,0,0,0,0,0,0,0,0,0,0,0,0,0,0,0,0,0,0,0,0,0,0,0,0,0,0,0,0,0,0,0,0,0,0,0,0,0,0,0,0,0,0,0,0,0,0,0,0,0,0,0,0,0,0,0,0,0,0,0,0,0,0,0,0,0,0,0,0,0,0,0,0,0,0,0,0,0,0,0,0,0,0,0,0,0,0,0,0,0,0,0,0,0,0,0,0,0,0,0,0,0,0,0,0,86,123,148,158,153,139,112,70,37,53,56,51,50,48,45,47,49,49,48,48,49,48,46,45,46,50,49,45,45,49,60,70,75,82,90,89,79,65,57,49,46,45,43,44,50,49,47,51,53,49,47,47,49,50,48,56,58,80,99,113,120,132,133,112,94,0,0,0,0,0,0,0,0,0,0,0,0,0,0,0,0,0,0,0,0,0,0,0,0,0,0,0,0,0,0,0,0,0,0,0,0,0,0,0,0,0,0,0,0,0,0,0,0,0,0,0,0,0,0,0,0,0,0,0,0,0,0,0,0,0,0,0,0,0,0,0,0,0,0,0,0,0,0,0,0,0,0,0,0,0,0,0,0,0,0,0,0,0,0,0,0,0,0,0,0
0,0,0,0,0,0,0,0,0,0,0,0,0,0,0,0,0,0,0,0,0,0,0,0,0,0,0,0,0,0,0,0,0,0,0,0,0,0,0,0,0,0,0,0,0,0,0,0,0,0,0,0,0,0,0,0,0,0,0,0,0,0,0,0,0,0,0,0,0,0,0,0,0,0,0,0,0,0,0,0,0,0,0,0,0,0,0,0,0,0,0,0,0,0,0,0,0,0,0,0,0,0,0,0,0,0,0,0,0,104,134,153,153,140,121,90,56,39,48,58,57,51,46,47,49,50,48,48,49,49,49,47,46,46,50,49,44,43,51,67,83,92,110,122,118,99,78,65,51,42,43,43,44,47,48,48,51,52,45,43,44,47,49,50,49,38,62,88,109,119,130,131,119,114,0,0,0,0,0,0,0,0,0,0,0,0,0,0,0,0,0,0,0,0,0,0,0,0,0,0,0,0,0,0,0,0,0,0,0,0,0,0,0,0,0,0,0,0,0,0,0,0,0,0,0,0,0,0,0,0,0,0,0,0,0,0,0,0,0,0,0,0,0,0,0,0,0,0,0,0,0,0,0,0,0,0,0,0,0,0,0,0,0,0,0,0,0,0,0,0,0,0,0,0
0,0,0,0,0,0,0,0,0,0,0,0,0,0,0,0,0,0,0,0,0,0,0,0,0,0,0,0,0,0,0,0,0,0,0,0,0,0,0,0,0,0,0,0,0,0,0,0,0,0,0,0,0,0,0,0,0,0,0,0,0,0,0,0,0,0,0,0,0,0,0,0,0,0,0,0,0,0,0,0,0,0,0,0,0,0,0,0,0,0,0,0,0,0,0,0,0,0,0,0,0,0,0,0,0,0,0,0,81,115,137,148,141,118,91,64,47,47,49,56,55,50,48,51,49,47,46,46,48,51,50,47,46,48,52,52,47,50,58,75,100,118,128,137,132,112,89,72,56,47,48,49,47,45,45,47,49,49,45,45,45,47,48,48,47,42,56,77,98,112,125,130,125,120,110,0,0,0,0,0,0,0,0,0,0,0,0,0,0,0,0,0,0,0,0,0,0,0,0,0,0,0,0,0,0,0,0,0,0,0,0,0,0,0,0,0,0,0,0,0,0,0,0,0,0,0,0,0,0,0,0,0,0,0,0,0,0,0,0,0,0,0,0,0,0,0,0,0,0,0,0,0,0,0,0,0,0,0,0,0,0,0,0,0,0,0,0,0,0,0,0,0,0,0
0,0,0,0,0,0,0,0,0,0,0,0,0,0,0,0,0,0,0,0,0,0,0,0,0,0,0,0,0,0,0,0,0,0,0,0,0,0,0,0,0,0,0,0,0,0,0,0,0,0,0,0,0,0,0,0,0,0,0,0,0,0,0,0,0,0,0,0,0,0,0,0,0,0,0,0,0,0,0,0,0,0,0,0,0,0,0,0,0,0,0,0,0,0,0,0,0,0,0,0,0,0,0,0,0,0,0,71,104,129,135,132,119,93,67,55,53,52,47,51,51,48,47,50,46,45,44,45,47,49,47,44,45,47,54,56,54,59,68,86,117,142,143,146,140,124,101,82,65,54,49,54,51,45,45,47,48,46,49,51,48,49,53,51,51,55,59,71,92,108,118,128,129,119,115,0,0,0,0,0,0,0,0,0,0,0,0,0,0,0,0,0,0,0,0,0,0,0,0,0,0,0,0,0,0,0,0,0,0,0,0,0,0,0,0,0,0,0,0,0,0,0,0,0,0,0,0,0,0,0,0,0,0,0,0,0,0,0,0,0,0,0,0,0,0,0,0,0,0,0,0,0,0,0,0,0,0,0,0,0,0,0,0,0,0,0,0,0,0,0,0,0,0,0
0,0,0,0,0,0,0,0,0,0,0,0,0,0,0,0,0,0,0,0,0,0,0,0,0,0,0,0,0,0,0,0,0,0,0,0,0,0,0,0,0,0,0,0,0,0,0,0,0,0,0,0,0,0,0,0,0,0,0,0,0,0,0,0,0,0,0,0,0,0,0,0,0,0,0,0,0,0,0,0,0,0,0,0,0,0,0,0,0,0,0,0,0,0,0,0,0,0,0,0,0,0,0,0,0,0,0,96,124,140,132,113,95,68,44,47,53,44,44,47,47,43,45,50,47,45,47,48,49,49,47,45,46,48,49,53,51,56,73,102,134,154,156,156,152,137,113,94,76,56,49,54,53,48,48,50,49,46,49,51,48,48,51,51,51,55,56,63,84,103,112,124,130,122,120,105,0,0,0,0,0,0,0,0,0,0,0,0,0,0,0,0,0,0,0,0,0,0,0,0,0,0,0,0,0,0,0,0,0,0,0,0,0,0,0,0,0,0,0,0,0,0,0,0,0,0,0,0,0,0,0,0,0,0,0,0,0,0,0,0,0,0,0,0,0,0,0,0,0,0,0,0,0,0,0,0,0,0,0,0,0,0,0,0,0,0,0,0,0,0,0,0,0,0
0,0,0,0,0,0,0,0,0,0,0,0,0,0,0,0,0,0,0,0,0,0,0,0,0,0,0,0,0,0,0,0,0,0,0,0,0,0,0,0,0,0,0,0,0,0,0,0,0,0,0,0,0,0,0,0,0,0,0,0,0,0,0,0,0,0,0,0,0,0,0,0,0,0,0,0,0,0,0,0,0,0,0,0,0,0,0,0,0,0,0,0,0,0,0,0,0,0,0,0,0,0,0,0,0,0,94,122,136,141,127,101,78,49,28,36,47,40,46,47,44,41,46,54,50,46,45,45,48,51,50,46,46,49,50,52,51,62,88,123,151,164,163,162,158,146,125,108,89,65,50,49,50,50,50,51,49,48,47,45,44,42,43,44,48,50,51,54,69,91,107,121,129,125,121,111,0,0,0,0,0,0,0,0,0,0,0,0,0,0,0,0,0,0,0,0,0,0,0,0,0,0,0,0,0,0,0,0,0,0,0,0,0,0,0,0,0,0,0,0,0,0,0,0,0,0,0,0,0,0,0,0,0,0,0,0,0,0,0,0,0,0,0,0,0,0,0,0,0,0,0,0,0,0,0,0,0,0,0,0,0,0,0,0,0,0,0,0,0,0,0,0,0,0
0,0,0,0,0,0,0,0,0,0,0,0,0,0,0,0,0,0,0,0,0,0,0,0,0,0,0,0,0,0,0,0,0,0,0,0,0,0,0,0,0,0,0,0,0,0,0,0,0,0,0,0,0,0,0,0,0,0,0,0,0,0,0,0,0,0,0,0,0,0,0,0,0,0,0,0,0,0,0,0,0,0,0,0,0,0,0,0,0,0,0,0,0,0,0,0,0,0,0,0,0,0,0,0,0,0,115,140,141,132,118,91,63,39,34,41,45,45,47,47,43,41,45,51,50,48,44,44,48,54,55,51,49,51,51,54,64,85,113,142,159,168,168,165,159,149,133,118,101,79,52,44,46,53,54,51,48,48,47,43,42,43,44,45,47,47,48,48,57,76,98,114,125,126,123,115,104,0,0,0,0,0,0,0,0,0,0,0,0,0,0,0,0,0,0,0,0,0,0,0,0,0,0,0,0,0,0,0,0,0,0,0,0,0,0,0,0,0,0,0,0,0,0,0,0,0,0,0,0,0,0,0,0,0,0,0,0,0,0,0,0,0,0,0,0,0,0,0,0,0,0,0,0,0,0,0,0,0,0,0,0,0,0,0,0,0,0,0,0,0,0,0,0,0
0,0,0,0,0,0,0,0,0,0,0,0,0,0,0,0,0,0,0,0,0,0,0,0,0,0,0,0,0,0,0,0,0,0,0,0,0,0,0,0,0,0,0,0,0,0,0,0,0,0,0,0,0,0,0,0,0,0,0,0,0,0,0,0,0,0,0,0,0,0,0,0,0,0,0,0,0,0,0,0,0,0,0,0,0,0,0,0,0,0,0,0,0,0,0,0,0,0,0,0,0,0,0,0,0,96,132,150,138,116,101,79,50,34,44,50,45,49,45,46,41,40,41,47,48,48,45,48,51,52,54,54,53,50,50,60,83,110,134,153,162,169,171,167,159,151,141,130,115,95,65,49,47,56,56,50,48,50,50,48,48,46,50,49,50,49,46,45,48,64,85,107,121,124,122,116,108,0,0,0,0,0,0,0,0,0,0,0,0,0,0,0,0,0,0,0,0,0,0,0,0,0,0,0,0,0,0,0,0,0,0,0,0,0,0,0,0,0,0,0,0,0,0,0,0,0,0,0,0,0,0,0,0,0,0,0,0,0,0,0,0,0,0,0,0,0,0,0,0,0,0,0,0,0,0,0,0,0,0,0,0,0,0,0,0,0,0,0,0,0,0,0,0,0
0,0,0,0,0,0,0,0,0,0,0,0,0,0,0,0,0,0,0,0,0,0,0,0,0,0,0,0,0,0,0,0,0,0,0,0,0,0,0,0,0,0,0,0,0,0,0,0,0,0,0,0,0,0,0,0,0,0,0,0,0,0,0,0,0,0,0,0,0,0,0,0,0,0,0,0,0,0,0,0,0,0,0,0,0,0,0,0,0,0,0,0,0,0,0,0,0,0,0,0,0,0,0,0,91,112,133,145,131,105,72,44,38,44,47,46,44,46,44,45,43,42,42,42,44,47,48,49,52,47,48,52,50,46,57,63,86,113,141,159,168,176,173,167,163,160,153,139,116,89,77,55,51,54,55,51,46,46,49,47,48,51,50,50,50,52,52,49,46,53,73,97,111,122,122,115,109,105,0,0,0,0,0,0,0,0,0,0,0,0,0,0,0,0,0,0,0,0,0,0,0,0,0,0,0,0,0,0,0,0,0,0,0,0,0,0,0,0,0,0,0,0,0,0,0,0,0,0,0,0,0,0,0,0,0,0,0,0,0,0,0,0,0,0,0,0,0,0,0,0,0,0,0,0,0,0,0,0,0,0,0,0,0,0,0,0,0,0,0,0,0,0,0,0
0,0,0,0,0,0,0,0,0,0,0,0,0,0,0,0,0,0,0,0,0,0,0,0,0,0,0,0,0,0,0,0,0,0,0,0,0,0,0,0,0,0,0,0,0,0,0,0,0,0,0,0,0,0,0,0,0,0,0,0,0,0,0,0,0,0,0,0,0,0,0,0,0,0,0,0,0,0,0,0,0,0,0,0,0,0,0,0,0,0,0,0,0,0,0,0,0,0,0,0,0,0,0,0,108,129,142,141,114,79,53,35,36,39,42,41,40,42,42,43,44,43,42,38,38,42,48,51,51,44,42,44,45,42,63,76,102,131,154,165,173,176,173,170,169,167,161,148,128,105,89,64,54,53,52,50,46,44,47,46,47,48,48,51,51,51,52,51,51,50,62,82,103,119,122,121,120,117,0,0,0,0,0,0,0,0,0,0,0,0,0,0,0,0,0,0,0,0,0,0,0,0,0,0,0,0,0,0,0,0,0,0,0,0,0,0,0,0,0,0,0,0,0,0,0,0,0,0,0,0,0,0,0,0,0,0,0,0,0,0,0,0,0,0,0,0,0,0,0,0,0,0,0,0,0,0,0,0,0,0,0,0,0,0,0,0,0,0,0,0,0,0,0,0
0,0,0,0,0,0,0,0,0,0,0,0,0,0,0,0,0,0,0,0,0,0,0,0,0,0,0,0,0,0,0,0,0,0,0,0,0,0,0,0,0,0,0,0,0,0,0,0,0,0,0,0,0,0,0,0,0,0,0,0,0,0,0,0,0,0,0,0,0,0,0,0,0,0,0,0,0,0,0,0,0,0,0,0,0,0,0,0,0,0,0,0,0,0,0,0,0,0,0,0,0,0,0,92,125,140,142,131,99,63,38,29,34,36,40,41,40,38,41,41,44,44,46,44,38,41,44,49,47,41,42,44,48,52,71,90,114,142,161,169,177,175,171,169,170,170,166,154,136,114,101,74,57,52,53,54,51,46,49,45,44,48,50,50,49,51,51,53,56,53,57,70,92,113,120,125,124,120,105,0,0,0,0,0,0,0,0,0,0,0,0,0,0,0,0,0,0,0,0,0,0,0,0,0,0,0,0,0,0,0,0,0,0,0,0,0,0,0,0,0,0,0,0,0,0,0,0,0,0,0,0,0,0,0,0,0,0,0,0,0,0,0,0,0,0,0,0,0,0,0,0,0,0,0,0,0,0,0,0,0,0,0,0,0,0,0,0,0,0,0,0,0,0,0
0,0,0,0,0,0,0,0,0,0,0,0,0,0,0,0,0,0,0,0,0,0,0,0,0,0,0,0,0,0,0,0,0,0,0,0,0,0,0,0,0,0,0,0,0,0,0,0,0,0,0,0,0,0,0,0,0,0,0,0,0,0,0,0,0,0,0,0,0,0,0,0,0,0,0,0,0,0,0,0,0,0,0,0,0,0,0,0,0,0,0,0,0,0,0,0,0,0,0,0,0,0,83,108,134,141,132,116,88,57,31,28,34,34,36,38,37,36,36,36,38,39,44,48,45,43,41,44,43,41,45,47,53,64,83,107,131,154,169,173,176,172,168,168,169,170,167,158,141,121,111,83,61,53,56,59,56,51,52,46,43,49,53,46,46,50,48,51,55,55,55,59,76,104,114,125,127,122,113,0,0,0,0,0,0,0,0,0,0,0,0,0,0,0,0,0,0,0,0,0,0,0,0,0,0,0,0,0,0,0,0,0,0,0,0,0,0,0,0,0,0,0,0,0,0,0,0,0,0,0,0,0,0,0,0,0,0,0,0,0,0,0,0,0,0,0,0,0,0,0,0,0,0,0,0,0,0,0,0,0,0,0,0,0,0,0,0,0,0,0,0,0,0,0
0,0,0,0,0,0,0,0,0,0,0,0,0,0,0,0,0,0,0,0,0,0,0,0,0,0,0,0,0,0,0,0,0,0,0,0,0,0,0,0,0,0,0,0,0,0,0,0,0,0,0,0,0,0,0,0,0,0,0,0,0,0,0,0,0,0,0,0,0,0,0,0,0,0,0,0,0,0,0,0,0,0,0,0,0,0,0,0,0,0,0,0,0,0,0,0,0,0,0,0,0,0,102,122,139,138,121,101,73,47,32,29,32,33,35,37,36,36,37,36,36,36,39,44,47,45,41,39,41,43,46,48,56,76,98,127,151,166,173,173,171,169,166,168,170,170,167,161,149,133,123,97,71,58,58,59,57,56,55,51,46,49,53,45,47,48,46,49,50,51,49,50,63,95,106,121,129,127,118,105,0,0,0,0,0,0,0,0,0,0,0,0,0,0,0,0,0,0,0,0,0,0,0,0,0,0,0,0,0,0,0,0,0,0,0,0,0,0,0,0,0,0,0,0,0,0,0,0,0,0,0,0,0,0,0,0,0,0,0,0,0,0,0,0,0,0,0,0,0,0,0,0,0,0,0,0,0,0,0,0,0,0,0,0,0,0,0,0,0,0,0,0,0,0
0,0,0,0,0,0,0,0,0,0,0,0,0,0,0,0,0,0,0,0,0,0,0,0,0,0,0,0,0,0,0,0,0,0,0,0,0,0,0,0,0,0,0,0,0,0,0,0,0,0,0,0,0,0,0,0,0,0,0,0,0,0,0,0,0,0,0,0,0,0,0,0,0,0,0,0,0,0,0,0,0,0,0,0,0,0,0,0,0,0,0,0,0,0,0,0,0,0,0,0,0,80,117,133,141,132,108,82,55,35,35,31,32,34,37,39,37,37,40,37,36,38,38,38,41,40,40,36,39,43,46,50,63,92,120,145,160,167,170,170,168,170,168,169,169,168,167,163,155,141,132,110,84,64,57,54,55,59,58,56,51,50,53,45,49,48,45,47,45,46,47,49,56,82,97,114,129,130,120,111,0,0,0,0,0,0,0,0,0,0,0,0,0,0,0,0,0,0,0,0,0,0,0,0,0,0,0,0,0,0,0,0,0,0,0,0,0,0,0,0,0,0,0,0,0,0,0,0,0,0,0,0,0,0,0,0,0,0,0,0,0,0,0,0,0,0,0,0,0,0,0,0,0,0,0,0,0,0,0,0,0,0,0,0,0,0,0,0,0,0,0,0,0,0
0,0,0,0,0,0,0,0,0,0,0,0,0,0,0,0,0,0,0,0,0,0,0,0,0,0,0,0,0,0,0,0,0,0,0,0,0,0,0,0,0,0,0,0,0,0,0,0,0,0,0,0,0,0,0,0,0,0,0,0,0,0,0,0,0,0,0,0,0,0,0,0,0,0,0,0,0,0,0,0,0,0,0,0,0,0,0,0,0,0,0,0,0,0,0,0,0,0,0,0,0,95,128,137,136,119,89,60,40,31,35,33,34,37,37,37,37,39,39,36,36,37,37,36,35,35,41,36,37,42,45,55,78,112,142,158,165,167,168,171,171,171,170,169,168,167,167,164,158,147,138,120,97,74,58,49,50,54,56,54,52,50,51,46,47,48,45,44,42,44,49,52,51,66,84,105,123,129,126,123,111,0,0,0,0,0,0,0,0,0,0,0,0,0,0,0,0,0,0,0,0,0,0,0,0,0,0,0,0,0,0,0,0,0,0,0,0,0,0,0,0,0,0,0,0,0,0,0,0,0,0,0,0,0,0,0,0,0,0,0,0,0,0,0,0,0,0,0,0,0,0,0,0,0,0,0,0,0,0,0,0,0,0,0,0,0,0,0,0,0,0,0,0,0
0,0,0,0,0,0,0,0,0,0,0,0,0,0,0,0,0,0,0,0,0,0,0,0,0,0,0,0,0,0,0,0,0,0,0,0,0,0,0,0,0,0,0,0,0,0,0,0,0,0,0,0,0,0,0,0,0,0,0,0,0,0,0,0,0,0,0,0,0,0,0,0,0,0,0,0,0,0,0,0,0,0,0,0,0,0,0,0,0,0,0,0,0,0,0,0,0,0,0,0,86,112,131,134,125,105,75,49,37,37,38,35,37,38,38,37,38,38,37,36,37,36,37,37,36,39,42,37,37,43,48,64,95,131,156,166,166,166,166,169,173,171,169,169,168,167,166,161,158,151,145,130,111,86,63,50,48,49,52,51,52,51,50,49,47,49,48,45,45,46,50,51,48,58,71,93,110,119,129,133,120,96,0,0,0,0,0,0,0,0,0,0,0,0,0,0,0,0,0,0,0,0,0,0,0,0,0,0,0,0,0,0,0,0,0,0,0,0,0,0,0,0,0,0,0,0,0,0,0,0,0,0,0,0,0,0,0,0,0,0,0,0,0,0,0,0,0,0,0,0,0,0,0,0,0,0,0,0,0,0,0,0,0,0,0,0,0,0,0,0,0,0,0,0
0,0,0,0,0,0,0,0,0,0,0,0,0,0,0,0,0,0,0,0,0,0,0,0,0,0,0,0,0,0,0,0,0,0,0,0,0,0,0,0,0,0,0,0,0,0,0,0,0,0,0,0,0,0,0,0,0,0,0,0,0,0,0,0,0,0,0,0,0,0,0,0,0,0,0,0,0,0,0,0,0,0,0,0,0,0,0,0,0,0,0,0,0,0,0,0,0,0,0,93,115,125,131,132,117,93,59,39,35,34,35,33,35,36,39,37,37,37,37,37,38,39,39,41,42,38,37,37,38,47,61,83,111,137,159,165,168,169,171,171,169,168,168,168,165,164,164,163,161,157,150,135,118,99,78,58,51,52,52,51,50,49,50,47,48,49,49,50,48,50,54,52,50,64,66,81,101,117,129,133,123,109,0,0,0,0,0,0,0,0,0,0,0,0,0,0,0,0,0,0,0,0,0,0,0,0,0,0,0,0,0,0,0,0,0,0,0,0,0,0,0,0,0,0,0,0,0,0,0,0,0,0,0,0,0,0,0,0,0,0,0,0,0,0,0,0,0,0,0,0,0,0,0,0,0,0,0,0,0,0,0,0,0,0,0,0,0,0,0,0,0,0,0,0
0,0,0,0,0,0,0,0,0,0,0,0,0,0,0,0,0,0,0,0,0,0,0,0,0,0,0,0,0,0,0,0,0,0,0,0,0,0,0,0,0,0,0,0,0,0,0,0,0,0,0,0,0,0,0,0,0,0,0,0,0,0,0,0,0,0,0,0,0,0,0,0,0,0,0,0,0,0,0,0,0,0,0,0,0,0,0,0,0,0,0,0,0,0,0,0,0,0,0,111,133,138,135,125,106,78,51,36,33,33,33,33,37,37,43,40,36,37,38,39,38,39,39,41,41,38,35,36,39,50,73,102,130,150,165,169,168,169,172,172,170,166,167,167,165,166,166,165,162,159,153,142,130,113,91,66,53,49,49,45,45,47,51,46,48,49,48,51,53,56,57,52,48,58,61,70,88,110,124,129,124,121,118,0,0,0,0,0,0,0,0,0,0,0,0,0,0,0,0,0,0,0,0,0,0,0,0,0,0,0,0,0,0,0,0,0,0,0,0,0,0,0,0,0,0,0,0,0,0,0,0,0,0,0,0,0,0,0,0,0,0,0,0,0,0,0,0,0,0,0,0,0,0,0,0,0,0,0,0,0,0,0,0,0,0,0,0,0,0,0,0,0,0,0
0,0,0,0,0,0,0,0,0,0,0,0,0,0,0,0,0,0,0,0,0,0,0,0,0,0,0,0,0,0,0,0,0,0,0,0,0,0,0,0,0,0,0,0,0,0,0,0,0,0,0,0,0,0,0,0,0,0,0,0,0,0,0,0,0,0,0,0,0,0,0,0,0,0,0,0,0,0,0,0,0,0,0,0,0,0,0,0,0,0,0,0,0,0,0,0,0,0,95,123,143,145,133,109,85,61,44,34,33,34,35,35,38,40,45,41,36,36,39,39,39,40,40,41,39,37,37,37,44,59,89,119,143,156,166,167,165,169,172,171,169,166,166,166,166,167,167,166,164,162,161,152,141,125,101,72,55,50,45,45,49,49,51,46,49,50,51,54,56,57,55,51,48,54,55,64,83,105,121,129,124,124,120,0,0,0,0,0,0,0,0,0,0,0,0,0,0,0,0,0,0,0,0,0,0,0,0,0,0,0,0,0,0,0,0,0,0,0,0,0,0,0,0,0,0,0,0,0,0,0,0,0,0,0,0,0,0,0,0,0,0,0,0,0,0,0,0,0,0,0,0,0,0,0,0,0,0,0,0,0,0,0,0,0,0,0,0,0,0,0,0,0,0,0
0,0,0,0,0,0,0,0,0,0,0,0,0,0,0,0,0,0,0,0,0,0,0,0,0,0,0,0,0,0,0,0,0,0,0,0,0,0,0,0,0,0,0,0,0,0,0,0,0,0,0,0,0,0,0,0,0,0,0,0,0,0,0,0,0,0,0,0,0,0,0,0,0,0,0,0,0,0,0,0,0,0,0,0,0,0,0,0,0,0,0,0,0,0,0,0,0,84,112,132,141,134,119,90,60,43,35,31,34,35,39,39,37,40,42,40,37,36,38,38,39,40,42,43,39,38,39,42,54,75,106,134,151,161,166,164,161,167,172,169,169,168,165,165,165,166,166,165,165,165,165,159,150,135,111,81,61,54,45,44,51,53,56,50,49,51,50,53,55,56,53,50,49,52,51,61,78,97,114,128,128,123,120,103,0,0,0,0,0,0,0,0,0,0,0,0,0,0,0,0,0,0,0,0,0,0,0,0,0,0,0,0,0,0,0,0,0,0,0,0,0,0,0,0,0,0,0,0,0,0,0,0,0,0,0,0,0,0,0,0,0,0,0,0,0,0,0,0,0,0,0,0,0,0,0,0,0,0,0,0,0,0,0,0,0,0,0,0,0,0,0,0,0,0
0,0,0,0,0,0,0,0,0,0,0,0,0,0,0,0,0,0,0,0,0,0,0,0,0,0,0,0,0,0,0,0,0,0,0,0,0,0,0,0,0,0,0,0,0,0,0,0,0,0,0,0,0,0,0,0,0,0,0,0,0,0,0,0,0,0,0,0,0,0,0,0,0,0,0,0,0,0,0,0,0,0,0,0,0,0,0,0,0,0,0,0,0,0,0,0,0,106,129,140,136,114,106,76,48,36,35,36,37,36,39,39,38,38,38,39,40,37,38,37,39,39,43,44,38,39,40,49,68,94,123,148,159,165,170,166,162,166,169,168,168,168,168,168,167,168,168,167,169,170,167,162,155,143,124,96,73,62,49,50,57,53,51,50,48,50,51,51,50,50,48,50,54,56,51,57,69,86,104,121,129,122,122,111,0,0,0,0,0,0,0,0,0,0,0,0,0,0,0,0,0,0,0,0,0,0,0,0,0,0,0,0,0,0,0,0,0,0,0,0,0,0,0,0,0,0,0,0,0,0,0,0,0,0,0,0,0,0,0,0,0,0,0,0,0,0,0,0,0,0,0,0,0,0,0,0,0,0,0,0,0,0,0,0,0,0,0,0,0,0,0,0,0,0
0,0,0,0,0,0,0,0,0,0,0,0,0,0,0,0,0,0,0,0,0,0,0,0,0,0,0,0,0,0,0,0,0,0,0,0,0,0,0,0,0,0,0,0,0,0,0,0,0,0,0,0,0,0,0,0,0,0,0,0,0,0,0,0,0,0,0,0,0,0,0,0,0,0,0,0,0,0,0,0,0,0,0,0,0,0,0,0,0,0,0,0,0,0,0,0,88,122,141,144,130,101,96,64,43,36,39,42,39,41,43,40,43,38,38,40,41,39,38,37,39,39,44,42,35,36,46,62,87,113,137,160,166,168,169,169,168,168,168,167,168,167,168,167,166,166,166,166,169,170,168,163,156,148,134,111,86,71,51,43,46,48,50,49,46,51,48,47,47,49,50,52,56,54,53,57,64,76,95,112,125,119,122,118,105,0,0,0,0,0,0,0,0,0,0,0,0,0,0,0,0,0,0,0,0,0,0,0,0,0,0,0,0,0,0,0,0,0,0,0,0,0,0,0,0,0,0,0,0,0,0,0,0,0,0,0,0,0,0,0,0,0,0,0,0,0,0,0,0,0,0,0,0,0,0,0,0,0,0,0,0,0,0,0,0,0,0,0,0,0,0,0,0,0
0,0,0,0,0,0,0,0,0,0,0,0,0,0,0,0,0,0,0,0,0,0,0,0,0,0,0,0,0,0,0,0,0,0,0,0,0,0,0,0,0,0,0,0,0,0,0,0,0,0,0,0,0,0,0,0,0,0,0,0,0,0,0,0,0,0,0,0,0,0,0,0,0,0,0,0,0,0,0,0,0,0,0,0,0,0,0,0,0,0,0,0,0,0,0,0,102,131,146,141,122,93,77,50,36,32,38,40,40,45,46,44,46,38,39,44,41,40,40,40,40,39,43,39,35,39,58,77,106,126,145,163,167,167,167,169,172,171,169,168,167,167,168,168,166,166,166,167,170,171,170,165,161,156,146,125,100,82,55,50,50,51,51,49,48,50,49,46,44,46,48,52,58,55,55,57,59,65,82,102,118,119,120,123,117,0,0,0,0,0,0,0,0,0,0,0,0,0,0,0,0,0,0,0,0,0,0,0,0,0,0,0,0,0,0,0,0,0,0,0,0,0,0,0,0,0,0,0,0,0,0,0,0,0,0,0,0,0,0,0,0,0,0,0,0,0,0,0,0,0,0,0,0,0,0,0,0,0,0,0,0,0,0,0,0,0,0,0,0,0,0,0,0,0
0,0,0,0,0,0,0,0,0,0,0,0,0,0,0,0,0,0,0,0,0,0,0,0,0,0,0,0,0,0,0,0,0,0,0,0,0,0,0,0,0,0,0,0,0,0,0,0,0,0,0,0,0,0,0,0,0,0,0,0,0,0,0,0,0,0,0,0,0,0,0,0,0,0,0,0,0,0,0,0,0,0,0,0,0,0,0,0,0,0,0,0,0,0,0,93,120,139,143,132,111,83,56,41,34,34,39,40,42,44,44,46,44,41,42,48,42,40,43,46,42,40,42,38,40,48,77,97,126,140,153,164,167,167,167,165,168,169,168,167,164,165,169,169,168,167,167,168,171,172,174,170,167,163,155,137,114,95,65,58,51,49,49,47,51,51,48,44,42,44,48,52,58,54,54,54,54,58,72,90,105,114,122,127,125,113,0,0,0,0,0,0,0,0,0,0,0,0,0,0,0,0,0,0,0,0,0,0,0,0,0,0,0,0,0,0,0,0,0,0,0,0,0,0,0,0,0,0,0,0,0,0,0,0,0,0,0,0,0,0,0,0,0,0,0,0,0,0,0,0,0,0,0,0,0,0,0,0,0,0,0,0,0,0,0,0,0,0,0,0,0,0,0,0
0,0,0,0,0,0,0,0,0,0,0,0,0,0,0,0,0,0,0,0,0,0,0,0,0,0,0,0,0,0,0,0,0,0,0,0,0,0,0,0,0,0,0,0,0,0,0,0,0,0,0,0,0,0,0,0,0,0,0,0,0,0,0,0,0,0,0,0,0,0,0,0,0,0,0,0,0,0,0,0,0,0,0,0,0,0,0,0,0,0,0,0,0,0,84,116,141,149,133,113,88,61,41,42,41,38,41,41,43,41,43,43,39,40,44,47,43,39,44,46,44,44,45,45,46,63,82,111,141,160,163,166,166,164,163,165,168,167,166,165,163,163,169,171,168,168,169,169,173,173,171,174,173,167,161,147,125,104,71,62,57,53,49,42,51,51,48,45,42,48,51,51,54,49,51,53,55,53,64,84,96,111,120,130,130,118,0,0,0,0,0,0,0,0,0,0,0,0,0,0,0,0,0,0,0,0,0,0,0,0,0,0,0,0,0,0,0,0,0,0,0,0,0,0,0,0,0,0,0,0,0,0,0,0,0,0,0,0,0,0,0,0,0,0,0,0,0,0,0,0,0,0,0,0,0,0,0,0,0,0,0,0,0,0,0,0,0,0,0,0,0,0,0,0
0,0,0,0,0,0,0,0,0,0,0,0,0,0,0,0,0,0,0,0,0,0,0,0,0,0,0,0,0,0,0,0,0,0,0,0,0,0,0,0,0,0,0,0,0,0,0,0,0,0,0,0,0,0,0,0,0,0,0,0,0,0,0,0,0,0,0,0,0,0,0,0,0,0,0,0,0,0,0,0,0,0,0,0,0,0,0,0,0,0,0,0,0,0,99,132,149,142,124,100,70,46,34,40,42,41,41,42,42,42,39,39,39,42,45,44,42,48,46,44,44,50,47,47,58,81,101,130,153,167,167,166,166,163,165,167,170,168,168,168,167,166,166,169,169,168,168,167,168,169,170,171,171,166,161,151,136,118,89,71,58,53,48,41,50,52,49,46,45,50,51,49,52,50,52,56,54,50,58,75,88,103,120,127,126,119,104,0,0,0,0,0,0,0,0,0,0,0,0,0,0,0,0,0,0,0,0,0,0,0,0,0,0,0,0,0,0,0,0,0,0,0,0,0,0,0,0,0,0,0,0,0,0,0,0,0,0,0,0,0,0,0,0,0,0,0,0,0,0,0,0,0,0,0,0,0,0,0,0,0,0,0,0,0,0,0,0,0,0,0,0,0,0,0
0,0,0,0,0,0,0,0,0,0,0,0,0,0,0,0,0,0,0,0,0,0,0,0,0,0,0,0,0,0,0,0,0,0,0,0,0,0,0,0,0,0,0,0,0,0,0,0,0,0,0,0,0,0,0,0,0,0,0,0,0,0,0,0,0,0,0,0,0,0,0,0,0,0,0,0,0,0,0,0,0,0,0,0,0,0,0,0,0,0,0,0,0,89,118,141,144,129,113,88,55,35,33,42,43,42,40,40,40,41,39,39,40,42,42,42,42,49,49,45,44,51,46,50,74,102,122,146,159,168,167,165,165,163,165,166,169,169,168,166,166,164,164,166,168,167,167,168,168,170,170,170,171,168,161,152,141,125,107,83,62,55,52,48,51,49,50,48,47,54,54,50,49,48,53,56,51,45,53,64,77,90,116,124,127,124,111,0,0,0,0,0,0,0,0,0,0,0,0,0,0,0,0,0,0,0,0,0,0,0,0,0,0,0,0,0,0,0,0,0,0,0,0,0,0,0,0,0,0,0,0,0,0,0,0,0,0,0,0,0,0,0,0,0,0,0,0,0,0,0,0,0,0,0,0,0,0,0,0,0,0,0,0,0,0,0,0,0,0,0,0,0,0,0
0,0,0,0,0,0,0,0,0,0,0,0,0,0,0,0,0,0,0,0,0,0,0,0,0,0,0,0,0,0,0,0,0,0,0,0,0,0,0,0,0,0,0,0,0,0,0,0,0,0,0,0,0,0,0,0,0,0,0,0,0,0,0,0,0,0,0,0,0,0,0,0,0,0,0,0,0,0,0,0,0,0,0,0,0,0,0,0,0,0,0,0,85,108,132,141,133,116,97,74,46,31,33,40,41,42,40,41,39,40,38,40,45,44,39,40,42,48,49,48,49,49,44,58,92,120,138,154,162,167,166,165,165,162,162,163,168,169,165,162,164,166,165,166,168,167,168,169,172,173,171,170,172,171,163,153,142,129,109,93,73,62,55,50,48,47,50,48,48,54,54,51,57,63,55,56,49,44,50,57,70,81,104,119,127,130,121,104,0,0,0,0,0,0,0,0,0,0,0,0,0,0,0,0,0,0,0,0,0,0,0,0,0,0,0,0,0,0,0,0,0,0,0,0,0,0,0,0,0,0,0,0,0,0,0,0,0,0,0,0,0,0,0,0,0,0,0,0,0,0,0,0,0,0,0,0,0,0,0,0,0,0,0,0,0,0,0,0,0,0,0,0,0,0
0,0,0,0,0,0,0,0,0,0,0,0,0,0,0,0,0,0,0,0,0,0,0,0,0,0,0,0,0,0,0,0,0,0,0,0,0,0,0,0,0,0,0,0,0,0,0,0,0,0,0,0,0,0,0,0,0,0,0,0,0,0,0,0,0,0,0,0,0,0,0,0,0,0,0,0,0,0,0,0,0,0,0,0,0,0,0,0,0,0,0,0,99,126,140,141,122,101,81,62,42,31,34,38,40,41,41,40,39,40,39,41,45,45,43,43,43,50,50,52,53,48,51,75,112,140,157,162,164,164,161,163,163,164,162,163,165,164,161,160,163,164,167,169,170,169,170,168,174,176,172,170,170,169,165,156,148,139,124,105,78,63,57,52,48,50,51,49,50,55,53,49,53,59,55,54,50,48,50,53,67,78,91,112,123,129,127,115,0,0,0,0,0,0,0,0,0,0,0,0,0,0,0,0,0,0,0,0,0,0,0,0,0,0,0,0,0,0,0,0,0,0,0,0,0,0,0,0,0,0,0,0,0,0,0,0,0,0,0,0,0,0,0,0,0,0,0,0,0,0,0,0,0,0,0,0,0,0,0,0,0,0,0,0,0,0,0,0,0,0,0,0,0,0
0,0,0,0,0,0,0,0,0,0,0,0,0,0,0,0,0,0,0,0,0,0,0,0,0,0,0,0,0,0,0,0,0,0,0,0,0,0,0,0,0,0,0,0,0,0,0,0,0,0,0,0,0,0,0,0,0,0,0,0,0,0,0,0,0,0,0,0,0,0,0,0,0,0,0,0,0,0,0,0,0,0,0,0,0,0,0,0,0,0,0,90,114,135,141,141,113,83,66,55,43,36,38,40,44,43,41,39,39,41,41,42,42,44,49,48,44,49,54,52,49,50,64,93,125,148,168,168,166,163,158,161,163,165,168,171,172,169,167,168,172,170,169,169,168,166,165,162,169,171,173,169,168,169,168,161,154,145,130,117,94,74,62,54,50,52,55,50,48,52,52,51,54,57,54,51,48,50,50,51,63,72,78,102,120,130,132,123,105,0,0,0,0,0,0,0,0,0,0,0,0,0,0,0,0,0,0,0,0,0,0,0,0,0,0,0,0,0,0,0,0,0,0,0,0,0,0,0,0,0,0,0,0,0,0,0,0,0,0,0,0,0,0,0,0,0,0,0,0,0,0,0,0,0,0,0,0,0,0,0,0,0,0,0,0,0,0,0,0,0,0,0,0,0
0,0,0,0,0,0,0,0,0,0,0,0,0,0,0,0,0,0,0,0,0,0,0,0,0,0,0,0,0,0,0,0,0,0,0,0,0,0,0,0,0,0,0,0,0,0,0,0,0,0,0,0,0,0,0,0,0,0,0,0,0,0,0,0,0,0,0,0,0,0,0,0,0,0,0,0,0,0,0,0,0,0,0,0,0,0,0,0,0,0,0,112,128,135,131,128,100,66,53,49,43,41,36,39,45,45,43,40,40,42,41,43,43,45,48,46,45,50,52,49,47,62,84,110,132,149,169,171,168,167,164,166,166,167,171,178,181,178,175,175,179,178,174,171,169,169,167,166,171,174,173,170,171,173,171,167,161,151,138,128,112,89,68,54,51,55,54,50,48,50,49,49,53,56,53,50,46,50,51,51,56,62,63,88,113,129,133,127,112,0,0,0,0,0,0,0,0,0,0,0,0,0,0,0,0,0,0,0,0,0,0,0,0,0,0,0,0,0,0,0,0,0,0,0,0,0,0,0,0,0,0,0,0,0,0,0,0,0,0,0,0,0,0,0,0,0,0,0,0,0,0,0,0,0,0,0,0,0,0,0,0,0,0,0,0,0,0,0,0,0,0,0,0,0
0,0,0,0,0,0,0,0,0,0,0,0,0,0,0,0,0,0,0,0,0,0,0,0,0,0,0,0,0,0,0,0,0,0,0,0,0,0,0,0,0,0,0,0,0,0,0,0,0,0,0,0,0,0,0,0,0,0,0,0,0,0,0,0,0,0,0,0,0,0,0,0,0,0,0,0,0,0,0,0,0,0,0,0,0,0,0,0,0,0,93,123,136,131,118,106,82,53,48,47,43,42,38,39,43,43,41,41,42,43,44,41,43,46,45,43,47,50,47,49,54,82,105,125,142,156,170,174,169,168,168,169,170,170,171,173,174,173,172,169,168,166,160,155,154,159,162,166,169,173,169,168,172,173,171,170,169,159,146,134,123,103,76,55,50,55,54,50,49,50,50,51,54,53,52,51,48,52,52,50,52,58,57,77,102,119,126,126,119,107,0,0,0,0,0,0,0,0,0,0,0,0,0,0,0,0,0,0,0,0,0,0,0,0,0,0,0,0,0,0,0,0,0,0,0,0,0,0,0,0,0,0,0,0,0,0,0,0,0,0,0,0,0,0,0,0,0,0,0,0,0,0,0,0,0,0,0,0,0,0,0,0,0,0,0,0,0,0,0,0,0,0,0,0
0,0,0,0,0,0,0,0,0,0,0,0,0,0,0,0,0,0,0,0,0,0,0,0,0,0,0,0,0,0,0,0,0,0,0,0,0,0,0,0,0,0,0,0,0,0,0,0,0,0,0,0,0,0,0,0,0,0,0,0,0,0,0,0,0,0,0,0,0,0,0,0,0,0,0,0,0,0,0,0,0,0,0,0,0,0,0,0,0,75,104,128,137,124,118,93,71,56,44,39,40,39,40,40,43,42,41,41,41,41,41,44,43,47,45,42,45,51,41,54,63,88,115,140,159,177,176,177,172,165,167,175,175,175,175,174,169,166,159,141,126,115,147,153,157,159,156,161,175,184,161,163,167,170,170,170,170,167,151,137,125,108,86,63,54,52,51,49,48,51,51,52,51,51,55,54,56,54,52,50,54,56,56,64,89,109,118,123,124,119,0,0,0,0,0,0,0,0,0,0,0,0,0,0,0,0,0,0,0,0,0,0,0,0,0,0,0,0,0,0,0,0,0,0,0,0,0,0,0,0,0,0,0,0,0,0,0,0,0,0,0,0,0,0,0,0,0,0,0,0,0,0,0,0,0,0,0,0,0,0,0,0,0,0,0,0,0,0,0,0,0,0,0,0
0,0,0,0,0,0,0,0,0,0,0,0,0,0,0,0,0,0,0,0,0,0,0,0,0,0,0,0,0,0,0,0,0,0,0,0,0,0,0,0,0,0,0,0,0,0,0,0,0,0,0,0,0,0,0,0,0,0,0,0,0,0,0,0,0,0,0,0,0,0,0,0,0,0,0,0,0,0,0,0,0,0,0,0,0,0,0,0,0,95,122,141,133,113,97,71,52,45,42,38,37,39,41,41,44,42,40,41,40,41,39,45,43,45,44,42,44,53,41,58,76,103,135,155,166,176,171,172,171,165,170,179,179,181,177,165,141,118,96,73,60,56,77,88,104,112,120,134,149,158,158,161,164,168,170,173,174,173,159,145,129,110,87,66,57,54,52,51,51,54,54,54,54,54,55,55,56,53,51,52,54,52,50,57,78,99,113,121,124,119,109,0,0,0,0,0,0,0,0,0,0,0,0,0,0,0,0,0,0,0,0,0,0,0,0,0,0,0,0,0,0,0,0,0,0,0,0,0,0,0,0,0,0,0,0,0,0,0,0,0,0,0,0,0,0,0,0,0,0,0,0,0,0,0,0,0,0,0,0,0,0,0,0,0,0,0,0,0,0,0,0,0,0,0
0,0,0,0,0,0,0,0,0,0,0,0,0,0,0,0,0,0,0,0,0,0,0,0,0,0,0,0,0,0,0,0,0,0,0,0,0,0,0,0,0,0,0,0,0,0,0,0,0,0,0,0,0,0,0,0,0,0,0,0,0,0,0,0,0,0,0,0,0,0,0,0,0,0,0,0,0,0,0,0,0,0,0,0,0,0,0,0,77,112,134,138,125,101,80,58,43,42,43,38,36,38,40,41,44,43,41,41,40,41,41,47,46,45,50,48,44,50,49,71,96,119,150,166,171,171,169,168,171,170,169,167,157,145,125,94,57,31,21,18,19,19,21,31,50,62,74,100,120,135,157,162,162,166,168,168,163,161,159,152,142,126,103,79,61,52,52,52,54,57,57,57,56,55,55,52,51,50,50,52,55,54,55,58,69,86,103,115,121,117,114,0,0,0,0,0,0,0,0,0,0,0,0,0,0,0,0,0,0,0,0,0,0,0,0,0,0,0,0,0,0,0,0,0,0,0,0,0,0,0,0,0,0,0,0,0,0,0,0,0,0,0,0,0,0,0,0,0,0,0,0,0,0,0,0,0,0,0,0,0,0,0,0,0,0,0,0,0,0,0,0,0,0,0
0,0,0,0,0,0,0,0,0,0,0,0,0,0,0,0,0,0,0,0,0,0,0,0,0,0,0,0,0,0,0,0,0,0,0,0,0,0,0,0,0,0,0,0,0,0,0,0,0,0,0,0,0,0,0,0,0,0,0,0,0,0,0,0,0,0,0,0,0,0,0,0,0,0,0,0,0,0,0,0,0,0,0,0,0,0,0,63,94,126,136,128,113,90,74,54,41,39,42,40,39,39,41,42,44,43,41,41,40,41,42,44,49,45,53,52,44,50,67,91,117,134,159,172,174,169,169,161,166,175,171,156,139,112,85,49,20,9,10,17,24,26,15,22,30,38,50,79,97,114,142,153,159,165,167,165,159,157,165,163,157,143,120,93,72,59,52,52,55,57,55,54,53,52,54,51,48,46,48,52,55,57,60,61,63,75,93,108,117,115,117,104,0,0,0,0,0,0,0,0,0,0,0,0,0,0,0,0,0,0,0,0,0,0,0,0,0,0,0,0,0,0,0,0,0,0,0,0,0,0,0,0,0,0,0,0,0,0,0,0,0,0,0,0,0,0,0,0,0,0,0,0,0,0,0,0,0,0,0,0,0,0,0,0,0,0,0,0,0,0,0,0,0,0
0,0,0,0,0,0,0,0,0,0,0,0,0,0,0,0,0,0,0,0,0,0,0,0,0,0,0,0,0,0,0,0,0,0,0,0,0,0,0,0,0,0,0,0,0,0,0,0,0,0,0,0,0,0,0,0,0,0,0,0,0,0,0,0,0,0,0,0,0,0,0,0,0,0,0,0,0,0,0,0,0,0,0,0,0,0,0,94,111,130,136,116,103,90,58,46,41,42,42,42,43,43,45,44,44,41,40,39,40,40,39,39,44,46,48,47,44,56,81,107,136,150,162,167,167,166,163,161,166,168,158,137,111,73,36,20,19,23,26,27,27,26,23,30,30,27,29,47,66,87,106,130,148,160,166,171,171,173,173,171,162,146,126,104,88,77,57,54,55,54,52,52,52,52,53,54,50,46,48,52,53,55,57,60,59,68,84,101,112,113,116,116,0,0,0,0,0,0,0,0,0,0,0,0,0,0,0,0,0,0,0,0,0,0,0,0,0,0,0,0,0,0,0,0,0,0,0,0,0,0,0,0,0,0,0,0,0,0,0,0,0,0,0,0,0,0,0,0,0,0,0,0,0,0,0,0,0,0,0,0,0,0,0,0,0,0,0,0,0,0,0,0,0,0
0,0,0,0,0,0,0,0,0,0,0,0,0,0,0,0,0,0,0,0,0,0,0,0,0,0,0,0,0,0,0,0,0,0,0,0,0,0,0,0,0,0,0,0,0,0,0,0,0,0,0,0,0,0,0,0,0,0,0,0,0,0,0,0,0,0,0,0,0,0,0,0,0,0,0,0,0,0,0,0,0,0,0,0,0,0,83,99,130,143,135,109,83,66,43,39,44,47,45,42,43,44,43,43,42,40,40,40,39,40,39,38,40,50,44,41,47,63,97,121,149,165,167,164,164,166,166,163,164,155,131,98,69,50,11,11,20,30,33,29,23,23,32,30,27,24,27,29,40,57,72,103,131,147,158,167,170,170,167,167,163,149,133,113,97,81,61,54,52,50,48,49,50,50,52,54,51,48,49,51,51,54,57,60,58,62,73,91,107,116,118,126,111,0,0,0,0,0,0,0,0,0,0,0,0,0,0,0,0,0,0,0,0,0,0,0,0,0,0,0,0,0,0,0,0,0,0,0,0,0,0,0,0,0,0,0,0,0,0,0,0,0,0,0,0,0,0,0,0,0,0,0,0,0,0,0,0,0,0,0,0,0,0,0,0,0,0,0,0,0,0,0,0,0
0,0,0,0,0,0,0,0,0,0,0,0,0,0,0,0,0,0,0,0,0,0,0,0,0,0,0,0,0,0,0,0,0,0,0,0,0,0,0,0,0,0,0,0,0,0,0,0,0,0,0,0,0,0,0,0,0,0,0,0,0,0,0,0,0,0,0,0,0,0,0,0,0,0,0,0,0,0,0,0,0,0,0,0,0,66,106,121,143,143,124,97,72,55,41,38,41,43,44,43,43,42,39,39,40,40,40,40,43,43,44,41,44,50,43,44,58,79,118,134,154,169,169,167,167,166,174,168,160,143,113,75,48,42,14,20,29,39,41,39,35,35,33,24,22,26,29,25,32,48,61,90,118,138,151,160,163,162,162,166,166,157,143,126,107,86,68,57,53,50,49,50,51,51,53,52,50,50,49,49,50,54,56,59,57,56,63,80,103,122,125,126,116,0,0,0,0,0,0,0,0,0,0,0,0,0,0,0,0,0,0,0,0,0,0,0,0,0,0,0,0,0,0,0,0,0,0,0,0,0,0,0,0,0,0,0,0,0,0,0,0,0,0,0,0,0,0,0,0,0,0,0,0,0,0,0,0,0,0,0,0,0,0,0,0,0,0,0,0,0,0,0,0,0
0,0,0,0,0,0,0,0,0,0,0,0,0,0,0,0,0,0,0,0,0,0,0,0,0,0,0,0,0,0,0,0,0,0,0,0,0,0,0,0,0,0,0,0,0,0,0,0,0,0,0,0,0,0,0,0,0,0,0,0,0,0,0,0,0,0,0,0,0,0,0,0,0,0,0,0,0,0,0,0,0,0,0,0,0,94,127,147,154,132,105,85,63,50,41,39,39,39,42,44,43,42,39,39,40,40,40,42,46,47,48,42,50,44,41,50,73,98,135,149,162,171,166,165,167,164,177,161,140,123,99,66,46,43,34,35,35,38,36,37,35,32,31,23,21,29,30,28,29,40,57,79,107,128,143,153,161,164,169,172,169,159,147,138,127,109,77,62,55,51,51,52,53,54,53,52,51,51,48,49,51,52,54,57,56,54,56,71,96,120,121,122,122,112,0,0,0,0,0,0,0,0,0,0,0,0,0,0,0,0,0,0,0,0,0,0,0,0,0,0,0,0,0,0,0,0,0,0,0,0,0,0,0,0,0,0,0,0,0,0,0,0,0,0,0,0,0,0,0,0,0,0,0,0,0,0,0,0,0,0,0,0,0,0,0,0,0,0,0,0,0,0,0,0
0,0,0,0,0,0,0,0,0,0,0,0,0,0,0,0,0,0,0,0,0,0,0,0,0,0,0,0,0,0,0,0,0,0,0,0,0,0,0,0,0,0,0,0,0,0,0,0,0,0,0,0,0,0,0,0,0,0,0,0,0,0,0,0,0,0,0,0,0,0,0,0,0,0,0,0,0,0,0,0,0,0,0,0,82,107,131,152,145,119,96,77,45,28,43,44,42,41,42,43,43,41,40,40,40,41,41,45,51,49,47,43,50,42,36,56,88,124,137,165,172,167,166,167,172,170,168,155,134,111,83,61,49,44,40,34,32,32,34,35,32,30,29,26,26,28,28,29,27,32,43,65,95,120,134,144,155,162,168,170,173,169,157,135,119,105,85,64,53,53,52,52,52,56,55,52,51,52,49,47,50,52,53,58,54,50,50,65,84,102,110,118,124,117,106,0,0,0,0,0,0,0,0,0,0,0,0,0,0,0,0,0,0,0,0,0,0,0,0,0,0,0,0,0,0,0,0,0,0,0,0,0,0,0,0,0,0,0,0,0,0,0,0,0,0,0,0,0,0,0,0,0,0,0,0,0,0,0,0,0,0,0,0,0,0,0,0,0,0,0,0,0,0,0
0,0,0,0,0,0,0,0,0,0,0,0,0,0,0,0,0,0,0,0,0,0,0,0,0,0,0,0,0,0,0,0,0,0,0,0,0,0,0,0,0,0,0,0,0,0,0,0,0,0,0,0,0,0,0,0,0,0,0,0,0,0,0,0,0,0,0,0,0,0,0,0,0,0,0,0,0,0,0,0,0,0,0,0,98,124,140,154,139,104,76,58,37,34,42,46,43,41,42,42,41,41,40,41,42,43,41,45,51,49,46,40,44,43,45,75,109,140,152,171,176,167,162,165,173,168,162,151,130,99,69,51,44,42,36,30,29,31,35,36,32,29,30,29,28,26,29,30,27,26,28,48,78,107,126,140,155,166,164,172,178,175,167,154,140,120,98,75,59,52,52,55,56,56,57,55,53,53,50,47,48,49,50,54,53,47,50,60,77,95,105,115,123,120,112,0,0,0,0,0,0,0,0,0,0,0,0,0,0,0,0,0,0,0,0,0,0,0,0,0,0,0,0,0,0,0,0,0,0,0,0,0,0,0,0,0,0,0,0,0,0,0,0,0,0,0,0,0,0,0,0,0,0,0,0,0,0,0,0,0,0,0,0,0,0,0,0,0,0,0,0,0,0,0
0,0,0,0,0,0,0,0,0,0,0,0,0,0,0,0,0,0,0,0,0,0,0,0,0,0,0,0,0,0,0,0,0,0,0,0,0,0,0,0,0,0,0,0,0,0,0,0,0,0,0,0,0,0,0,0,0,0,0,0,0,0,0,0,0,0,0,0,0,0,0,0,0,0,0,0,0,0,0,0,0,0,0,83,115,139,144,141,111,79,57,41,31,38,40,43,41,41,41,41,41,41,40,42,46,45,39,41,49,47,47,37,45,51,64,97,127,153,165,171,175,165,157,164,174,165,154,145,126,95,64,46,40,37,35,32,33,37,39,37,33,31,31,32,31,29,29,27,27,27,29,46,72,96,113,132,154,168,153,162,169,168,164,157,145,124,108,89,72,59,54,57,56,51,52,52,50,51,52,50,50,51,51,52,53,50,54,56,68,89,101,112,119,120,111,103,0,0,0,0,0,0,0,0,0,0,0,0,0,0,0,0,0,0,0,0,0,0,0,0,0,0,0,0,0,0,0,0,0,0,0,0,0,0,0,0,0,0,0,0,0,0,0,0,0,0,0,0,0,0,0,0,0,0,0,0,0,0,0,0,0,0,0,0,0,0,0,0,0,0,0,0,0,0
0,0,0,0,0,0,0,0,0,0,0,0,0,0,0,0,0,0,0,0,0,0,0,0,0,0,0,0,0,0,0,0,0,0,0,0,0,0,0,0,0,0,0,0,0,0,0,0,0,0,0,0,0,0,0,0,0,0,0,0,0,0,0,0,0,0,0,0,0,0,0,0,0,0,0,0,0,0,0,0,0,0,82,105,132,146,139,127,87,57,41,33,36,42,43,41,40,41,41,42,43,40,41,44,49,47,39,39,47,46,45,38,56,65,85,121,144,161,173,167,172,164,155,163,173,161,152,142,125,95,68,50,41,35,32,31,33,36,35,32,30,29,29,29,28,28,28,25,26,27,37,48,64,83,104,131,155,164,162,157,158,163,160,148,143,139,119,103,84,64,54,56,55,49,51,51,49,51,53,52,51,51,50,48,50,54,56,52,58,82,98,109,115,120,110,104,0,0,0,0,0,0,0,0,0,0,0,0,0,0,0,0,0,0,0,0,0,0,0,0,0,0,0,0,0,0,0,0,0,0,0,0,0,0,0,0,0,0,0,0,0,0,0,0,0,0,0,0,0,0,0,0,0,0,0,0,0,0,0,0,0,0,0,0,0,0,0,0,0,0,0,0,0,0
0,0,0,0,0,0,0,0,0,0,0,0,0,0,0,0,0,0,0,0,0,0,0,0,0,0,0,0,0,0,0,0,0,0,0,0,0,0,0,0,0,0,0,0,0,0,0,0,0,0,0,0,0,0,0,0,0,0,0,0,0,0,0,0,0,0,0,0,0,0,0,0,0,0,0,0,0,0,0,0,0,0,105,120,137,148,126,109,75,53,39,33,42,49,46,44,43,43,42,41,41,39,41,42,48,49,42,42,48,47,45,43,64,87,110,140,156,168,177,165,170,166,160,165,172,160,146,137,117,86,62,48,41,36,32,30,29,29,29,27,28,28,30,30,27,29,32,35,32,29,30,46,65,84,104,132,158,170,173,169,166,169,169,158,152,151,133,114,92,69,57,58,56,49,54,53,50,52,55,54,51,50,48,45,48,54,56,50,53,73,92,103,111,119,113,111,104,0,0,0,0,0,0,0,0,0,0,0,0,0,0,0,0,0,0,0,0,0,0,0,0,0,0,0,0,0,0,0,0,0,0,0,0,0,0,0,0,0,0,0,0,0,0,0,0,0,0,0,0,0,0,0,0,0,0,0,0,0,0,0,0,0,0,0,0,0,0,0,0,0,0,0,0,0
0,0,0,0,0,0,0,0,0,0,0,0,0,0,0,0,0,0,0,0,0,0,0,0,0,0,0,0,0,0,0,0,0,0,0,0,0,0,0,0,0,0,0,0,0,0,0,0,0,0,0,0,0,0,0,0,0,0,0,0,0,0,0,0,0,0,0,0,0,0,0,0,0,0,0,0,0,0,0,0,0,76,103,128,140,137,116,82,52,39,36,36,41,46,44,46,45,44,42,39,38,39,42,41,46,48,44,45,47,46,46,50,69,110,132,152,160,170,172,162,166,168,168,170,170,161,152,142,120,88,60,43,34,33,31,30,28,26,23,22,25,27,29,30,29,29,31,35,33,31,30,43,64,87,108,131,151,160,170,175,170,165,168,169,162,151,143,123,101,79,64,60,56,51,53,51,49,52,54,53,52,50,49,47,48,50,54,49,51,60,85,97,106,114,116,118,112,0,0,0,0,0,0,0,0,0,0,0,0,0,0,0,0,0,0,0,0,0,0,0,0,0,0,0,0,0,0,0,0,0,0,0,0,0,0,0,0,0,0,0,0,0,0,0,0,0,0,0,0,0,0,0,0,0,0,0,0,0,0,0,0,0,0,0,0,0,0,0,0,0,0,0,0,0
0,0,0,0,0,0,0,0,0,0,0,0,0,0,0,0,0,0,0,0,0,0,0,0,0,0,0,0,0,0,0,0,0,0,0,0,0,0,0,0,0,0,0,0,0,0,0,0,0,0,0,0,0,0,0,0,0,0,0,0,0,0,0,0,0,0,0,0,0,0,0,0,0,0,0,0,0,0,0,0,72,99,119,133,132,124,93,64,47,38,36,38,39,42,42,45,44,44,43,39,38,43,44,40,42,46,44,45,47,46,43,63,86,122,144,165,166,165,165,160,162,168,174,173,169,163,155,143,121,93,67,46,33,34,32,33,32,29,24,22,26,28,27,27,29,29,27,27,28,33,37,43,61,86,109,130,148,155,162,167,165,167,173,173,162,150,154,132,111,92,73,62,56,55,54,51,49,51,52,50,51,50,50,49,48,47,48,47,48,51,75,87,98,108,118,124,121,110,0,0,0,0,0,0,0,0,0,0,0,0,0,0,0,0,0,0,0,0,0,0,0,0,0,0,0,0,0,0,0,0,0,0,0,0,0,0,0,0,0,0,0,0,0,0,0,0,0,0,0,0,0,0,0,0,0,0,0,0,0,0,0,0,0,0,0,0,0,0,0,0,0,0,0,0
0,0,0,0,0,0,0,0,0,0,0,0,0,0,0,0,0,0,0,0,0,0,0,0,0,0,0,0,0,0,0,0,0,0,0,0,0,0,0,0,0,0,0,0,0,0,0,0,0,0,0,0,0,0,0,0,0,0,0,0,0,0,0,0,0,0,0,0,0,0,0,0,0,0,0,0,0,0,0,0,85,117,131,132,126,106,73,49,39,38,40,39,39,40,42,42,41,43,42,39,41,43,44,39,40,44,44,45,49,50,50,78,109,132,151,173,168,163,164,162,161,166,176,174,168,165,160,146,121,93,68,49,32,31,33,33,32,29,26,25,28,28,26,23,25,26,27,24,24,30,35,39,54,80,106,132,154,165,166,165,165,174,181,177,168,160,160,138,119,103,83,66,57,56,55,51,49,51,50,49,51,52,51,52,48,49,46,48,50,51,65,75,88,102,117,124,124,118,0,0,0,0,0,0,0,0,0,0,0,0,0,0,0,0,0,0,0,0,0,0,0,0,0,0,0,0,0,0,0,0,0,0,0,0,0,0,0,0,0,0,0,0,0,0,0,0,0,0,0,0,0,0,0,0,0,0,0,0,0,0,0,0,0,0,0,0,0,0,0,0,0,0,0,0
0,0,0,0,0,0,0,0,0,0,0,0,0,0,0,0,0,0,0,0,0,0,0,0,0,0,0,0,0,0,0,0,0,0,0,0,0,0,0,0,0,0,0,0,0,0,0,0,0,0,0,0,0,0,0,0,0,0,0,0,0,0,0,0,0,0,0,0,0,0,0,0,0,0,0,0,0,0,0,77,104,131,132,128,120,92,65,42,39,42,41,40,39,39,38,39,40,40,39,41,41,41,43,40,43,44,42,43,45,51,69,89,115,142,158,169,172,167,168,169,164,168,172,172,171,168,162,147,121,91,66,47,32,30,32,30,25,26,29,31,30,29,29,30,31,28,30,31,29,30,32,39,58,84,110,133,155,163,163,166,167,170,170,174,169,166,165,150,130,112,92,71,56,49,52,50,49,48,47,48,50,52,52,51,51,49,49,50,50,50,54,63,79,97,113,123,125,119,111,0,0,0,0,0,0,0,0,0,0,0,0,0,0,0,0,0,0,0,0,0,0,0,0,0,0,0,0,0,0,0,0,0,0,0,0,0,0,0,0,0,0,0,0,0,0,0,0,0,0,0,0,0,0,0,0,0,0,0,0,0,0,0,0,0,0,0,0,0,0,0,0,0,0,0
0,0,0,0,0,0,0,0,0,0,0,0,0,0,0,0,0,0,0,0,0,0,0,0,0,0,0,0,0,0,0,0,0,0,0,0,0,0,0,0,0,0,0,0,0,0,0,0,0,0,0,0,0,0,0,0,0,0,0,0,0,0,0,0,0,0,0,0,0,0,0,0,0,0,0,0,0,0,0,98,121,134,135,123,104,79,56,37,34,39,41,41,40,39,39,39,39,38,38,39,40,42,44,43,43,43,42,43,46,57,77,106,137,158,166,171,173,171,172,172,167,168,168,169,171,170,163,147,121,92,66,45,29,27,33,30,25,25,28,30,29,28,28,32,34,32,33,32,30,31,31,36,57,90,117,137,154,160,166,168,168,166,166,170,170,169,166,157,141,123,100,78,62,51,52,51,50,47,45,45,50,55,54,51,51,51,52,54,52,50,47,54,73,90,108,119,123,121,116,0,0,0,0,0,0,0,0,0,0,0,0,0,0,0,0,0,0,0,0,0,0,0,0,0,0,0,0,0,0,0,0,0,0,0,0,0,0,0,0,0,0,0,0,0,0,0,0,0,0,0,0,0,0,0,0,0,0,0,0,0,0,0,0,0,0,0,0,0,0,0,0,0,0,0
0,0,0,0,0,0,0,0,0,0,0,0,0,0,0,0,0,0,0,0,0,0,0,0,0,0,0,0,0,0,0,0,0,0,0,0,0,0,0,0,0,0,0,0,0,0,0,0,0,0,0,0,0,0,0,0,0,0,0,0,0,0,0,0,0,0,0,0,0,0,0,0,0,0,0,0,0,0,89,115,127,132,135,115,86,61,44,35,36,39,41,40,41,40,40,40,38,37,37,38,40,44,45,47,46,45,45,44,48,65,88,122,152,166,167,168,171,172,174,172,167,168,168,168,170,168,163,147,122,94,67,45,28,26,32,31,24,24,28,30,28,27,27,32,35,33,34,32,31,34,35,42,65,96,115,132,152,161,166,168,170,166,165,167,168,167,164,160,149,132,110,87,68,55,58,54,51,47,45,47,51,54,55,50,50,50,50,51,50,48,48,52,68,81,98,111,119,122,120,108,0,0,0,0,0,0,0,0,0,0,0,0,0,0,0,0,0,0,0,0,0,0,0,0,0,0,0,0,0,0,0,0,0,0,0,0,0,0,0,0,0,0,0,0,0,0,0,0,0,0,0,0,0,0,0,0,0,0,0,0,0,0,0,0,0,0,0,0,0,0,0,0,0,0
0,0,0,0,0,0,0,0,0,0,0,0,0,0,0,0,0,0,0,0,0,0,0,0,0,0,0,0,0,0,0,0,0,0,0,0,0,0,0,0,0,0,0,0,0,0,0,0,0,0,0,0,0,0,0,0,0,0,0,0,0,0,0,0,0,0,0,0,0,0,0,0,0,0,0,0,0,84,105,128,134,131,127,103,66,38,37,39,40,40,40,40,42,40,39,39,37,37,37,38,39,44,47,49,49,48,46,46,57,81,108,138,159,166,167,169,171,173,172,169,166,169,167,167,169,167,163,148,123,96,70,47,31,28,32,30,25,25,29,31,28,27,25,32,36,36,37,33,32,35,34,43,67,96,115,135,158,167,167,168,170,168,168,167,166,166,165,161,152,142,124,102,81,64,57,55,53,49,48,50,54,55,55,50,47,45,46,49,49,47,47,51,62,70,87,103,116,124,121,116,0,0,0,0,0,0,0,0,0,0,0,0,0,0,0,0,0,0,0,0,0,0,0,0,0,0,0,0,0,0,0,0,0,0,0,0,0,0,0,0,0,0,0,0,0,0,0,0,0,0,0,0,0,0,0,0,0,0,0,0,0,0,0,0,0,0,0,0,0,0,0,0,0,0
0,0,0,0,0,0,0,0,0,0,0,0,0,0,0,0,0,0,0,0,0,0,0,0,0,0,0,0,0,0,0,0,0,0,0,0,0,0,0,0,0,0,0,0,0,0,0,0,0,0,0,0,0,0,0,0,0,0,0,0,0,0,0,0,0,0,0,0,0,0,0,0,0,0,0,0,0,104,113,134,137,127,115,85,46,29,38,42,43,39,39,41,43,40,39,39,38,38,39,39,40,44,46,48,49,50,50,55,73,101,128,151,163,165,166,168,170,170,170,166,166,168,165,163,168,169,165,150,125,97,71,49,34,30,32,30,26,26,29,31,28,27,25,31,36,36,37,34,33,35,40,48,70,98,116,138,160,167,169,168,168,168,168,168,168,170,167,162,154,148,136,117,94,71,57,56,57,53,52,54,56,55,52,49,44,40,45,51,49,47,45,50,57,62,78,96,112,121,121,122,116,0,0,0,0,0,0,0,0,0,0,0,0,0,0,0,0,0,0,0,0,0,0,0,0,0,0,0,0,0,0,0,0,0,0,0,0,0,0,0,0,0,0,0,0,0,0,0,0,0,0,0,0,0,0,0,0,0,0,0,0,0,0,0,0,0,0,0,0,0,0,0,0,0
0,0,0,0,0,0,0,0,0,0,0,0,0,0,0,0,0,0,0,0,0,0,0,0,0,0,0,0,0,0,0,0,0,0,0,0,0,0,0,0,0,0,0,0,0,0,0,0,0,0,0,0,0,0,0,0,0,0,0,0,0,0,0,0,0,0,0,0,0,0,0,0,0,0,0,0,92,117,126,137,133,117,96,68,43,37,40,43,44,40,39,40,42,40,39,41,41,42,43,43,42,43,44,43,44,47,53,68,93,119,144,162,169,169,167,168,170,171,169,165,165,167,165,163,168,169,167,152,126,99,72,49,34,28,34,31,28,28,30,31,28,28,27,31,34,33,34,33,34,35,40,51,75,103,120,140,162,169,169,168,168,168,168,169,170,173,174,169,160,154,146,130,105,76,63,58,58,54,53,54,54,52,49,48,44,42,47,51,49,47,47,51,54,58,71,87,103,115,122,124,120,0,0,0,0,0,0,0,0,0,0,0,0,0,0,0,0,0,0,0,0,0,0,0,0,0,0,0,0,0,0,0,0,0,0,0,0,0,0,0,0,0,0,0,0,0,0,0,0,0,0,0,0,0,0,0,0,0,0,0,0,0,0,0,0,0,0,0,0,0,0,0,0,0
0,0,0,0,0,0,0,0,0,0,0,0,0,0,0,0,0,0,0,0,0,0,0,0,0,0,0,0,0,0,0,0,0,0,0,0,0,0,0,0,0,0,0,0,0,0,0,0,0,0,0,0,0,0,0,0,0,0,0,0,0,0,0,0,0,0,0,0,0,0,0,0,0,0,0,82,103,126,141,140,126,103,73,54,49,46,42,42,45,43,41,41,42,41,40,41,41,42,43,44,43,42,44,41,38,42,57,85,113,136,156,167,171,170,167,168,171,172,170,166,166,167,166,166,170,170,165,151,127,102,75,52,36,29,35,31,29,31,30,30,28,28,28,32,33,32,32,32,34,34,40,55,84,112,127,142,162,168,169,168,169,169,170,170,170,172,177,173,165,160,152,138,114,86,72,62,59,53,51,49,51,52,49,48,46,47,49,50,49,50,49,49,50,54,64,79,93,110,120,126,124,116,0,0,0,0,0,0,0,0,0,0,0,0,0,0,0,0,0,0,0,0,0,0,0,0,0,0,0,0,0,0,0,0,0,0,0,0,0,0,0,0,0,0,0,0,0,0,0,0,0,0,0,0,0,0,0,0,0,0,0,0,0,0,0,0,0,0,0,0,0,0,0,0
0,0,0,0,0,0,0,0,0,0,0,0,0,0,0,0,0,0,0,0,0,0,0,0,0,0,0,0,0,0,0,0,0,0,0,0,0,0,0,0,0,0,0,0,0,0,0,0,0,0,0,0,0,0,0,0,0,0,0,0,0,0,0,0,0,0,0,0,0,0,0,0,0,0,0,94,115,133,148,134,108,86,57,43,49,52,45,40,41,43,44,44,43,42,43,43,42,43,44,46,45,43,44,42,39,47,70,104,130,147,165,171,172,171,169,170,172,172,171,168,169,168,166,166,171,172,163,149,127,105,80,57,40,33,35,31,31,33,31,30,28,28,30,32,31,27,27,29,34,33,42,60,91,115,128,143,164,171,169,168,170,168,170,170,172,171,178,175,169,166,159,145,125,101,88,71,61,53,51,49,50,50,49,44,43,47,50,50,49,51,50,46,47,51,59,71,82,102,115,124,125,121,0,0,0,0,0,0,0,0,0,0,0,0,0,0,0,0,0,0,0,0,0,0,0,0,0,0,0,0,0,0,0,0,0,0,0,0,0,0,0,0,0,0,0,0,0,0,0,0,0,0,0,0,0,0,0,0,0,0,0,0,0,0,0,0,0,0,0,0,0,0,0,0
0,0,0,0,0,0,0,0,0,0,0,0,0,0,0,0,0,0,0,0,0,0,0,0,0,0,0,0,0,0,0,0,0,0,0,0,0,0,0,0,0,0,0,0,0,0,0,0,0,0,0,0,0,0,0,0,0,0,0,0,0,0,0,0,0,0,0,0,0,0,0,0,0,0,99,113,127,134,124,118,90,63,51,48,46,43,43,38,40,42,43,48,44,43,43,43,43,45,43,47,45,43,42,44,49,60,82,117,152,168,171,174,173,171,170,170,171,173,169,172,167,167,169,169,170,174,159,144,126,108,82,57,37,35,35,30,31,33,31,29,28,29,29,33,32,28,28,30,31,29,42,64,95,117,129,144,165,172,168,168,169,169,169,170,171,172,177,174,174,172,166,155,137,113,105,80,65,57,51,50,51,52,47,39,41,49,50,49,48,50,52,48,45,50,54,62,77,97,114,124,125,124,119,0,0,0,0,0,0,0,0,0,0,0,0,0,0,0,0,0,0,0,0,0,0,0,0,0,0,0,0,0,0,0,0,0,0,0,0,0,0,0,0,0,0,0,0,0,0,0,0,0,0,0,0,0,0,0,0,0,0,0,0,0,0,0,0,0,0,0,0,0,0,0
0,0,0,0,0,0,0,0,0,0,0,0,0,0,0,0,0,0,0,0,0,0,0,0,0,0,0,0,0,0,0,0,0,0,0,0,0,0,0,0,0,0,0,0,0,0,0,0,0,0,0,0,0,0,0,0,0,0,0,0,0,0,0,0,0,0,0,0,0,0,0,0,0,0,110,124,133,131,118,101,71,48,42,48,45,40,42,39,39,42,44,48,46,42,41,42,43,45,47,47,43,42,42,47,61,81,106,136,161,171,174,173,173,173,172,172,172,173,172,173,167,167,172,173,170,169,160,146,129,110,82,55,36,34,35,31,32,33,31,29,28,29,30,33,32,30,29,28,30,29,47,62,96,122,134,147,166,171,166,168,170,169,168,170,171,173,173,171,173,174,170,162,148,128,118,92,71,60,53,52,54,56,51,40,39,48,50,49,48,49,50,48,48,50,51,57,71,87,105,118,124,128,127,0,0,0,0,0,0,0,0,0,0,0,0,0,0,0,0,0,0,0,0,0,0,0,0,0,0,0,0,0,0,0,0,0,0,0,0,0,0,0,0,0,0,0,0,0,0,0,0,0,0,0,0,0,0,0,0,0,0,0,0,0,0,0,0,0,0,0,0,0,0,0
0,0,0,0,0,0,0,0,0,0,0,0,0,0,0,0,0,0,0,0,0,0,0,0,0,0,0,0,0,0,0,0,0,0,0,0,0,0,0,0,0,0,0,0,0,0,0,0,0,0,0,0,0,0,0,0,0,0,0,0,0,0,0,0,0,0,0,0,0,0,0,0,0,91,118,130,131,119,116,85,58,43,41,50,47,42,40,43,41,42,42,43,45,43,41,42,44,46,47,48,45,43,47,54,75,101,127,152,167,170,168,167,170,175,175,175,174,172,170,173,166,167,172,172,169,171,166,152,133,109,80,54,36,35,35,31,32,34,32,29,29,30,29,29,29,31,32,31,35,39,48,70,102,127,139,153,171,168,167,167,168,170,171,171,170,171,170,170,172,175,172,165,154,138,127,101,78,65,58,57,58,62,57,44,41,49,51,50,49,50,49,48,51,49,48,53,65,77,98,114,123,127,129,125,0,0,0,0,0,0,0,0,0,0,0,0,0,0,0,0,0,0,0,0,0,0,0,0,0,0,0,0,0,0,0,0,0,0,0,0,0,0,0,0,0,0,0,0,0,0,0,0,0,0,0,0,0,0,0,0,0,0,0,0,0,0,0,0,0,0,0,0,0,0
0,0,0,0,0,0,0,0,0,0,0,0,0,0,0,0,0,0,0,0,0,0,0,0,0,0,0,0,0,0,0,0,0,0,0,0,0,0,0,0,0,0,0,0,0,0,0,0,0,0,0,0,0,0,0,0,0,0,0,0,0,0,0,0,0,0,0,0,0,0,0,0,80,105,130,136,127,105,103,68,51,44,45,44,43,41,41,46,44,44,43,43,43,41,41,40,44,47,46,47,45,39,54,69,96,123,144,161,169,168,168,167,169,173,174,172,170,169,172,175,167,165,170,169,167,169,166,156,135,110,82,58,36,31,35,31,32,32,31,29,29,30,30,32,30,30,31,31,34,37,55,75,104,125,141,158,169,168,167,167,167,169,170,170,168,168,166,166,168,172,172,169,160,146,134,109,87,69,58,54,58,60,60,51,48,52,53,52,51,53,51,52,54,52,52,54,61,69,84,101,116,126,131,131,0,0,0,0,0,0,0,0,0,0,0,0,0,0,0,0,0,0,0,0,0,0,0,0,0,0,0,0,0,0,0,0,0,0,0,0,0,0,0,0,0,0,0,0,0,0,0,0,0,0,0,0,0,0,0,0,0,0,0,0,0,0,0,0,0,0,0,0,0,0
0,0,0,0,0,0,0,0,0,0,0,0,0,0,0,0,0,0,0,0,0,0,0,0,0,0,0,0,0,0,0,0,0,0,0,0,0,0,0,0,0,0,0,0,0,0,0,0,0,0,0,0,0,0,0,0,0,0,0,0,0,0,0,0,0,0,0,0,0,0,0,0,99,119,138,138,120,94,85,57,47,47,48,41,41,42,41,44,44,45,45,43,41,40,41,40,43,44,46,49,48,44,63,83,112,139,157,166,169,168,168,168,170,172,173,170,168,169,172,175,167,165,169,169,166,167,163,157,136,112,87,62,37,32,36,32,32,32,31,30,29,31,31,28,27,34,35,29,30,38,57,80,102,127,144,160,171,165,165,168,168,166,166,167,168,168,169,170,171,172,171,168,159,147,140,119,101,80,63,54,59,60,58,55,51,52,53,53,52,55,53,55,59,56,56,54,53,57,69,86,105,124,133,134,122,0,0,0,0,0,0,0,0,0,0,0,0,0,0,0,0,0,0,0,0,0,0,0,0,0,0,0,0,0,0,0,0,0,0,0,0,0,0,0,0,0,0,0,0,0,0,0,0,0,0,0,0,0,0,0,0,0,0,0,0,0,0,0,0,0,0,0,0,0
0,0,0,0,0,0,0,0,0,0,0,0,0,0,0,0,0,0,0,0,0,0,0,0,0,0,0,0,0,0,0,0,0,0,0,0,0,0,0,0,0,0,0,0,0,0,0,0,0,0,0,0,0,0,0,0,0,0,0,0,0,0,0,0,0,0,0,0,0,0,0,91,114,128,137,131,109,83,70,51,42,44,43,38,40,42,42,43,43,44,45,45,42,42,46,45,42,42,48,50,50,56,77,97,121,147,167,172,172,171,171,173,173,173,172,169,166,167,170,172,166,168,172,169,165,167,164,156,136,114,90,63,38,35,35,33,32,32,31,30,30,32,31,30,30,34,34,29,29,36,57,79,106,128,143,160,169,165,167,168,166,167,167,166,167,169,169,170,170,171,169,168,161,152,144,127,113,93,72,58,60,62,56,56,53,51,54,56,55,57,58,59,60,56,54,50,46,50,62,80,101,119,128,133,127,0,0,0,0,0,0,0,0,0,0,0,0,0,0,0,0,0,0,0,0,0,0,0,0,0,0,0,0,0,0,0,0,0,0,0,0,0,0,0,0,0,0,0,0,0,0,0,0,0,0,0,0,0,0,0,0,0,0,0,0,0,0,0,0,0,0,0,0,0
0,0,0,0,0,0,0,0,0,0,0,0,0,0,0,0,0,0,0,0,0,0,0,0,0,0,0,0,0,0,0,0,0,0,0,0,0,0,0,0,0,0,0,0,0,0,0,0,0,0,0,0,0,0,0,0,0,0,0,0,0,0,0,0,0,0,0,0,0,0,78,105,127,136,133,119,94,71,62,48,40,41,40,38,40,43,46,43,42,42,45,47,45,44,49,48,44,46,49,46,49,67,96,120,136,156,174,176,174,172,171,171,169,168,169,171,172,172,173,172,165,168,173,169,164,165,163,154,137,117,91,63,38,32,32,31,31,30,29,29,29,31,31,29,29,35,33,26,29,42,60,82,106,131,146,154,168,169,170,170,167,168,170,169,169,169,169,169,169,169,169,169,164,159,152,136,120,103,81,62,57,59,57,58,57,56,58,62,61,61,63,60,59,55,51,49,46,51,57,75,95,112,122,129,126,116,0,0,0,0,0,0,0,0,0,0,0,0,0,0,0,0,0,0,0,0,0,0,0,0,0,0,0,0,0,0,0,0,0,0,0,0,0,0,0,0,0,0,0,0,0,0,0,0,0,0,0,0,0,0,0,0,0,0,0,0,0,0,0,0,0,0,0,0
0,0,0,0,0,0,0,0,0,0,0,0,0,0,0,0,0,0,0,0,0,0,0,0,0,0,0,0,0,0,0,0,0,0,0,0,0,0,0,0,0,0,0,0,0,0,0,0,0,0,0,0,0,0,0,0,0,0,0,0,0,0,0,0,0,0,0,0,0,0,94,118,136,139,125,103,78,59,58,45,43,43,43,39,42,45,43,43,42,42,42,44,44,44,50,47,44,48,47,44,54,81,112,141,152,162,173,173,173,172,169,168,167,166,168,172,175,173,171,175,168,166,168,168,167,167,163,153,138,119,91,65,41,32,32,32,32,31,29,28,29,31,31,29,29,37,34,24,29,46,63,88,113,132,153,161,170,168,169,174,171,167,168,172,172,169,170,169,168,170,171,172,168,165,159,145,129,117,97,73,58,57,56,58,60,60,61,65,64,62,61,57,57,53,49,50,48,52,56,65,81,102,118,126,124,119,0,0,0,0,0,0,0,0,0,0,0,0,0,0,0,0,0,0,0,0,0,0,0,0,0,0,0,0,0,0,0,0,0,0,0,0,0,0,0,0,0,0,0,0,0,0,0,0,0,0,0,0,0,0,0,0,0,0,0,0,0,0,0,0,0,0,0,0
0,0,0,0,0,0,0,0,0,0,0,0,0,0,0,0,0,0,0,0,0,0,0,0,0,0,0,0,0,0,0,0,0,0,0,0,0,0,0,0,0,0,0,0,0,0,0,0,0,0,0,0,0,0,0,0,0,0,0,0,0,0,0,0,0,0,0,0,0,99,108,130,122,128,117,88,59,37,56,44,42,45,45,43,42,42,42,42,42,42,42,43,43,42,47,47,45,50,49,47,60,94,123,146,156,173,173,168,165,168,168,167,167,167,167,170,173,171,173,178,172,166,165,165,172,168,167,158,139,119,95,68,45,32,35,31,33,33,29,31,31,31,31,30,31,36,32,24,29,47,61,91,119,139,152,162,171,169,172,183,179,161,160,175,178,166,165,167,169,170,170,169,167,168,171,160,138,122,109,87,63,56,55,56,57,60,61,62,61,58,56,53,59,55,50,49,49,52,55,57,73,95,121,131,125,123,122,0,0,0,0,0,0,0,0,0,0,0,0,0,0,0,0,0,0,0,0,0,0,0,0,0,0,0,0,0,0,0,0,0,0,0,0,0,0,0,0,0,0,0,0,0,0,0,0,0,0,0,0,0,0,0,0,0,0,0,0,0,0,0,0,0,0,0
0,0,0,0,0,0,0,0,0,0,0,0,0,0,0,0,0,0,0,0,0,0,0,0,0,0,0,0,0,0,0,0,0,0,0,0,0,0,0,0,0,0,0,0,0,0,0,0,0,0,0,0,0,0,0,0,0,0,0,0,0,0,0,0,0,0,0,0,0,110,123,139,124,117,94,69,51,37,47,40,41,45,45,43,41,41,41,41,42,42,42,44,44,45,47,45,47,47,48,54,71,109,140,161,167,168,166,164,163,168,169,169,168,169,169,171,173,170,170,178,174,167,166,167,173,168,166,158,140,123,101,70,48,35,31,28,32,32,27,29,29,31,31,29,32,37,31,25,31,50,63,94,123,143,156,166,173,172,173,181,177,162,161,173,176,167,166,167,169,170,170,169,167,167,168,164,152,139,125,101,71,59,55,55,57,56,56,59,61,58,55,52,59,57,49,47,49,47,48,45,60,84,111,126,127,124,124,118,0,0,0,0,0,0,0,0,0,0,0,0,0,0,0,0,0,0,0,0,0,0,0,0,0,0,0,0,0,0,0,0,0,0,0,0,0,0,0,0,0,0,0,0,0,0,0,0,0,0,0,0,0,0,0,0,0,0,0,0,0,0,0,0,0,0
0,0,0,0,0,0,0,0,0,0,0,0,0,0,0,0,0,0,0,0,0,0,0,0,0,0,0,0,0,0,0,0,0,0,0,0,0,0,0,0,0,0,0,0,0,0,0,0,0,0,0,0,0,0,0,0,0,0,0,0,0,0,0,0,0,0,0,0,85,119,134,140,125,107,74,49,45,44,44,41,45,47,45,44,41,40,40,40,41,41,42,44,47,51,51,47,44,40,51,74,98,128,154,168,175,165,164,163,166,170,170,170,169,169,170,172,173,170,169,173,171,169,168,164,170,167,168,160,141,128,109,74,52,37,32,29,34,33,28,30,30,31,32,32,34,34,28,29,36,51,71,104,125,145,160,167,168,167,173,177,175,167,166,172,173,168,167,167,169,170,170,169,167,166,166,168,161,145,131,113,85,68,55,53,55,55,53,56,59,57,55,52,54,53,45,43,50,46,45,39,49,71,90,112,124,125,126,125,0,0,0,0,0,0,0,0,0,0,0,0,0,0,0,0,0,0,0,0,0,0,0,0,0,0,0,0,0,0,0,0,0,0,0,0,0,0,0,0,0,0,0,0,0,0,0,0,0,0,0,0,0,0,0,0,0,0,0,0,0,0,0,0,0,0
0,0,0,0,0,0,0,0,0,0,0,0,0,0,0,0,0,0,0,0,0,0,0,0,0,0,0,0,0,0,0,0,0,0,0,0,0,0,0,0,0,0,0,0,0,0,0,0,0,0,0,0,0,0,0,0,0,0,0,0,0,0,0,0,0,0,0,83,101,127,141,134,116,92,64,41,44,47,47,46,48,48,44,43,41,41,41,41,42,41,41,43,45,48,50,49,43,45,61,91,122,147,165,168,175,169,167,165,168,170,170,169,168,169,169,172,173,171,170,170,168,167,168,164,171,170,166,158,141,128,111,75,52,37,32,29,33,33,28,30,29,29,31,33,36,33,28,35,38,50,80,112,121,139,160,165,166,166,171,175,174,169,168,173,173,168,167,166,169,170,170,169,167,165,164,166,165,152,138,120,91,70,56,50,50,54,54,54,55,55,56,51,50,50,45,43,50,50,45,36,44,65,77,98,118,124,126,128,110,0,0,0,0,0,0,0,0,0,0,0,0,0,0,0,0,0,0,0,0,0,0,0,0,0,0,0,0,0,0,0,0,0,0,0,0,0,0,0,0,0,0,0,0,0,0,0,0,0,0,0,0,0,0,0,0,0,0,0,0,0,0,0,0,0
0,0,0,0,0,0,0,0,0,0,0,0,0,0,0,0,0,0,0,0,0,0,0,0,0,0,0,0,0,0,0,0,0,0,0,0,0,0,0,0,0,0,0,0,0,0,0,0,0,0,0,0,0,0,0,0,0,0,0,0,0,0,0,0,0,0,0,96,117,134,134,123,103,80,57,40,43,46,49,46,45,45,44,44,43,43,45,45,44,41,42,44,43,44,49,49,48,61,79,108,139,162,172,169,173,174,173,168,167,168,168,168,168,168,168,172,173,172,171,172,172,173,170,161,169,172,164,153,139,123,109,76,51,35,33,30,34,34,29,32,31,31,31,33,33,28,26,35,40,56,82,113,125,142,161,165,164,165,166,175,175,166,167,176,176,166,167,166,169,170,170,169,167,166,165,171,171,155,142,132,104,77,61,51,48,53,57,56,53,53,54,48,50,52,47,43,47,50,49,43,44,56,68,95,118,123,125,130,116,0,0,0,0,0,0,0,0,0,0,0,0,0,0,0,0,0,0,0,0,0,0,0,0,0,0,0,0,0,0,0,0,0,0,0,0,0,0,0,0,0,0,0,0,0,0,0,0,0,0,0,0,0,0,0,0,0,0,0,0,0,0,0,0,0
0,0,0,0,0,0,0,0,0,0,0,0,0,0,0,0,0,0,0,0,0,0,0,0,0,0,0,0,0,0,0,0,0,0,0,0,0,0,0,0,0,0,0,0,0,0,0,0,0,0,0,0,0,0,0,0,0,0,0,0,0,0,0,0,0,0,75,107,131,139,124,108,86,68,49,39,42,48,47,43,40,42,45,46,44,44,46,44,42,42,46,47,43,41,47,50,57,71,96,129,152,167,172,172,171,175,177,171,165,167,167,168,168,168,168,172,172,173,172,172,175,178,173,160,168,174,167,156,146,126,109,79,53,35,33,30,34,34,29,31,31,30,27,33,35,29,28,35,40,55,81,111,137,153,163,166,163,163,163,173,174,168,169,178,177,168,167,167,169,170,170,170,167,166,165,167,170,165,155,138,113,90,70,57,50,52,57,57,52,51,51,43,50,52,46,43,47,49,45,41,40,51,65,85,105,118,122,131,122,111,0,0,0,0,0,0,0,0,0,0,0,0,0,0,0,0,0,0,0,0,0,0,0,0,0,0,0,0,0,0,0,0,0,0,0,0,0,0,0,0,0,0,0,0,0,0,0,0,0,0,0,0,0,0,0,0,0,0,0,0,0,0,0,0
0,0,0,0,0,0,0,0,0,0,0,0,0,0,0,0,0,0,0,0,0,0,0,0,0,0,0,0,0,0,0,0,0,0,0,0,0,0,0,0,0,0,0,0,0,0,0,0,0,0,0,0,0,0,0,0,0,0,0,0,0,0,0,0,0,67,92,121,142,136,119,92,63,50,43,39,44,47,44,41,40,42,47,46,44,44,45,43,42,43,47,46,41,40,44,52,72,84,115,145,161,167,173,173,170,173,176,171,163,166,167,168,167,168,168,173,172,173,174,173,172,173,173,168,176,175,168,163,158,135,111,81,57,37,34,31,36,36,30,32,32,30,26,35,37,29,26,35,44,59,85,114,141,155,163,168,168,168,164,168,171,172,174,176,174,170,167,167,169,170,171,170,168,167,165,167,169,166,158,142,122,100,84,65,52,49,51,52,49,48,50,45,50,50,45,46,50,50,42,43,40,45,60,76,93,115,115,128,126,118,0,0,0,0,0,0,0,0,0,0,0,0,0,0,0,0,0,0,0,0,0,0,0,0,0,0,0,0,0,0,0,0,0,0,0,0,0,0,0,0,0,0,0,0,0,0,0,0,0,0,0,0,0,0,0,0,0,0,0,0,0,0,0,0
0,0,0,0,0,0,0,0,0,0,0,0,0,0,0,0,0,0,0,0,0,0,0,0,0,0,0,0,0,0,0,0,0,0,0,0,0,0,0,0,0,0,0,0,0,0,0,0,0,0,0,0,0,0,0,0,0,0,0,0,0,0,0,0,0,90,112,136,146,128,106,76,49,38,43,43,49,45,42,42,42,44,47,45,45,46,44,43,44,47,51,48,43,43,46,55,83,102,137,155,166,168,175,170,169,170,173,170,165,168,167,168,167,168,168,173,172,174,174,173,172,173,173,167,174,172,168,164,159,137,114,87,61,36,35,31,36,36,31,34,33,30,27,34,37,32,28,35,48,65,91,122,141,153,164,169,172,170,165,165,168,173,175,173,171,170,167,167,168,169,170,170,168,168,167,169,169,166,161,149,133,110,99,73,55,47,45,46,47,49,49,47,49,48,47,49,50,47,43,46,40,41,56,68,79,104,109,126,129,124,117,0,0,0,0,0,0,0,0,0,0,0,0,0,0,0,0,0,0,0,0,0,0,0,0,0,0,0,0,0,0,0,0,0,0,0,0,0,0,0,0,0,0,0,0,0,0,0,0,0,0,0,0,0,0,0,0,0,0,0,0,0,0,0
0,0,0,0,0,0,0,0,0,0,0,0,0,0,0,0,0,0,0,0,0,0,0,0,0,0,0,0,0,0,0,0,0,0,0,0,0,0,0,0,0,0,0,0,0,0,0,0,0,0,0,0,0,0,0,0,0,0,0,0,0,0,0,0,88,103,120,135,132,108,79,57,47,48,43,41,45,47,44,44,44,45,45,43,44,46,46,46,47,49,51,50,47,45,52,62,93,119,146,160,168,169,172,168,168,168,172,170,167,166,166,165,166,166,168,170,172,173,175,174,171,171,168,168,167,168,165,163,157,139,119,88,59,36,33,30,36,36,31,34,30,30,28,32,32,31,30,37,46,66,96,123,136,153,167,172,171,168,165,165,167,169,171,171,168,170,167,167,167,169,170,170,169,169,168,170,170,168,167,162,143,120,105,83,63,52,47,45,48,48,52,52,51,47,47,52,49,44,45,49,46,43,45,54,71,90,108,121,131,130,115,0,0,0,0,0,0,0,0,0,0,0,0,0,0,0,0,0,0,0,0,0,0,0,0,0,0,0,0,0,0,0,0,0,0,0,0,0,0,0,0,0,0,0,0,0,0,0,0,0,0,0,0,0,0,0,0,0,0,0,0,0,0,0
0,0,0,0,0,0,0,0,0,0,0,0,0,0,0,0,0,0,0,0,0,0,0,0,0,0,0,0,0,0,0,0,0,0,0,0,0,0,0,0,0,0,0,0,0,0,0,0,0,0,0,0,0,0,0,0,0,0,0,0,0,0,0,71,108,119,133,132,117,94,66,50,47,47,44,43,46,46,47,45,44,44,44,44,45,44,43,44,47,50,51,49,45,46,62,81,116,143,159,167,171,172,170,164,164,167,172,172,167,165,166,164,166,167,169,170,173,173,174,175,173,174,167,163,161,167,165,162,158,143,123,90,57,39,28,24,32,32,27,31,27,27,28,29,29,30,32,40,48,66,103,126,141,158,172,175,168,166,167,167,168,168,169,169,167,168,167,167,167,168,169,169,169,169,171,170,169,170,173,170,154,134,119,95,75,59,50,46,46,48,50,59,52,46,51,55,47,44,47,52,49,43,42,46,61,79,102,113,123,130,121,110,0,0,0,0,0,0,0,0,0,0,0,0,0,0,0,0,0,0,0,0,0,0,0,0,0,0,0,0,0,0,0,0,0,0,0,0,0,0,0,0,0,0,0,0,0,0,0,0,0,0,0,0,0,0,0,0,0,0,0,0,0,0
0,0,0,0,0,0,0,0,0,0,0,0,0,0,0,0,0,0,0,0,0,0,0,0,0,0,0,0,0,0,0,0,0,0,0,0,0,0,0,0,0,0,0,0,0,0,0,0,0,0,0,0,0,0,0,0,0,0,0,0,0,0,0,77,122,126,135,126,103,83,60,43,44,41,44,47,49,49,49,46,43,42,43,45,46,43,37,39,44,48,49,47,41,46,75,106,135,156,167,171,168,172,169,166,165,165,168,172,169,167,165,163,164,167,169,170,172,173,174,175,171,172,168,165,163,168,167,164,161,146,124,94,58,39,28,24,29,31,31,30,26,26,29,29,29,30,30,38,51,72,107,132,148,158,169,176,170,168,167,169,168,168,168,167,167,167,166,166,166,167,168,168,168,169,169,168,168,169,172,173,163,148,129,107,86,67,55,45,46,47,52,57,48,51,53,53,48,46,49,51,49,46,48,46,55,73,93,104,112,123,125,119,0,0,0,0,0,0,0,0,0,0,0,0,0,0,0,0,0,0,0,0,0,0,0,0,0,0,0,0,0,0,0,0,0,0,0,0,0,0,0,0,0,0,0,0,0,0,0,0,0,0,0,0,0,0,0,0,0,0,0,0,0,0
0,0,0,0,0,0,0,0,0,0,0,0,0,0,0,0,0,0,0,0,0,0,0,0,0,0,0,0,0,0,0,0,0,0,0,0,0,0,0,0,0,0,0,0,0,0,0,0,0,0,0,0,0,0,0,0,0,0,0,0,0,0,87,99,130,128,127,117,92,76,51,37,46,43,43,42,46,50,50,48,44,42,43,45,46,45,43,44,47,48,47,47,45,55,91,127,152,164,173,172,168,168,168,170,169,169,169,172,172,169,167,165,165,167,170,169,172,173,173,173,169,167,169,172,170,168,167,165,162,144,120,98,65,37,28,28,24,30,35,30,26,26,28,29,29,29,26,34,53,79,110,132,149,161,171,174,169,169,171,172,170,169,167,165,166,165,165,165,165,166,166,166,167,167,168,169,170,169,171,173,168,158,136,115,98,75,60,49,44,45,49,54,44,43,49,52,48,47,51,50,48,48,51,47,51,66,78,99,108,117,128,124,109,0,0,0,0,0,0,0,0,0,0,0,0,0,0,0,0,0,0,0,0,0,0,0,0,0,0,0,0,0,0,0,0,0,0,0,0,0,0,0,0,0,0,0,0,0,0,0,0,0,0,0,0,0,0,0,0,0,0,0,0,0
0,0,0,0,0,0,0,0,0,0,0,0,0,0,0,0,0,0,0,0,0,0,0,0,0,0,0,0,0,0,0,0,0,0,0,0,0,0,0,0,0,0,0,0,0,0,0,0,0,0,0,0,0,0,0,0,0,0,0,0,0,0,98,123,135,132,117,98,75,62,42,34,49,47,41,37,43,47,49,49,46,44,45,44,45,47,49,49,50,47,43,48,58,81,108,139,161,170,170,169,167,164,167,172,172,174,172,173,174,170,169,167,166,167,169,168,170,171,170,171,172,168,169,174,173,167,165,166,162,143,120,99,69,40,26,30,25,29,33,30,27,27,28,29,30,31,29,35,55,82,108,130,147,161,170,169,167,169,172,172,170,170,167,165,166,166,165,165,166,165,165,165,165,165,168,167,168,169,170,172,169,162,146,131,111,89,71,55,49,44,51,45,45,52,57,50,44,46,45,46,46,50,56,53,47,50,66,90,103,112,128,128,116,0,0,0,0,0,0,0,0,0,0,0,0,0,0,0,0,0,0,0,0,0,0,0,0,0,0,0,0,0,0,0,0,0,0,0,0,0,0,0,0,0,0,0,0,0,0,0,0,0,0,0,0,0,0,0,0,0,0,0,0,0
0,0,0,0,0,0,0,0,0,0,0,0,0,0,0,0,0,0,0,0,0,0,0,0,0,0,0,0,0,0,0,0,0,0,0,0,0,0,0,0,0,0,0,0,0,0,0,0,0,0,0,0,0,0,0,0,0,0,0,0,0,91,109,136,137,134,112,81,59,47,40,36,47,44,39,38,44,45,45,47,46,45,45,43,44,47,50,50,50,47,42,51,77,110,126,147,162,173,171,171,167,167,169,176,175,172,167,169,175,173,171,169,167,167,169,167,170,170,170,170,174,170,171,172,173,168,164,168,162,146,125,100,70,44,25,29,32,31,28,31,28,26,28,30,32,34,31,35,56,85,105,131,148,163,171,168,170,172,169,169,168,168,168,167,168,169,168,168,168,168,166,166,165,165,165,164,166,169,168,166,164,162,154,140,123,98,78,61,51,45,54,43,47,50,50,47,45,44,45,46,46,51,57,57,50,52,64,79,96,109,125,129,123,111,0,0,0,0,0,0,0,0,0,0,0,0,0,0,0,0,0,0,0,0,0,0,0,0,0,0,0,0,0,0,0,0,0,0,0,0,0,0,0,0,0,0,0,0,0,0,0,0,0,0,0,0,0,0,0,0,0,0,0,0
0,0,0,0,0,0,0,0,0,0,0,0,0,0,0,0,0,0,0,0,0,0,0,0,0,0,0,0,0,0,0,0,0,0,0,0,0,0,0,0,0,0,0,0,0,0,0,0,0,0,0,0,0,0,0,0,0,0,0,0,80,102,123,143,139,131,104,72,51,39,38,39,43,41,38,39,44,44,43,44,45,46,44,41,43,45,46,46,46,46,47,61,92,124,139,153,161,172,174,173,166,168,171,176,175,167,162,168,175,175,173,172,168,168,170,169,171,171,172,170,173,170,171,171,171,169,167,168,162,148,129,107,71,44,28,28,34,32,27,30,27,26,28,30,32,33,32,36,58,90,115,134,150,171,178,168,166,169,168,167,168,168,168,169,170,169,170,171,171,170,168,167,166,165,165,164,167,170,168,165,165,165,159,152,134,114,92,70,59,49,52,51,52,46,48,51,46,45,43,45,50,52,53,49,47,54,61,69,88,107,120,126,126,115,0,0,0,0,0,0,0,0,0,0,0,0,0,0,0,0,0,0,0,0,0,0,0,0,0,0,0,0,0,0,0,0,0,0,0,0,0,0,0,0,0,0,0,0,0,0,0,0,0,0,0,0,0,0,0,0,0,0,0,0
0,0,0,0,0,0,0,0,0,0,0,0,0,0,0,0,0,0,0,0,0,0,0,0,0,0,0,0,0,0,0,0,0,0,0,0,0,0,0,0,0,0,0,0,0,0,0,0,0,0,0,0,0,0,0,0,0,0,0,0,99,117,137,149,140,118,84,62,46,37,39,42,40,39,39,40,44,45,46,45,46,47,42,40,42,42,41,42,44,48,58,79,108,132,153,157,163,169,172,172,170,170,169,169,170,166,167,173,175,173,172,171,167,167,169,168,170,170,172,171,173,171,171,170,169,169,169,167,160,147,129,114,74,41,33,30,31,30,29,30,28,29,29,30,30,33,35,41,65,98,124,141,155,171,175,163,159,162,165,164,167,167,169,172,172,171,171,172,172,171,169,167,166,166,166,165,166,168,168,168,168,166,161,158,146,130,106,79,63,49,50,53,53,47,46,53,49,47,48,49,52,50,50,49,49,55,61,62,76,96,110,123,127,120,114,0,0,0,0,0,0,0,0,0,0,0,0,0,0,0,0,0,0,0,0,0,0,0,0,0,0,0,0,0,0,0,0,0,0,0,0,0,0,0,0,0,0,0,0,0,0,0,0,0,0,0,0,0,0,0,0,0,0,0
0,0,0,0,0,0,0,0,0,0,0,0,0,0,0,0,0,0,0,0,0,0,0,0,0,0,0,0,0,0,0,0,0,0,0,0,0,0,0,0,0,0,0,0,0,0,0,0,0,0,0,0,0,0,0,0,0,0,0,82,104,127,124,134,118,89,69,52,41,40,43,42,40,42,42,42,44,46,45,47,47,44,42,42,42,43,44,43,44,49,65,94,123,143,166,169,168,167,169,169,167,168,165,167,169,168,167,173,174,170,171,169,169,168,171,172,172,172,173,172,172,170,170,169,168,168,168,164,161,148,123,110,77,50,31,33,31,30,30,29,28,32,32,31,33,32,33,44,70,94,124,148,160,168,169,163,164,164,164,163,165,165,170,174,170,169,170,170,173,168,167,169,166,163,167,167,166,166,169,170,169,166,161,158,148,135,112,87,68,55,51,51,52,48,49,51,49,46,48,49,50,50,50,48,48,55,56,58,69,84,104,120,129,127,119,0,0,0,0,0,0,0,0,0,0,0,0,0,0,0,0,0,0,0,0,0,0,0,0,0,0,0,0,0,0,0,0,0,0,0,0,0,0,0,0,0,0,0,0,0,0,0,0,0,0,0,0,0,0,0,0,0,0,0
0,0,0,0,0,0,0,0,0,0,0,0,0,0,0,0,0,0,0,0,0,0,0,0,0,0,0,0,0,0,0,0,0,0,0,0,0,0,0,0,0,0,0,0,0,0,0,0,0,0,0,0,0,0,0,0,0,0,84,104,125,134,135,130,105,70,50,45,44,43,43,40,40,43,43,42,44,47,46,49,48,44,43,43,45,44,46,44,48,63,88,114,135,151,173,176,169,167,167,165,166,164,165,169,169,170,167,169,178,176,173,171,172,172,174,174,174,173,174,172,172,170,170,168,168,168,167,165,160,146,125,115,82,48,29,34,33,31,28,28,30,33,33,31,32,31,34,47,74,98,128,150,161,169,170,161,160,161,160,159,160,160,164,169,168,167,167,168,170,166,166,168,166,165,167,169,166,166,168,169,170,168,163,162,154,140,121,97,74,60,56,49,52,50,48,48,43,44,47,47,47,48,49,49,47,48,52,54,62,75,95,115,127,129,121,113,0,0,0,0,0,0,0,0,0,0,0,0,0,0,0,0,0,0,0,0,0,0,0,0,0,0,0,0,0,0,0,0,0,0,0,0,0,0,0,0,0,0,0,0,0,0,0,0,0,0,0,0,0,0,0,0,0,0
0,0,0,0,0,0,0,0,0,0,0,0,0,0,0,0,0,0,0,0,0,0,0,0,0,0,0,0,0,0,0,0,0,0,0,0,0,0,0,0,0,0,0,0,0,0,0,0,0,0,0,0,0,0,0,0,0,0,101,123,138,134,137,109,82,57,39,43,49,44,42,39,39,43,44,43,45,45,45,47,47,45,44,42,45,45,45,45,57,83,110,133,149,160,175,174,172,167,166,165,162,165,166,168,168,170,168,169,183,183,174,173,175,175,177,177,176,176,174,173,173,170,169,168,167,168,167,166,158,145,125,118,84,45,30,33,29,28,27,28,30,31,32,30,32,32,36,52,82,105,134,154,161,167,165,151,143,144,143,147,152,155,160,166,168,167,168,168,167,163,162,166,166,167,168,170,166,167,168,170,172,171,168,166,159,146,131,109,82,65,53,57,55,45,42,44,42,44,44,46,50,50,50,48,47,47,45,49,56,68,87,108,122,126,122,119,0,0,0,0,0,0,0,0,0,0,0,0,0,0,0,0,0,0,0,0,0,0,0,0,0,0,0,0,0,0,0,0,0,0,0,0,0,0,0,0,0,0,0,0,0,0,0,0,0,0,0,0,0,0,0,0,0,0
0,0,0,0,0,0,0,0,0,0,0,0,0,0,0,0,0,0,0,0,0,0,0,0,0,0,0,0,0,0,0,0,0,0,0,0,0,0,0,0,0,0,0,0,0,0,0,0,0,0,0,0,0,0,0,0,0,91,116,133,139,129,121,83,62,53,44,46,47,44,42,39,39,40,44,45,44,42,44,44,44,46,45,40,43,44,43,51,73,102,126,147,159,164,168,166,162,168,174,170,168,167,168,169,174,176,176,174,175,173,172,172,172,173,175,175,175,174,174,172,173,170,169,168,167,168,169,166,160,148,125,117,86,48,34,31,26,27,28,28,30,30,30,28,31,31,35,54,87,110,137,153,158,157,153,136,122,123,127,136,147,155,162,166,167,169,172,173,168,162,160,162,165,167,169,169,170,169,168,171,173,172,175,170,160,147,135,117,91,71,56,58,55,44,46,46,40,44,44,45,51,54,54,52,50,49,44,48,53,61,77,97,113,123,129,127,122,0,0,0,0,0,0,0,0,0,0,0,0,0,0,0,0,0,0,0,0,0,0,0,0,0,0,0,0,0,0,0,0,0,0,0,0,0,0,0,0,0,0,0,0,0,0,0,0,0,0,0,0,0,0,0,0,0
0,0,0,0,0,0,0,0,0,0,0,0,0,0,0,0,0,0,0,0,0,0,0,0,0,0,0,0,0,0,0,0,0,0,0,0,0,0,0,0,0,0,0,0,0,0,0,0,0,0,0,0,0,0,0,0,0,104,127,141,142,127,98,71,53,46,47,46,41,45,44,43,41,40,45,45,45,45,45,46,46,46,46,43,43,42,45,63,90,119,142,159,166,165,167,166,165,171,175,170,168,167,167,169,172,174,176,178,174,174,172,170,169,171,172,173,173,173,173,172,172,170,169,168,168,168,169,167,167,152,124,115,88,53,36,31,29,29,30,30,30,32,30,28,32,31,34,56,91,113,137,150,154,150,145,132,115,116,123,135,146,156,166,168,169,173,175,176,170,162,158,158,163,166,169,169,176,172,168,170,174,175,178,174,164,151,141,127,107,82,62,62,53,50,52,49,50,45,45,42,48,56,60,56,53,51,44,46,48,52,66,84,104,122,129,129,121,0,0,0,0,0,0,0,0,0,0,0,0,0,0,0,0,0,0,0,0,0,0,0,0,0,0,0,0,0,0,0,0,0,0,0,0,0,0,0,0,0,0,0,0,0,0,0,0,0,0,0,0,0,0,0,0,0
0,0,0,0,0,0,0,0,0,0,0,0,0,0,0,0,0,0,0,0,0,0,0,0,0,0,0,0,0,0,0,0,0,0,0,0,0,0,0,0,0,0,0,0,0,0,0,0,0,0,0,0,0,0,0,0,93,118,132,139,135,116,83,63,48,43,45,44,40,46,46,46,45,43,44,43,45,50,47,51,51,48,48,49,45,41,52,79,107,131,152,166,168,167,168,165,165,167,172,173,169,168,167,171,172,175,177,177,175,174,173,172,170,171,172,173,173,173,173,172,172,170,169,168,168,168,168,170,175,154,124,113,89,55,37,30,30,29,31,32,31,32,30,29,34,34,37,61,95,116,133,146,153,149,146,139,122,122,132,141,147,158,169,169,170,174,175,175,168,160,156,155,164,167,168,165,174,171,168,170,175,175,174,175,170,160,151,139,121,92,68,61,53,53,56,54,52,50,48,42,46,55,60,57,53,51,44,44,44,46,58,73,95,118,121,127,122,118,0,0,0,0,0,0,0,0,0,0,0,0,0,0,0,0,0,0,0,0,0,0,0,0,0,0,0,0,0,0,0,0,0,0,0,0,0,0,0,0,0,0,0,0,0,0,0,0,0,0,0,0,0,0,0,0
0,0,0,0,0,0,0,0,0,0,0,0,0,0,0,0,0,0,0,0,0,0,0,0,0,0,0,0,0,0,0,0,0,0,0,0,0,0,0,0,0,0,0,0,0,0,0,0,0,0,0,0,0,0,0,73,108,131,139,132,122,103,70,52,46,44,41,42,43,43,44,44,46,44,42,42,44,49,46,50,51,51,50,50,46,49,71,98,126,145,157,165,169,170,169,170,166,168,168,167,170,169,168,171,174,177,177,177,177,174,173,173,170,172,172,173,173,173,173,172,172,170,170,169,168,168,168,173,177,152,129,112,93,59,38,30,29,30,32,32,32,32,29,29,35,35,41,66,98,117,137,152,160,160,159,153,139,137,145,149,150,158,166,167,168,168,171,172,167,160,158,157,169,171,168,164,168,168,170,171,175,173,169,172,172,167,162,151,131,104,83,75,56,50,52,55,58,53,52,45,45,50,53,51,47,47,47,46,43,42,49,63,84,111,111,123,125,125,0,0,0,0,0,0,0,0,0,0,0,0,0,0,0,0,0,0,0,0,0,0,0,0,0,0,0,0,0,0,0,0,0,0,0,0,0,0,0,0,0,0,0,0,0,0,0,0,0,0,0,0,0,0,0,0
0,0,0,0,0,0,0,0,0,0,0,0,0,0,0,0,0,0,0,0,0,0,0,0,0,0,0,0,0,0,0,0,0,0,0,0,0,0,0,0,0,0,0,0,0,0,0,0,0,0,0,0,0,0,0,94,124,140,141,123,103,86,58,46,45,44,37,39,43,42,42,42,45,46,43,46,47,47,45,45,48,52,49,47,47,61,90,113,141,158,160,164,170,170,171,169,167,168,169,170,170,172,170,169,174,177,178,177,177,173,173,173,171,173,173,174,174,173,173,172,172,170,170,169,168,168,167,171,174,148,132,113,97,64,42,32,30,33,34,30,32,34,33,31,35,36,44,69,101,118,142,158,165,167,166,161,150,146,151,151,150,156,162,165,168,167,167,169,168,164,164,162,174,174,173,170,169,172,174,173,176,174,169,169,172,171,172,162,141,119,100,85,70,68,58,56,56,54,51,49,48,47,42,39,39,44,48,48,43,41,44,57,74,101,108,121,128,125,118,0,0,0,0,0,0,0,0,0,0,0,0,0,0,0,0,0,0,0,0,0,0,0,0,0,0,0,0,0,0,0,0,0,0,0,0,0,0,0,0,0,0,0,0,0,0,0,0,0,0,0,0,0,0,0
0,0,0,0,0,0,0,0,0,0,0,0,0,0,0,0,0,0,0,0,0,0,0,0,0,0,0,0,0,0,0,0,0,0,0,0,0,0,0,0,0,0,0,0,0,0,0,0,0,0,0,0,0,0,89,107,128,141,128,108,85,57,48,45,44,45,38,42,45,44,44,41,44,47,45,48,49,46,42,40,49,52,42,35,42,74,106,130,155,169,165,166,170,169,168,167,169,167,168,169,169,169,169,172,175,176,177,177,175,174,174,173,172,172,173,173,173,173,172,172,172,171,170,170,170,169,168,163,169,152,137,117,106,66,43,37,35,31,33,29,31,33,33,34,35,36,44,70,97,120,141,162,168,169,171,164,156,152,152,149,153,159,162,166,168,167,167,169,169,166,167,167,173,174,175,182,177,175,180,175,172,178,172,172,171,170,176,167,146,131,118,105,84,81,67,64,65,61,57,52,55,51,43,39,42,43,47,49,46,45,44,49,60,78,104,119,125,127,126,118,0,0,0,0,0,0,0,0,0,0,0,0,0,0,0,0,0,0,0,0,0,0,0,0,0,0,0,0,0,0,0,0,0,0,0,0,0,0,0,0,0,0,0,0,0,0,0,0,0,0,0,0,0,0
0,0,0,0,0,0,0,0,0,0,0,0,0,0,0,0,0,0,0,0,0,0,0,0,0,0,0,0,0,0,0,0,0,0,0,0,0,0,0,0,0,0,0,0,0,0,0,0,0,0,0,0,0,83,99,122,134,135,121,95,70,52,42,46,46,44,44,43,42,44,42,40,42,46,44,44,45,45,43,42,49,54,50,50,64,98,127,147,161,168,166,166,167,168,167,166,168,167,166,171,168,169,170,172,175,177,177,177,176,174,174,174,173,173,173,173,173,173,172,172,172,172,170,169,170,169,166,167,171,161,141,123,109,69,44,39,37,33,35,28,30,35,35,34,35,34,45,71,100,124,145,160,168,172,173,166,160,157,152,153,156,158,162,165,166,166,166,168,168,165,164,165,171,173,174,181,180,179,183,178,176,180,175,169,170,173,176,169,154,140,126,114,81,73,66,61,65,66,60,53,54,55,51,47,46,46,49,51,50,49,45,44,48,60,92,109,122,128,129,125,0,0,0,0,0,0,0,0,0,0,0,0,0,0,0,0,0,0,0,0,0,0,0,0,0,0,0,0,0,0,0,0,0,0,0,0,0,0,0,0,0,0,0,0,0,0,0,0,0,0,0,0,0,0
0,0,0,0,0,0,0,0,0,0,0,0,0,0,0,0,0,0,0,0,0,0,0,0,0,0,0,0,0,0,0,0,0,0,0,0,0,0,0,0,0,0,0,0,0,0,0,0,0,0,0,0,0,96,115,140,139,126,110,81,57,49,43,44,45,43,44,44,46,47,44,40,40,43,44,41,41,42,48,45,47,54,59,68,88,120,145,161,164,163,164,166,166,169,168,168,167,165,166,170,169,173,170,171,173,176,177,177,176,175,174,174,173,173,173,173,173,173,172,172,172,172,170,170,170,170,166,170,174,163,139,125,110,72,44,41,38,29,31,26,31,35,34,34,35,36,49,75,104,128,151,160,166,169,168,166,166,165,160,158,159,160,162,167,169,164,159,163,164,162,162,163,167,168,165,172,178,180,182,179,178,181,177,168,171,176,174,173,165,151,135,114,85,76,68,59,63,58,55,51,50,52,50,50,48,48,50,51,52,50,44,43,44,48,80,101,119,126,126,125,114,0,0,0,0,0,0,0,0,0,0,0,0,0,0,0,0,0,0,0,0,0,0,0,0,0,0,0,0,0,0,0,0,0,0,0,0,0,0,0,0,0,0,0,0,0,0,0,0,0,0,0,0,0
0,0,0,0,0,0,0,0,0,0,0,0,0,0,0,0,0,0,0,0,0,0,0,0,0,0,0,0,0,0,0,0,0,0,0,0,0,0,0,0,0,0,0,0,0,0,0,0,0,0,0,0,84,107,133,149,137,113,94,70,50,47,44,40,44,46,45,46,50,46,45,42,41,45,49,47,44,46,50,44,41,48,63,82,106,131,156,169,168,162,163,167,167,168,167,172,172,172,175,170,171,171,169,170,172,175,177,177,175,175,174,174,173,173,173,173,173,172,173,171,170,170,170,170,170,168,165,168,177,160,140,126,110,75,48,43,37,26,29,27,33,35,31,32,33,38,53,78,105,127,152,161,169,168,167,171,174,172,167,162,161,162,162,166,167,161,154,158,160,160,159,160,162,162,158,164,174,176,177,177,177,179,176,170,174,177,172,175,173,159,143,117,95,81,69,57,56,53,51,52,49,44,43,48,49,48,49,48,50,51,44,43,46,48,69,93,115,122,123,123,118,0,0,0,0,0,0,0,0,0,0,0,0,0,0,0,0,0,0,0,0,0,0,0,0,0,0,0,0,0,0,0,0,0,0,0,0,0,0,0,0,0,0,0,0,0,0,0,0,0,0,0,0,0
0,0,0,0,0,0,0,0,0,0,0,0,0,0,0,0,0,0,0,0,0,0,0,0,0,0,0,0,0,0,0,0,0,0,0,0,0,0,0,0,0,0,0,0,0,0,0,0,0,0,0,0,103,126,143,146,124,96,77,61,48,46,43,42,43,45,47,46,46,46,45,45,43,43,46,46,46,49,50,44,42,52,73,99,124,144,161,170,169,165,166,168,168,168,169,172,170,169,172,165,169,171,172,171,172,175,176,176,175,174,174,173,173,173,173,173,173,172,173,171,170,170,171,172,171,168,164,161,174,155,139,123,106,80,54,43,35,26,31,29,36,36,33,34,35,43,59,84,108,129,152,163,172,169,168,174,174,172,168,168,165,163,162,160,159,158,152,155,157,156,154,154,156,157,159,163,173,176,175,176,178,178,175,171,176,176,173,176,176,164,148,123,111,87,68,58,52,51,56,58,50,41,41,48,49,46,46,43,49,51,44,42,46,51,62,85,105,115,122,126,124,113,0,0,0,0,0,0,0,0,0,0,0,0,0,0,0,0,0,0,0,0,0,0,0,0,0,0,0,0,0,0,0,0,0,0,0,0,0,0,0,0,0,0,0,0,0,0,0,0,0,0,0,0
0,0,0,0,0,0,0,0,0,0,0,0,0,0,0,0,0,0,0,0,0,0,0,0,0,0,0,0,0,0,0,0,0,0,0,0,0,0,0,0,0,0,0,0,0,0,0,0,0,0,0,92,127,148,146,137,111,84,65,56,49,46,45,45,43,43,44,45,45,48,50,50,45,43,46,48,49,51,51,47,51,64,85,113,140,158,164,167,169,169,170,169,168,168,170,172,172,171,171,168,168,173,174,173,173,174,175,175,175,174,174,173,173,173,173,173,173,172,172,172,172,172,172,172,171,169,166,160,171,156,142,123,106,89,57,42,33,26,36,34,40,35,32,33,36,47,64,89,111,130,155,165,174,170,170,174,173,173,170,169,165,163,159,154,154,154,149,152,155,154,151,151,154,158,162,165,174,176,175,176,179,178,175,173,175,176,177,176,176,167,156,135,126,97,73,67,54,51,55,57,51,43,44,48,47,44,42,42,47,46,42,46,51,52,58,77,96,109,121,128,129,121,0,0,0,0,0,0,0,0,0,0,0,0,0,0,0,0,0,0,0,0,0,0,0,0,0,0,0,0,0,0,0,0,0,0,0,0,0,0,0,0,0,0,0,0,0,0,0,0,0,0,0,0
0,0,0,0,0,0,0,0,0,0,0,0,0,0,0,0,0,0,0,0,0,0,0,0,0,0,0,0,0,0,0,0,0,0,0,0,0,0,0,0,0,0,0,0,0,0,0,0,0,0,79,112,139,151,140,122,100,78,56,50,49,45,46,45,44,44,42,44,45,46,48,47,45,46,49,50,49,48,47,46,58,76,97,123,148,166,169,169,170,171,170,169,167,167,169,171,173,171,171,169,168,172,174,174,173,174,175,175,175,173,173,173,173,173,173,173,173,172,171,172,172,172,171,172,171,169,164,164,169,163,146,125,106,90,58,43,33,28,41,39,43,35,31,31,37,51,71,96,119,137,153,162,172,171,172,175,171,171,170,167,162,161,157,152,151,149,146,149,154,156,154,154,155,161,164,166,173,176,175,176,180,178,175,174,175,176,178,176,174,169,160,152,138,115,95,80,57,50,50,54,50,49,49,50,46,43,44,45,47,42,39,48,53,49,49,66,85,102,115,125,129,124,117,0,0,0,0,0,0,0,0,0,0,0,0,0,0,0,0,0,0,0,0,0,0,0,0,0,0,0,0,0,0,0,0,0,0,0,0,0,0,0,0,0,0,0,0,0,0,0,0,0,0,0
0,0,0,0,0,0,0,0,0,0,0,0,0,0,0,0,0,0,0,0,0,0,0,0,0,0,0,0,0,0,0,0,0,0,0,0,0,0,0,0,0,0,0,0,0,0,0,0,0,0,97,126,139,137,124,101,86,71,46,43,48,44,46,46,45,42,41,43,45,45,46,45,45,46,47,46,44,44,39,42,66,93,115,136,154,167,168,169,170,169,168,168,168,167,169,172,173,169,171,168,172,172,174,174,174,174,175,175,174,173,173,173,172,172,173,173,172,172,173,172,172,172,172,173,172,170,166,172,170,167,150,128,110,92,60,42,32,29,44,39,41,35,30,30,37,52,73,99,125,143,159,165,175,173,172,174,169,168,168,169,163,161,160,153,149,148,145,147,151,155,155,155,155,160,165,168,173,176,175,176,181,178,175,176,175,176,177,175,173,170,164,158,143,129,103,82,63,51,47,52,50,53,53,53,45,40,47,49,51,44,39,42,45,43,42,53,71,92,106,121,130,127,123,0,0,0,0,0,0,0,0,0,0,0,0,0,0,0,0,0,0,0,0,0,0,0,0,0,0,0,0,0,0,0,0,0,0,0,0,0,0,0,0,0,0,0,0,0,0,0,0,0,0,0
0,0,0,0,0,0,0,0,0,0,0,0,0,0,0,0,0,0,0,0,0,0,0,0,0,0,0,0,0,0,0,0,0,0,0,0,0,0,0,0,0,0,0,0,0,0,0,0,0,94,113,131,142,132,105,80,57,44,41,47,50,46,47,46,44,42,41,41,43,45,49,48,47,47,47,44,44,43,42,57,87,114,135,154,165,169,169,168,168,166,165,165,166,168,169,172,172,170,172,171,171,174,174,174,174,174,174,174,174,173,172,174,171,172,172,172,172,172,172,172,172,172,172,173,172,173,173,169,169,167,150,133,116,92,63,43,32,30,43,35,39,35,32,33,44,58,75,103,128,150,166,172,181,166,170,167,171,174,169,170,165,162,162,153,146,148,143,145,152,155,155,155,156,162,167,168,173,175,175,176,179,177,175,175,175,175,176,176,174,173,174,160,143,133,113,90,69,50,50,49,49,53,56,50,45,44,47,49,50,48,43,44,45,43,47,55,73,87,103,117,123,120,126,116,0,0,0,0,0,0,0,0,0,0,0,0,0,0,0,0,0,0,0,0,0,0,0,0,0,0,0,0,0,0,0,0,0,0,0,0,0,0,0,0,0,0,0,0,0,0,0,0,0,0
0,0,0,0,0,0,0,0,0,0,0,0,0,0,0,0,0,0,0,0,0,0,0,0,0,0,0,0,0,0,0,0,0,0,0,0,0,0,0,0,0,0,0,0,0,0,0,0,79,110,132,140,140,126,90,68,52,42,40,45,48,46,48,45,42,42,42,41,42,45,47,49,51,50,48,43,39,36,50,70,101,127,147,163,170,170,169,169,169,167,166,166,167,168,169,172,172,169,170,171,172,173,174,174,174,174,173,175,174,173,173,173,170,172,172,172,172,172,172,172,172,171,173,174,172,171,174,176,169,170,154,134,121,92,63,41,32,32,43,35,38,34,31,32,38,53,76,110,130,149,167,175,184,179,173,175,161,166,167,166,167,166,159,153,148,142,139,143,150,153,156,156,157,165,168,169,173,174,175,175,177,176,175,175,175,175,176,176,174,173,173,163,154,142,125,102,76,56,49,49,55,57,53,49,51,50,46,46,49,48,43,43,46,47,47,54,67,79,91,104,116,119,126,122,0,0,0,0,0,0,0,0,0,0,0,0,0,0,0,0,0,0,0,0,0,0,0,0,0,0,0,0,0,0,0,0,0,0,0,0,0,0,0,0,0,0,0,0,0,0,0,0,0,0
0,0,0,0,0,0,0,0,0,0,0,0,0,0,0,0,0,0,0,0,0,0,0,0,0,0,0,0,0,0,0,0,0,0,0,0,0,0,0,0,0,0,0,0,0,0,0,0,94,124,146,147,135,113,75,57,50,44,40,42,43,43,44,45,44,45,45,41,40,41,44,49,53,53,49,44,39,36,65,90,117,139,156,164,167,168,170,170,169,166,166,168,170,171,171,173,173,169,169,172,174,173,174,174,174,174,173,174,174,173,173,172,170,172,173,172,172,173,172,172,172,171,172,172,171,172,171,169,170,168,153,135,113,92,68,41,29,28,36,30,34,33,30,30,36,56,83,116,133,155,166,173,180,179,176,180,160,164,165,162,169,168,155,151,149,138,138,143,149,153,157,157,157,165,169,170,173,173,175,175,176,176,175,175,175,175,175,175,175,174,171,167,165,150,133,111,82,64,51,50,58,55,46,47,51,50,47,48,52,49,43,39,42,43,43,46,53,65,79,93,110,122,127,125,114,0,0,0,0,0,0,0,0,0,0,0,0,0,0,0,0,0,0,0,0,0,0,0,0,0,0,0,0,0,0,0,0,0,0,0,0,0,0,0,0,0,0,0,0,0,0,0,0,0
0,0,0,0,0,0,0,0,0,0,0,0,0,0,0,0,0,0,0,0,0,0,0,0,0,0,0,0,0,0,0,0,0,0,0,0,0,0,0,0,0,0,0,0,0,0,0,94,112,132,149,141,116,92,61,50,47,46,44,43,41,41,43,47,46,44,43,42,40,40,44,50,53,53,51,48,47,50,85,112,134,151,162,163,164,168,169,170,169,166,167,170,171,173,171,172,172,169,169,172,174,173,174,174,174,174,175,174,173,174,173,172,170,172,172,172,171,171,170,170,171,171,171,170,170,173,173,173,173,169,154,136,116,96,68,40,29,30,36,31,34,33,31,30,39,62,89,119,132,155,165,170,170,168,174,176,165,166,167,165,167,161,151,148,147,142,144,148,155,159,163,164,165,170,170,171,173,173,175,175,176,176,175,175,175,175,175,175,175,174,171,173,173,159,139,117,91,75,57,53,54,47,45,50,52,49,47,50,53,50,45,42,42,43,45,44,46,58,72,84,104,120,128,130,120,0,0,0,0,0,0,0,0,0,0,0,0,0,0,0,0,0,0,0,0,0,0,0,0,0,0,0,0,0,0,0,0,0,0,0,0,0,0,0,0,0,0,0,0,0,0,0,0,0
0,0,0,0,0,0,0,0,0,0,0,0,0,0,0,0,0,0,0,0,0,0,0,0,0,0,0,0,0,0,0,0,0,0,0,0,0,0,0,0,0,0,0,0,0,0,0,108,126,137,141,122,89,70,54,47,44,45,47,43,41,40,43,47,46,43,43,43,42,41,45,48,47,46,47,52,61,76,102,130,147,160,167,166,165,169,168,169,169,168,169,171,170,171,169,169,170,169,168,171,173,173,174,173,174,173,178,173,173,176,173,172,170,170,169,170,169,169,170,168,169,172,174,173,170,171,174,178,177,171,155,137,119,93,67,40,32,34,38,35,35,32,30,31,45,66,94,123,133,147,155,158,153,152,159,165,166,167,167,170,165,155,153,147,140,144,144,148,155,160,164,168,170,171,170,172,173,173,175,175,176,176,175,175,175,175,175,175,175,174,172,176,177,167,150,129,106,89,67,56,50,45,48,53,51,47,47,50,49,47,46,44,42,47,47,46,46,56,65,74,95,116,125,131,124,110,0,0,0,0,0,0,0,0,0,0,0,0,0,0,0,0,0,0,0,0,0,0,0,0,0,0,0,0,0,0,0,0,0,0,0,0,0,0,0,0,0,0,0,0,0,0,0,0
0,0,0,0,0,0,0,0,0,0,0,0,0,0,0,0,0,0,0,0,0,0,0,0,0,0,0,0,0,0,0,0,0,0,0,0,0,0,0,0,0,0,0,0,0,0,89,119,138,140,130,104,71,57,51,47,43,45,48,42,41,41,42,44,44,45,47,46,44,42,44,45,42,41,43,54,71,94,113,141,155,163,168,169,167,167,167,168,168,168,170,171,170,171,169,169,169,169,169,171,172,172,173,173,174,173,178,173,173,177,171,170,169,168,167,168,166,165,167,165,166,170,174,173,170,170,172,173,180,173,158,144,120,94,68,42,34,35,38,34,32,29,27,32,51,71,97,125,131,139,141,140,144,144,146,156,164,165,162,167,160,151,151,143,133,141,144,149,156,160,164,169,172,171,170,171,172,173,175,175,176,176,175,175,175,175,175,175,175,174,173,174,174,172,160,143,122,101,78,59,50,48,50,51,50,47,49,50,47,46,47,45,42,48,46,44,44,50,56,65,88,111,116,127,125,118,0,0,0,0,0,0,0,0,0,0,0,0,0,0,0,0,0,0,0,0,0,0,0,0,0,0,0,0,0,0,0,0,0,0,0,0,0,0,0,0,0,0,0,0,0,0,0,0
0,0,0,0,0,0,0,0,0,0,0,0,0,0,0,0,0,0,0,0,0,0,0,0,0,0,0,0,0,0,0,0,0,0,0,0,0,0,0,0,0,0,0,0,0,93,104,130,144,139,118,90,63,48,47,42,43,47,48,43,43,45,44,43,42,45,47,46,46,47,46,47,45,44,47,58,77,103,128,152,164,167,168,169,166,165,168,168,167,168,171,172,171,172,169,169,169,170,169,170,171,172,173,173,174,174,176,173,174,176,171,169,168,168,166,166,163,160,160,158,160,163,167,168,168,169,170,170,177,175,158,146,123,98,68,42,37,36,39,34,31,28,28,35,57,79,101,125,123,129,133,131,139,140,142,147,154,153,154,153,148,142,141,137,133,140,145,150,157,161,165,169,171,171,170,171,172,173,175,175,176,177,175,175,175,175,175,175,175,174,173,171,171,173,166,155,137,115,89,68,55,52,50,50,52,49,48,47,46,46,48,45,42,49,47,44,42,45,47,57,79,103,108,123,126,125,116,0,0,0,0,0,0,0,0,0,0,0,0,0,0,0,0,0,0,0,0,0,0,0,0,0,0,0,0,0,0,0,0,0,0,0,0,0,0,0,0,0,0,0,0,0,0,0
0,0,0,0,0,0,0,0,0,0,0,0,0,0,0,0,0,0,0,0,0,0,0,0,0,0,0,0,0,0,0,0,0,0,0,0,0,0,0,0,0,0,0,0,0,113,120,135,140,129,102,76,58,44,44,38,43,49,47,41,42,45,46,44,43,44,45,45,47,50,52,52,49,47,51,66,89,119,141,161,172,174,171,169,165,164,168,168,167,168,172,172,170,171,169,169,169,169,168,170,170,171,172,173,174,175,174,174,175,175,172,169,169,169,167,165,159,156,155,154,156,158,164,168,168,168,168,170,177,177,157,147,123,97,72,45,38,36,37,32,29,28,29,38,62,85,107,129,122,125,128,126,126,128,130,136,140,140,142,137,139,138,134,135,137,139,145,152,158,164,169,172,173,174,170,171,173,173,175,175,176,176,175,175,175,175,175,175,175,174,172,169,171,173,170,161,147,125,99,80,61,52,48,48,50,47,46,45,46,44,45,43,41,45,44,41,42,43,42,50,70,95,101,117,123,126,120,0,0,0,0,0,0,0,0,0,0,0,0,0,0,0,0,0,0,0,0,0,0,0,0,0,0,0,0,0,0,0,0,0,0,0,0,0,0,0,0,0,0,0,0,0,0,0
0,0,0,0,0,0,0,0,0,0,0,0,0,0,0,0,0,0,0,0,0,0,0,0,0,0,0,0,0,0,0,0,0,0,0,0,0,0,0,0,0,0,0,0,101,128,142,138,127,112,91,55,35,39,40,41,45,49,45,40,41,43,45,46,46,45,44,45,47,49,52,57,54,54,67,88,112,127,152,165,177,174,170,171,166,165,169,167,166,169,173,173,172,171,171,169,169,170,168,169,170,170,172,173,174,175,175,175,175,175,174,173,171,170,170,166,160,156,155,156,160,160,164,167,165,166,166,167,174,178,157,144,117,89,72,49,39,35,34,33,28,28,25,37,61,86,109,130,126,134,133,120,113,115,121,127,132,130,135,134,135,137,138,139,142,145,147,155,160,164,169,174,175,176,183,182,177,173,171,173,173,175,175,174,174,175,176,175,175,174,173,170,175,173,170,164,153,132,113,90,70,57,47,45,47,44,43,47,46,43,43,42,40,42,42,43,40,43,45,49,61,78,99,113,124,127,123,117,0,0,0,0,0,0,0,0,0,0,0,0,0,0,0,0,0,0,0,0,0,0,0,0,0,0,0,0,0,0,0,0,0,0,0,0,0,0,0,0,0,0,0,0,0,0
0,0,0,0,0,0,0,0,0,0,0,0,0,0,0,0,0,0,0,0,0,0,0,0,0,0,0,0,0,0,0,0,0,0,0,0,0,0,0,0,0,0,0,89,120,141,149,137,117,92,65,44,36,38,40,44,46,48,45,41,41,43,44,47,47,45,43,43,43,45,42,50,52,59,82,105,125,143,163,167,173,175,172,172,168,167,168,167,166,169,173,173,173,172,171,169,169,170,169,168,169,169,173,173,175,177,174,175,175,174,175,175,172,173,169,167,162,161,161,162,168,167,167,168,166,166,167,165,173,176,157,147,119,95,74,51,40,36,33,32,26,25,28,40,59,79,106,134,140,138,133,119,113,115,116,126,134,131,134,133,135,138,138,140,145,151,153,160,165,168,172,174,175,176,181,181,177,174,173,174,173,174,175,174,173,173,173,173,173,173,170,172,178,175,170,168,160,142,125,101,79,61,47,43,44,44,45,49,48,44,43,42,41,42,42,41,41,45,48,51,52,61,89,105,119,129,130,124,0,0,0,0,0,0,0,0,0,0,0,0,0,0,0,0,0,0,0,0,0,0,0,0,0,0,0,0,0,0,0,0,0,0,0,0,0,0,0,0,0,0,0,0,0,0
0,0,0,0,0,0,0,0,0,0,0,0,0,0,0,0,0,0,0,0,0,0,0,0,0,0,0,0,0,0,0,0,0,0,0,0,0,0,0,0,0,0,0,108,128,139,141,123,97,71,48,41,40,40,42,46,45,44,44,44,44,45,44,48,48,44,40,40,41,44,43,49,55,67,93,116,135,155,170,169,166,167,172,176,172,167,168,168,169,171,173,173,173,172,172,169,169,170,168,168,169,170,174,174,175,177,171,175,176,174,176,175,173,174,170,168,166,166,165,163,168,168,166,168,167,165,168,166,173,171,158,159,135,111,78,52,39,36,33,34,28,29,30,41,63,87,111,130,148,150,143,132,125,129,136,143,142,138,140,137,134,133,134,140,150,158,158,165,170,172,173,173,173,175,179,179,177,175,174,175,174,174,172,172,171,170,169,170,170,171,173,171,172,174,172,173,164,150,138,119,97,74,54,47,48,48,47,51,50,46,47,48,48,48,48,46,44,45,48,49,50,52,79,97,110,121,127,124,113,0,0,0,0,0,0,0,0,0,0,0,0,0,0,0,0,0,0,0,0,0,0,0,0,0,0,0,0,0,0,0,0,0,0,0,0,0,0,0,0,0,0,0,0,0
0,0,0,0,0,0,0,0,0,0,0,0,0,0,0,0,0,0,0,0,0,0,0,0,0,0,0,0,0,0,0,0,0,0,0,0,0,0,0,0,0,0,98,120,130,132,130,110,82,56,43,43,44,43,44,45,43,41,44,47,48,47,46,50,49,47,43,42,44,49,46,50,63,83,104,125,147,166,168,174,166,162,169,175,172,170,169,170,172,173,173,173,174,171,171,169,170,169,168,168,169,170,173,173,175,178,173,176,177,175,177,175,174,173,173,170,170,168,167,164,166,166,164,167,169,170,171,166,172,175,163,160,136,115,82,51,35,33,30,34,32,33,32,40,66,92,115,130,154,161,157,151,147,154,163,164,154,149,151,146,140,137,138,148,159,164,164,169,173,175,175,175,174,175,177,177,177,176,176,176,175,175,175,174,173,173,173,173,174,174,176,172,171,174,172,172,166,156,144,131,112,88,63,52,52,49,46,49,48,46,48,50,51,51,49,50,46,47,47,45,50,48,73,89,101,111,120,123,117,0,0,0,0,0,0,0,0,0,0,0,0,0,0,0,0,0,0,0,0,0,0,0,0,0,0,0,0,0,0,0,0,0,0,0,0,0,0,0,0,0,0,0,0,0
0,0,0,0,0,0,0,0,0,0,0,0,0,0,0,0,0,0,0,0,0,0,0,0,0,0,0,0,0,0,0,0,0,0,0,0,0,0,0,0,0,79,112,134,139,130,117,99,72,46,37,42,45,43,43,42,42,42,44,47,47,46,46,49,51,52,51,50,52,58,52,56,70,95,118,139,164,179,169,174,166,161,166,170,169,169,169,172,173,173,173,174,175,172,172,172,175,173,173,174,174,172,172,174,178,181,180,180,179,177,176,175,175,174,174,172,172,168,168,167,168,165,163,165,170,174,176,168,168,172,159,150,129,113,84,50,34,31,27,36,38,36,37,41,67,94,120,137,156,165,167,162,168,174,175,175,171,163,159,153,147,145,147,156,165,168,169,173,175,175,176,177,176,176,175,175,176,177,177,177,177,176,176,176,175,175,175,175,175,175,175,174,174,174,171,170,167,160,150,139,122,100,71,54,54,49,48,48,47,47,49,49,49,49,47,49,46,48,48,46,49,45,68,79,92,106,118,125,124,117,0,0,0,0,0,0,0,0,0,0,0,0,0,0,0,0,0,0,0,0,0,0,0,0,0,0,0,0,0,0,0,0,0,0,0,0,0,0,0,0,0,0,0,0
0,0,0,0,0,0,0,0,0,0,0,0,0,0,0,0,0,0,0,0,0,0,0,0,0,0,0,0,0,0,0,0,0,0,0,0,0,0,0,0,0,99,127,144,141,121,104,82,60,41,35,42,47,43,43,41,42,43,43,45,45,45,48,51,53,58,62,64,67,75,64,74,88,113,137,153,167,173,168,169,164,162,164,168,170,168,170,173,173,172,173,174,175,172,171,172,175,171,172,174,174,172,171,173,176,178,179,178,176,175,173,175,174,174,173,172,171,167,166,166,167,165,165,166,169,173,179,175,168,165,151,143,125,107,84,53,38,32,26,37,40,36,39,43,70,100,127,143,157,165,167,165,173,175,173,177,180,173,171,166,161,159,160,164,171,175,172,174,175,174,174,176,175,174,173,174,177,179,180,179,179,177,177,177,177,177,177,177,176,175,175,174,173,174,172,169,167,162,154,144,131,112,79,56,54,53,49,48,46,46,47,46,45,47,50,51,50,48,47,48,48,48,61,70,86,103,117,129,131,124,0,0,0,0,0,0,0,0,0,0,0,0,0,0,0,0,0,0,0,0,0,0,0,0,0,0,0,0,0,0,0,0,0,0,0,0,0,0,0,0,0,0,0,0
0,0,0,0,0,0,0,0,0,0,0,0,0,0,0,0,0,0,0,0,0,0,0,0,0,0,0,0,0,0,0,0,0,0,0,0,0,0,0,0,94,120,138,144,131,111,91,68,50,40,36,43,47,44,42,41,42,43,43,44,44,45,50,53,55,63,72,78,84,92,83,98,111,130,152,164,166,165,165,168,169,167,164,168,171,172,172,173,172,172,173,174,174,171,171,172,174,170,172,174,173,172,173,175,177,176,176,175,174,173,171,174,173,173,173,171,169,166,163,163,164,166,168,169,169,170,176,175,170,166,151,139,119,99,77,51,40,34,29,34,36,36,36,47,75,104,132,152,165,166,167,167,170,170,173,178,177,177,175,175,174,172,170,170,173,175,174,175,174,174,174,175,174,173,172,173,177,179,181,180,179,177,176,176,175,175,175,175,175,175,175,174,173,176,173,170,169,166,156,149,141,122,92,67,57,55,52,49,47,47,48,47,47,49,50,51,52,49,45,46,45,47,53,61,79,99,115,131,136,130,122,0,0,0,0,0,0,0,0,0,0,0,0,0,0,0,0,0,0,0,0,0,0,0,0,0,0,0,0,0,0,0,0,0,0,0,0,0,0,0,0,0,0,0
0,0,0,0,0,0,0,0,0,0,0,0,0,0,0,0,0,0,0,0,0,0,0,0,0,0,0,0,0,0,0,0,0,0,0,0,0,0,0,0,113,131,138,134,113,96,73,57,47,40,37,44,45,43,42,42,42,43,44,44,43,45,48,51,55,64,75,84,91,100,87,107,125,141,162,174,171,164,165,169,171,169,167,168,169,173,172,173,171,172,174,174,173,171,171,171,174,170,172,173,172,170,172,174,176,174,172,172,172,170,172,173,173,172,174,169,168,164,161,161,164,167,167,168,168,168,171,171,167,165,153,145,128,110,83,58,48,40,31,26,24,29,36,54,85,114,139,155,170,167,168,167,165,166,172,174,169,172,173,177,179,175,172,173,174,173,174,174,174,174,174,174,174,173,172,172,176,179,180,178,177,174,174,174,173,172,172,173,174,174,174,175,173,174,172,173,171,166,162,157,150,131,108,86,65,56,53,50,47,47,47,46,47,50,50,51,48,47,43,42,42,44,49,54,71,92,110,125,131,130,126,0,0,0,0,0,0,0,0,0,0,0,0,0,0,0,0,0,0,0,0,0,0,0,0,0,0,0,0,0,0,0,0,0,0,0,0,0,0,0,0,0,0,0
0,0,0,0,0,0,0,0,0,0,0,0,0,0,0,0,0,0,0,0,0,0,0,0,0,0,0,0,0,0,0,0,0,0,0,0,0,0,0,97,125,139,138,121,103,85,50,46,43,42,42,43,44,43,42,42,42,43,44,44,45,45,44,44,54,66,83,94,95,97,119,126,136,163,177,172,170,168,168,169,169,168,167,168,169,170,172,172,170,171,173,174,173,171,169,171,171,170,170,172,172,170,170,172,172,170,168,168,169,169,171,171,174,172,171,172,167,165,161,161,165,169,169,167,168,167,168,167,167,165,161,156,145,122,89,63,48,43,34,23,20,23,28,55,90,120,140,156,166,166,167,171,172,170,174,174,172,174,172,175,179,174,171,172,174,175,174,174,173,174,174,174,174,173,174,174,173,175,175,174,174,171,171,173,174,174,170,174,176,174,174,174,168,171,174,175,171,169,165,161,154,137,123,97,68,59,50,46,46,48,45,44,47,48,50,50,44,49,44,41,42,44,47,50,60,79,100,114,124,129,127,113,0,0,0,0,0,0,0,0,0,0,0,0,0,0,0,0,0,0,0,0,0,0,0,0,0,0,0,0,0,0,0,0,0,0,0,0,0,0,0,0,0,0
0,0,0,0,0,0,0,0,0,0,0,0,0,0,0,0,0,0,0,0,0,0,0,0,0,0,0,0,0,0,0,0,0,0,0,0,0,0,83,112,134,142,135,113,89,71,45,43,42,43,43,43,44,43,42,42,42,43,44,45,45,46,41,47,58,70,84,97,103,109,127,140,158,175,177,170,165,167,167,168,168,168,168,168,169,169,172,171,169,170,173,175,173,170,169,170,170,169,169,171,171,169,169,169,169,168,167,167,168,169,172,172,175,173,171,170,167,166,162,163,166,169,171,169,169,168,168,167,165,165,165,160,148,130,109,82,59,42,23,6,4,15,55,80,107,131,150,165,169,166,167,168,170,172,176,172,169,171,170,173,177,176,173,170,172,175,174,173,173,173,173,173,173,172,170,170,168,166,168,170,169,169,168,170,171,169,170,175,176,173,172,172,169,171,174,175,173,172,168,168,160,147,132,106,79,68,48,42,48,47,49,50,50,48,49,50,42,46,46,44,44,43,46,50,57,66,83,105,119,127,130,119,100,0,0,0,0,0,0,0,0,0,0,0,0,0,0,0,0,0,0,0,0,0,0,0,0,0,0,0,0,0,0,0,0,0,0,0,0,0,0,0,0,0
0,0,0,0,0,0,0,0,0,0,0,0,0,0,0,0,0,0,0,0,0,0,0,0,0,0,0,0,0,0,0,0,0,0,0,0,0,0,105,125,133,138,127,102,72,55,44,43,43,43,43,43,43,43,42,41,42,43,44,45,46,46,43,48,58,68,79,91,103,118,133,149,168,172,169,170,165,166,168,169,169,169,169,170,170,170,172,171,169,169,173,175,172,170,169,169,169,169,169,170,170,169,169,168,168,169,170,170,171,172,172,172,173,172,169,168,167,165,163,165,167,170,172,170,169,169,170,170,169,169,170,168,163,152,133,111,85,60,35,20,24,47,84,105,124,143,159,170,169,167,165,165,168,170,171,167,165,167,172,171,173,178,176,168,170,176,174,173,173,173,173,173,172,172,169,169,168,165,168,171,168,169,168,168,168,167,171,174,172,167,171,172,172,173,174,174,174,173,172,172,164,155,139,116,94,77,56,43,48,47,50,50,48,45,46,50,47,51,46,44,46,43,44,50,55,57,72,98,116,127,130,125,113,0,0,0,0,0,0,0,0,0,0,0,0,0,0,0,0,0,0,0,0,0,0,0,0,0,0,0,0,0,0,0,0,0,0,0,0,0,0,0,0,0
0,0,0,0,0,0,0,0,0,0,0,0,0,0,0,0,0,0,0,0,0,0,0,0,0,0,0,0,0,0,0,0,0,0,0,0,0,100,126,136,133,129,112,84,55,45,43,42,42,42,41,41,42,43,42,42,42,43,44,45,46,47,45,47,52,60,71,85,104,126,142,162,176,171,166,169,166,167,169,170,170,170,170,169,170,170,171,171,170,170,172,173,171,170,169,169,169,169,170,169,169,168,169,167,168,170,172,172,173,174,173,172,170,170,168,165,165,163,161,164,167,170,171,169,169,169,171,171,172,171,171,176,180,174,156,139,121,102,86,78,85,109,112,139,160,168,171,174,171,169,165,164,168,174,176,174,172,173,173,172,173,176,176,171,172,176,174,173,173,173,173,173,173,173,174,174,174,173,175,176,173,173,174,170,168,169,175,175,174,171,171,172,174,174,174,174,174,173,173,171,168,165,150,131,111,86,64,47,43,45,45,44,43,43,44,47,45,49,45,44,47,42,43,46,48,50,63,86,108,123,131,132,125,114,0,0,0,0,0,0,0,0,0,0,0,0,0,0,0,0,0,0,0,0,0,0,0,0,0,0,0,0,0,0,0,0,0,0,0,0,0,0,0,0
0,0,0,0,0,0,0,0,0,0,0,0,0,0,0,0,0,0,0,0,0,0,0,0,0,0,0,0,0,0,0,0,0,0,0,0,86,116,138,143,134,117,91,63,44,40,41,41,42,42,42,42,42,42,42,42,42,43,44,46,47,47,44,43,44,53,69,91,114,136,156,175,180,175,170,168,169,173,172,173,173,172,172,172,172,172,171,172,172,171,170,170,170,170,170,169,169,170,169,169,168,169,169,169,169,171,173,174,173,173,172,171,168,168,166,164,164,162,159,162,168,172,172,170,172,170,170,169,169,169,171,177,181,177,167,155,149,146,146,143,141,148,146,164,180,180,176,173,173,174,171,166,167,174,176,173,170,171,173,176,175,171,173,177,176,173,173,173,173,173,173,173,173,173,174,174,174,174,174,174,175,173,174,171,168,169,174,174,173,172,171,171,174,174,174,173,174,173,172,171,170,168,161,145,124,95,75,58,48,47,48,46,43,44,45,47,42,43,45,44,43,43,43,40,39,46,58,71,93,114,128,135,132,124,0,0,0,0,0,0,0,0,0,0,0,0,0,0,0,0,0,0,0,0,0,0,0,0,0,0,0,0,0,0,0,0,0,0,0,0,0,0,0,0
0,0,0,0,0,0,0,0,0,0,0,0,0,0,0,0,0,0,0,0,0,0,0,0,0,0,0,0,0,0,0,0,0,0,0,0,102,130,143,143,129,101,69,46,40,41,42,43,43,43,43,43,43,43,42,42,42,43,44,46,47,48,44,41,41,55,75,100,123,144,164,177,175,174,174,172,173,174,174,173,173,172,173,173,173,172,170,171,173,173,169,169,171,171,170,169,169,169,169,169,169,170,171,172,172,173,174,174,173,171,170,169,167,167,166,165,165,164,158,160,168,174,175,173,175,172,173,173,171,171,175,175,174,172,171,164,165,172,180,180,174,169,166,169,177,178,177,172,172,173,171,168,168,170,169,169,169,172,173,176,175,170,173,181,177,172,173,173,173,173,173,173,173,173,175,174,173,175,173,173,175,173,173,173,171,171,173,173,172,171,171,171,174,174,174,174,174,173,172,172,170,167,165,151,128,102,84,64,55,51,53,47,41,43,44,45,46,45,45,44,44,45,45,39,38,47,56,63,83,106,121,132,135,132,117,0,0,0,0,0,0,0,0,0,0,0,0,0,0,0,0,0,0,0,0,0,0,0,0,0,0,0,0,0,0,0,0,0,0,0,0,0,0,0
0,0,0,0,0,0,0,0,0,0,0,0,0,0,0,0,0,0,0,0,0,0,0,0,0,0,0,0,0,0,0,0,0,0,0,89,118,140,141,132,114,85,53,36,39,45,43,44,43,42,43,43,42,43,42,42,42,43,44,47,48,49,46,45,49,66,85,108,132,154,168,174,173,175,177,174,172,172,174,174,174,174,174,174,174,173,170,170,173,174,169,169,172,172,170,169,169,169,169,170,170,171,172,173,174,173,173,174,173,171,170,169,168,168,168,169,168,166,159,162,168,174,175,172,173,173,173,173,173,171,172,170,168,169,168,165,166,171,177,181,181,178,174,173,173,168,169,170,171,170,168,172,173,171,166,166,165,167,174,174,171,172,176,178,175,173,173,173,173,173,173,173,173,173,174,173,174,174,173,174,174,172,172,172,171,171,171,172,173,174,172,172,174,174,174,174,174,173,173,173,172,173,169,155,135,111,97,74,58,54,54,49,44,44,41,39,46,46,44,46,48,47,47,44,42,47,52,58,76,99,113,126,132,132,121,0,0,0,0,0,0,0,0,0,0,0,0,0,0,0,0,0,0,0,0,0,0,0,0,0,0,0,0,0,0,0,0,0,0,0,0,0,0,0
0,0,0,0,0,0,0,0,0,0,0,0,0,0,0,0,0,0,0,0,0,0,0,0,0,0,0,0,0,0,0,0,0,0,0,110,134,146,132,112,91,71,46,36,40,45,42,43,43,43,43,43,43,43,42,42,42,43,44,47,49,49,48,53,62,78,94,118,143,165,173,168,167,172,175,172,169,171,172,173,174,173,172,172,172,173,171,170,173,174,169,169,172,172,170,169,168,168,169,170,170,170,172,173,174,173,173,173,173,172,172,170,169,170,172,173,170,167,163,167,172,176,175,170,171,173,173,172,172,169,169,170,172,171,166,166,166,170,171,173,175,174,179,177,174,169,170,173,171,169,167,171,172,171,167,167,166,168,174,172,168,173,177,176,173,173,173,173,173,173,173,173,173,173,174,174,175,173,174,175,173,172,172,172,172,173,171,171,171,173,172,172,174,173,173,174,173,173,174,172,173,178,170,159,146,124,111,89,62,56,51,51,49,45,44,41,46,43,41,45,48,49,47,48,50,48,50,55,68,88,102,120,130,132,126,115,0,0,0,0,0,0,0,0,0,0,0,0,0,0,0,0,0,0,0,0,0,0,0,0,0,0,0,0,0,0,0,0,0,0,0,0,0,0
0,0,0,0,0,0,0,0,0,0,0,0,0,0,0,0,0,0,0,0,0,0,0,0,0,0,0,0,0,0,0,0,0,0,96,120,132,137,134,104,72,52,42,37,39,40,43,43,43,44,44,43,43,43,43,43,42,43,46,47,49,52,49,50,64,87,116,141,159,169,173,171,168,169,173,174,173,172,169,171,173,171,168,168,169,172,170,170,173,174,168,169,173,170,170,168,167,167,169,170,168,170,172,173,173,174,174,173,173,173,174,172,174,172,171,173,170,169,171,173,172,168,173,169,167,172,174,175,173,169,168,173,174,174,168,171,176,176,174,170,170,172,174,176,175,173,175,178,170,165,165,168,172,173,171,168,168,169,172,170,170,172,174,173,173,174,173,174,174,174,174,174,174,174,175,174,175,174,174,174,174,172,172,172,172,172,172,172,172,173,173,172,174,174,173,174,173,174,174,171,176,180,172,165,155,135,121,103,76,57,50,52,49,48,45,44,45,43,39,43,46,47,44,48,50,48,44,46,57,73,100,115,126,131,130,124,0,0,0,0,0,0,0,0,0,0,0,0,0,0,0,0,0,0,0,0,0,0,0,0,0,0,0,0,0,0,0,0,0,0,0,0,0,0
0,0,0,0,0,0,0,0,0,0,0,0,0,0,0,0,0,0,0,0,0,0,0,0,0,0,0,0,0,0,0,0,0,83,118,130,134,136,121,87,59,47,44,42,40,39,43,43,43,43,43,43,43,43,42,44,43,42,44,48,50,51,48,51,70,100,129,152,165,172,174,172,170,170,173,173,173,174,170,168,168,168,169,169,168,169,170,169,172,174,168,169,173,170,168,168,169,169,168,168,168,170,172,173,173,173,173,173,173,173,172,172,173,172,171,173,172,169,171,167,165,166,172,170,168,172,174,176,174,171,171,176,177,174,177,179,181,177,173,173,173,175,180,180,177,172,169,169,163,156,164,167,171,174,173,171,169,169,171,171,171,172,172,172,172,173,173,174,174,174,174,174,174,174,174,174,175,174,173,174,174,172,172,172,172,172,172,172,172,173,173,173,173,173,173,173,174,173,171,173,175,177,172,173,165,147,127,105,87,62,51,48,51,50,50,47,47,45,45,43,44,43,43,45,46,49,49,46,47,59,84,105,123,132,133,127,115,0,0,0,0,0,0,0,0,0,0,0,0,0,0,0,0,0,0,0,0,0,0,0,0,0,0,0,0,0,0,0,0,0,0,0,0,0
0,0,0,0,0,0,0,0,0,0,0,0,0,0,0,0,0,0,0,0,0,0,0,0,0,0,0,0,0,0,0,0,0,113,131,136,136,129,93,65,50,47,47,46,42,41,43,43,43,43,43,43,43,43,42,44,43,43,46,49,51,52,55,64,89,122,146,158,165,171,174,172,171,173,174,172,173,176,174,168,165,167,172,173,170,168,170,168,172,174,168,170,174,170,167,169,173,172,166,165,168,172,173,173,173,173,173,173,173,173,173,172,172,170,169,171,174,173,169,160,160,166,168,170,172,172,170,173,176,175,177,178,172,161,174,163,156,153,151,150,150,156,169,170,170,174,175,173,171,171,167,169,171,172,172,170,169,169,170,172,173,172,172,172,173,174,173,174,174,174,174,174,174,174,174,175,177,174,172,172,173,172,172,173,173,172,172,172,172,173,173,174,173,173,172,173,174,172,170,173,173,173,172,177,172,157,137,119,100,69,53,50,51,53,49,47,45,43,45,45,47,47,47,42,41,48,53,47,44,55,77,97,117,129,133,128,117,0,0,0,0,0,0,0,0,0,0,0,0,0,0,0,0,0,0,0,0,0,0,0,0,0,0,0,0,0,0,0,0,0,0,0,0,0
0,0,0,0,0,0,0,0,0,0,0,0,0,0,0,0,0,0,0,0,0,0,0,0,0,0,0,0,0,0,0,0,104,131,136,136,132,115,66,50,49,50,47,45,42,43,42,42,42,42,42,42,42,42,40,41,42,44,47,49,52,54,66,85,111,139,160,170,172,174,175,174,173,175,175,174,173,175,173,170,168,169,172,173,171,169,171,168,171,174,168,170,174,171,169,171,173,172,168,167,170,172,173,173,173,173,173,173,173,173,173,173,173,173,170,170,174,173,169,159,164,169,163,168,175,170,166,169,173,175,175,167,150,128,139,110,91,85,85,85,89,103,124,135,146,162,172,165,161,169,171,172,171,169,168,166,167,168,169,170,170,171,171,171,172,172,173,173,174,174,174,174,174,174,174,176,178,174,171,171,172,172,173,173,173,173,173,173,173,173,173,174,173,172,173,173,172,172,172,172,170,170,171,173,172,163,146,133,111,77,60,57,53,53,50,50,48,45,44,50,51,49,46,43,43,47,50,46,45,54,69,86,108,123,130,130,122,109,0,0,0,0,0,0,0,0,0,0,0,0,0,0,0,0,0,0,0,0,0,0,0,0,0,0,0,0,0,0,0,0,0,0,0,0
0,0,0,0,0,0,0,0,0,0,0,0,0,0,0,0,0,0,0,0,0,0,0,0,0,0,0,0,0,0,0,84,118,138,140,130,114,96,52,44,49,48,44,44,41,42,42,42,42,42,42,42,42,43,44,45,44,45,48,49,52,55,74,103,128,147,165,175,175,175,175,173,171,173,175,175,173,170,169,172,175,173,170,168,171,173,172,169,172,174,168,170,174,171,173,172,169,170,173,174,172,171,172,173,173,173,173,173,174,174,174,174,173,175,173,170,174,173,173,165,168,170,163,167,172,168,168,169,171,169,159,138,111,85,70,42,24,16,18,22,31,44,64,85,111,141,161,161,163,174,174,175,172,170,169,167,169,169,169,169,170,170,171,171,171,172,173,173,174,174,174,174,174,174,173,174,176,172,172,172,173,173,173,173,173,173,173,173,173,173,173,173,173,172,175,173,169,173,176,170,168,169,171,170,172,168,154,140,120,91,74,60,56,53,50,49,52,49,47,55,51,45,40,48,51,45,41,44,49,54,63,77,101,118,125,128,128,117,0,0,0,0,0,0,0,0,0,0,0,0,0,0,0,0,0,0,0,0,0,0,0,0,0,0,0,0,0,0,0,0,0,0,0,0
0,0,0,0,0,0,0,0,0,0,0,0,0,0,0,0,0,0,0,0,0,0,0,0,0,0,0,0,0,0,0,99,130,143,142,122,97,77,47,43,47,44,42,43,41,41,43,42,43,43,43,43,44,46,53,53,49,46,47,51,55,58,83,114,137,154,167,172,172,172,173,170,168,170,174,177,174,169,169,174,177,175,170,168,172,175,173,169,172,174,168,171,174,172,174,172,168,170,175,177,174,171,172,173,173,173,173,173,174,175,175,174,172,175,175,173,174,173,173,169,168,167,168,168,168,167,168,167,163,152,127,94,65,44,22,12,12,12,17,20,21,21,27,43,73,110,137,148,160,171,173,175,172,171,171,170,171,171,172,172,172,172,172,172,173,174,173,174,174,174,174,174,174,174,173,172,173,171,173,174,173,173,173,173,173,173,173,173,173,173,173,173,173,171,175,173,168,174,176,171,168,170,172,170,172,170,161,147,124,107,88,64,54,57,52,45,51,48,50,55,49,42,40,47,51,42,40,44,50,51,52,65,91,111,121,129,134,127,115,0,0,0,0,0,0,0,0,0,0,0,0,0,0,0,0,0,0,0,0,0,0,0,0,0,0,0,0,0,0,0,0,0,0,0
0,0,0,0,0,0,0,0,0,0,0,0,0,0,0,0,0,0,0,0,0,0,0,0,0,0,0,0,0,0,85,118,139,142,136,113,85,63,44,42,44,41,42,44,42,42,42,43,43,43,42,42,44,46,54,52,47,43,47,56,66,73,100,127,146,164,174,175,173,173,171,169,169,170,174,177,177,173,173,174,174,174,173,173,174,174,173,169,172,174,169,172,174,172,173,174,173,173,174,174,175,173,173,173,173,173,173,173,174,174,173,174,173,175,177,175,173,170,169,171,169,166,173,172,166,165,167,160,145,126,93,58,37,29,20,21,30,37,40,38,31,23,21,26,45,72,99,119,138,152,168,173,174,174,175,174,175,175,173,173,172,172,172,173,173,173,173,174,174,174,174,174,174,174,173,172,172,172,175,175,173,174,173,173,173,173,173,173,173,173,173,173,172,172,175,173,169,173,173,172,169,171,173,171,171,171,168,155,131,121,101,73,55,58,56,46,51,47,51,52,48,42,43,44,45,43,45,45,43,42,44,55,80,100,115,125,131,126,118,0,0,0,0,0,0,0,0,0,0,0,0,0,0,0,0,0,0,0,0,0,0,0,0,0,0,0,0,0,0,0,0,0,0,0
0,0,0,0,0,0,0,0,0,0,0,0,0,0,0,0,0,0,0,0,0,0,0,0,0,0,0,0,0,0,106,139,146,136,128,101,71,54,43,40,40,40,43,44,43,43,43,44,44,43,42,42,44,45,48,45,41,42,51,65,81,93,122,147,162,174,176,175,174,172,167,168,170,171,172,175,177,176,175,173,171,172,175,175,175,173,173,169,172,174,170,172,173,172,173,175,176,176,173,172,175,174,173,173,173,173,174,174,174,173,173,175,174,173,175,174,171,169,166,171,173,169,175,175,168,161,161,147,122,97,64,36,28,32,31,33,36,38,36,36,36,35,28,31,38,48,71,99,128,149,157,166,170,173,173,171,172,172,173,173,171,170,172,174,174,172,173,174,174,174,174,174,174,174,173,172,172,172,175,174,173,175,173,173,173,173,173,173,173,173,174,173,172,172,174,173,171,173,173,174,168,171,173,172,170,173,177,162,145,133,114,85,66,57,54,48,51,48,50,51,47,43,46,43,42,45,51,47,41,40,39,48,68,86,103,117,128,130,122,115,0,0,0,0,0,0,0,0,0,0,0,0,0,0,0,0,0,0,0,0,0,0,0,0,0,0,0,0,0,0,0,0,0,0
0,0,0,0,0,0,0,0,0,0,0,0,0,0,0,0,0,0,0,0,0,0,0,0,0,0,0,0,0,104,117,139,142,132,100,73,52,30,42,38,37,38,44,44,44,41,40,45,46,42,40,42,46,48,47,43,40,43,51,63,85,113,140,158,164,168,169,168,166,167,163,168,169,171,170,173,176,174,171,170,169,170,173,174,174,174,172,171,172,173,171,172,174,173,174,174,175,175,174,174,174,174,172,173,172,171,175,174,173,175,175,174,174,174,172,175,173,170,169,174,174,170,177,173,165,157,151,132,104,73,44,29,27,28,31,30,34,36,36,34,30,31,34,32,32,32,41,63,87,111,140,155,164,167,171,168,167,168,172,172,172,169,172,177,174,170,174,174,174,174,174,174,174,174,173,172,172,173,174,174,174,174,174,174,174,174,174,174,174,173,173,173,172,172,173,171,171,171,173,173,171,171,173,172,172,173,175,167,158,140,120,97,77,61,49,45,48,48,51,50,46,45,45,43,43,45,47,47,44,43,42,47,58,76,94,111,125,130,130,126,0,0,0,0,0,0,0,0,0,0,0,0,0,0,0,0,0,0,0,0,0,0,0,0,0,0,0,0,0,0,0,0,0,0
0,0,0,0,0,0,0,0,0,0,0,0,0,0,0,0,0,0,0,0,0,0,0,0,0,0,0,0,99,122,135,146,135,114,78,54,45,36,42,39,36,39,45,45,43,41,41,44,45,41,40,43,48,49,49,45,41,45,57,78,103,128,152,166,173,174,167,161,159,160,158,162,166,167,165,167,170,170,170,170,170,171,172,172,172,173,172,171,173,174,172,172,173,172,171,172,172,172,172,172,172,172,172,170,172,172,169,168,170,169,171,176,176,169,175,174,171,170,172,176,177,173,180,174,163,145,141,119,86,57,39,35,38,41,36,34,33,37,38,36,36,34,37,36,33,31,33,48,68,90,122,140,159,171,166,168,169,164,168,171,172,170,168,170,171,171,174,174,174,174,174,174,174,174,174,173,173,174,174,174,174,174,174,174,174,174,174,174,174,173,173,174,172,173,173,172,172,172,173,173,172,172,173,172,171,173,174,173,167,149,130,109,87,68,50,44,48,53,54,49,44,45,44,44,45,45,47,50,47,43,42,46,52,64,81,100,118,127,132,130,120,0,0,0,0,0,0,0,0,0,0,0,0,0,0,0,0,0,0,0,0,0,0,0,0,0,0,0,0,0,0,0,0,0
0,0,0,0,0,0,0,0,0,0,0,0,0,0,0,0,0,0,0,0,0,0,0,0,0,0,0,0,111,134,142,143,124,97,60,39,38,42,46,44,38,42,45,44,42,41,42,43,45,44,43,43,45,46,47,43,41,51,70,98,122,140,159,169,179,180,169,159,156,153,154,157,163,165,162,164,167,169,172,172,172,172,171,170,170,171,172,172,173,174,173,172,173,172,170,171,170,169,169,169,169,171,172,168,171,173,163,164,167,163,166,175,175,166,173,173,170,170,174,175,177,177,181,174,163,138,129,104,71,48,41,42,45,46,39,34,34,34,36,37,33,34,34,35,32,29,29,39,57,78,105,135,153,167,170,172,167,168,166,169,171,172,167,163,167,172,174,174,174,174,174,174,174,174,174,173,173,174,174,174,174,174,174,174,174,174,174,174,174,173,173,173,171,172,172,171,172,172,173,173,172,173,174,173,172,173,170,172,167,153,138,120,98,77,60,50,50,52,53,51,48,48,44,43,44,45,46,51,50,47,47,44,47,62,78,91,112,133,136,130,119,0,0,0,0,0,0,0,0,0,0,0,0,0,0,0,0,0,0,0,0,0,0,0,0,0,0,0,0,0,0,0,0,0
0,0,0,0,0,0,0,0,0,0,0,0,0,0,0,0,0,0,0,0,0,0,0,0,0,0,0,97,122,137,140,128,103,78,51,35,37,45,48,47,41,45,47,45,43,44,46,43,45,50,48,42,41,45,44,42,46,61,85,114,138,151,167,170,177,178,171,162,160,156,157,157,163,164,163,166,169,171,175,174,173,172,170,169,169,169,171,172,173,173,173,173,173,172,172,172,170,169,170,170,170,171,172,170,171,172,167,167,169,167,168,176,175,169,171,175,172,172,175,174,175,178,177,167,153,128,117,88,57,41,37,39,40,39,36,33,29,31,32,31,31,31,32,34,31,29,30,38,54,75,100,132,147,158,171,175,170,173,171,169,169,175,172,164,167,173,174,174,174,174,174,174,174,174,174,174,174,174,174,174,174,174,174,174,174,174,174,174,173,172,172,171,170,170,170,170,172,171,172,173,173,173,174,173,172,173,173,171,167,159,146,131,109,88,69,56,52,52,52,51,49,47,43,43,44,43,45,50,52,50,49,45,44,56,69,81,101,119,130,132,129,117,0,0,0,0,0,0,0,0,0,0,0,0,0,0,0,0,0,0,0,0,0,0,0,0,0,0,0,0,0,0,0,0
0,0,0,0,0,0,0,0,0,0,0,0,0,0,0,0,0,0,0,0,0,0,0,0,0,0,96,119,137,140,133,113,85,63,45,37,39,46,44,44,40,45,49,47,46,47,46,41,43,49,48,42,42,48,46,45,54,72,99,127,153,166,169,169,172,174,172,167,165,163,161,160,164,165,165,169,171,172,175,174,173,171,170,169,170,170,171,172,173,173,173,173,173,173,174,174,174,174,175,174,174,174,171,173,171,170,175,175,173,175,172,178,176,172,171,175,173,173,175,174,172,177,172,160,141,115,105,75,50,42,38,35,34,32,32,31,31,34,34,31,30,30,31,33,30,30,32,38,50,70,101,124,143,156,165,174,177,173,178,171,169,177,179,173,172,175,174,174,174,174,174,174,174,174,174,174,174,174,174,174,174,174,174,174,174,174,174,174,173,172,173,171,170,170,169,170,172,172,172,173,173,173,173,173,173,173,172,169,166,163,153,140,121,99,78,59,52,53,52,48,46,47,42,44,46,42,43,49,49,46,45,45,46,50,57,71,95,113,125,131,134,123,0,0,0,0,0,0,0,0,0,0,0,0,0,0,0,0,0,0,0,0,0,0,0,0,0,0,0,0,0,0,0,0
0,0,0,0,0,0,0,0,0,0,0,0,0,0,0,0,0,0,0,0,0,0,0,0,0,0,115,134,145,141,122,97,71,51,43,41,40,44,42,42,41,43,45,43,44,46,43,40,41,44,44,45,47,49,52,53,67,91,120,144,167,177,167,167,169,171,173,170,167,165,162,163,166,166,168,170,172,172,172,172,172,172,171,170,171,172,172,172,173,173,173,173,173,173,175,175,175,175,175,175,175,175,171,174,170,169,178,177,174,179,173,178,176,172,173,174,172,173,176,175,170,174,168,158,134,106,101,72,52,48,43,37,34,32,32,31,35,37,36,33,28,30,32,33,32,31,33,37,44,63,96,123,141,155,165,173,175,175,180,175,173,177,181,181,178,175,174,174,174,174,174,174,174,174,174,174,174,174,174,174,174,174,174,174,174,174,174,174,174,173,173,172,170,170,169,170,172,172,173,173,173,173,173,173,173,173,173,171,170,167,159,148,132,111,89,63,49,50,52,48,45,45,42,45,46,43,44,46,44,42,42,42,43,43,45,57,85,108,123,127,131,124,114,0,0,0,0,0,0,0,0,0,0,0,0,0,0,0,0,0,0,0,0,0,0,0,0,0,0,0,0,0,0,0
0,0,0,0,0,0,0,0,0,0,0,0,0,0,0,0,0,0,0,0,0,0,0,0,0,113,134,141,141,132,104,78,56,41,42,47,43,40,42,43,45,42,41,39,41,46,45,45,45,43,43,49,50,46,49,59,82,111,137,154,169,174,171,170,170,170,171,169,167,166,164,165,166,168,171,171,173,173,172,172,172,172,172,171,172,172,172,172,173,173,173,173,173,173,174,173,173,173,172,173,174,173,171,172,170,170,174,173,172,174,173,177,176,172,174,174,172,174,176,174,169,170,163,155,130,100,102,72,49,41,37,34,35,36,35,35,30,34,33,28,32,32,34,35,35,33,34,36,39,58,90,122,138,151,165,171,169,175,175,177,177,174,175,179,178,175,174,174,174,174,174,174,174,174,174,174,174,174,174,174,174,174,174,174,175,174,174,174,174,173,172,172,170,169,169,170,172,172,173,173,173,173,173,173,173,173,175,176,174,169,163,151,137,119,100,72,52,49,51,50,45,41,44,45,46,45,46,45,42,41,43,44,43,43,48,60,82,101,111,123,129,128,123,0,0,0,0,0,0,0,0,0,0,0,0,0,0,0,0,0,0,0,0,0,0,0,0,0,0,0,0,0,0,0
0,0,0,0,0,0,0,0,0,0,0,0,0,0,0,0,0,0,0,0,0,0,0,0,104,136,151,145,132,115,84,65,53,42,44,50,45,40,42,43,46,44,43,43,43,48,48,49,48,42,43,50,49,40,46,67,98,128,147,159,170,174,172,171,170,169,168,168,167,166,167,167,166,169,174,172,174,174,172,171,171,171,172,172,172,172,172,172,173,173,173,173,173,173,172,170,172,172,171,172,173,172,173,171,172,173,168,169,170,169,173,176,175,173,171,173,172,172,174,171,169,169,162,153,129,101,96,69,45,37,34,34,35,36,38,33,31,31,32,32,33,35,34,35,36,34,34,36,37,58,91,113,137,153,161,169,175,174,170,175,179,172,169,173,174,175,174,174,174,174,174,174,174,174,175,175,175,174,174,175,175,174,174,175,176,175,174,174,173,173,172,172,170,168,169,170,171,172,173,173,173,173,173,173,173,173,174,176,174,171,168,155,141,127,112,82,58,50,50,49,47,45,46,48,47,46,48,48,43,42,43,47,46,46,49,55,70,86,100,112,120,130,131,116,0,0,0,0,0,0,0,0,0,0,0,0,0,0,0,0,0,0,0,0,0,0,0,0,0,0,0,0,0,0
0,0,0,0,0,0,0,0,0,0,0,0,0,0,0,0,0,0,0,0,0,0,0,0,126,134,143,143,125,103,72,55,49,43,45,45,42,42,42,45,45,47,48,47,46,48,48,49,47,45,44,47,47,47,60,92,121,139,154,165,170,170,171,170,170,170,169,168,167,166,167,167,166,170,173,172,174,173,172,172,172,172,172,172,172,172,172,172,172,172,172,172,173,173,173,168,173,175,170,172,175,172,173,172,173,172,171,171,172,172,174,175,175,173,172,172,172,171,174,173,170,170,160,152,131,105,89,65,44,36,37,33,34,35,35,32,33,30,33,36,36,36,32,34,37,35,30,31,39,63,84,111,134,151,157,168,175,173,171,173,175,172,169,169,172,173,174,175,175,175,175,175,175,175,174,175,175,173,173,175,175,174,175,176,179,176,173,172,174,173,172,169,169,168,168,169,170,172,173,174,174,174,174,174,173,173,173,173,171,171,174,163,149,139,116,93,76,61,51,47,49,50,48,50,48,44,45,46,44,47,48,47,44,48,49,48,56,72,92,110,123,133,132,119,0,0,0,0,0,0,0,0,0,0,0,0,0,0,0,0,0,0,0,0,0,0,0,0,0,0,0,0,0,0
0,0,0,0,0,0,0,0,0,0,0,0,0,0,0,0,0,0,0,0,0,0,0,117,133,141,143,132,105,82,58,47,44,47,44,42,44,48,46,48,49,50,51,49,48,49,48,49,49,50,51,53,51,57,77,110,137,154,165,169,169,170,169,169,169,169,169,169,169,167,166,166,168,169,171,173,174,173,172,171,171,172,172,172,172,172,172,172,172,172,172,172,172,172,173,170,173,174,172,173,174,172,173,172,173,173,173,173,174,174,173,174,174,173,172,172,173,174,174,174,173,169,161,153,136,110,83,61,44,37,38,34,35,35,33,32,30,30,35,39,37,33,30,33,38,36,30,27,38,65,82,113,133,147,159,169,169,172,172,172,172,171,171,172,173,172,174,175,175,175,175,175,175,175,175,173,173,175,175,173,173,175,177,176,176,173,174,173,172,170,172,170,169,168,168,169,170,172,173,173,174,174,174,174,173,173,171,171,168,169,174,169,160,153,127,108,90,70,54,48,50,50,51,51,47,43,44,45,45,48,48,46,43,47,45,40,45,60,82,103,121,132,134,126,116,0,0,0,0,0,0,0,0,0,0,0,0,0,0,0,0,0,0,0,0,0,0,0,0,0,0,0,0,0
0,0,0,0,0,0,0,0,0,0,0,0,0,0,0,0,0,0,0,0,0,0,0,128,138,145,141,119,86,66,49,41,43,51,46,41,47,51,52,56,58,57,58,57,56,55,55,54,54,55,58,61,59,70,102,127,147,163,172,173,169,170,169,169,169,169,169,171,171,168,165,165,169,169,169,174,173,173,172,172,172,172,172,172,172,172,172,172,172,172,172,172,172,172,173,173,172,172,174,173,171,173,174,173,173,174,173,174,174,173,173,173,173,172,172,171,170,171,172,175,175,172,166,160,143,118,86,61,44,39,39,34,35,37,34,34,31,32,36,39,37,33,27,32,39,37,30,26,40,68,87,118,135,146,157,169,169,174,175,172,168,169,175,177,174,171,174,175,175,175,175,175,175,175,176,170,170,177,177,170,170,176,177,174,169,169,173,173,170,166,170,170,169,168,168,169,170,172,173,173,174,174,174,174,173,173,172,172,169,169,173,171,165,160,137,120,104,82,61,50,46,45,47,48,46,46,46,46,42,43,45,43,43,47,46,41,43,54,71,93,113,126,133,130,120,108,0,0,0,0,0,0,0,0,0,0,0,0,0,0,0,0,0,0,0,0,0,0,0,0,0,0,0,0
0,0,0,0,0,0,0,0,0,0,0,0,0,0,0,0,0,0,0,0,0,0,128,136,138,142,132,103,68,54,44,38,43,51,49,42,50,56,58,65,68,65,68,69,68,67,66,64,61,58,58,62,68,91,127,143,156,169,175,174,171,173,172,172,171,171,171,172,172,170,169,169,173,171,171,175,173,173,172,171,171,171,171,170,170,170,170,170,170,170,170,170,170,170,172,176,172,169,176,173,167,173,174,173,173,173,173,173,172,172,172,171,171,173,174,173,171,171,171,178,178,179,170,165,144,121,93,66,47,42,41,37,36,37,35,35,32,33,35,37,33,30,29,36,43,37,27,27,46,74,94,122,142,152,157,167,172,174,175,173,170,172,176,177,174,172,174,175,175,175,175,175,175,175,175,173,173,175,175,173,173,174,175,172,169,169,171,170,168,167,169,170,170,169,169,170,171,172,173,173,174,174,174,174,174,173,173,174,171,171,173,172,170,166,148,131,114,92,68,52,46,44,45,47,46,46,46,46,43,43,45,43,43,45,46,45,44,47,63,85,108,121,128,129,126,119,0,0,0,0,0,0,0,0,0,0,0,0,0,0,0,0,0,0,0,0,0,0,0,0,0,0,0,0
0,0,0,0,0,0,0,0,0,0,0,0,0,0,0,0,0,0,0,0,0,119,141,145,139,136,120,88,56,47,42,38,43,47,47,43,51,60,62,68,71,69,74,77,78,78,79,76,73,69,68,74,87,116,144,158,168,176,174,172,173,175,174,173,173,173,173,173,173,173,174,173,175,174,173,175,173,172,172,172,171,171,170,170,170,170,170,170,170,170,170,171,171,171,172,176,172,170,176,173,168,173,174,173,173,173,173,173,172,172,172,171,171,172,174,173,173,173,172,179,177,181,174,168,145,126,105,79,56,45,42,40,37,34,32,33,33,33,36,41,35,31,31,38,44,39,29,34,54,80,101,131,149,157,162,169,176,176,174,175,178,177,173,172,174,176,174,175,175,175,175,175,175,175,175,175,175,173,174,175,175,174,172,173,174,173,168,165,167,169,170,171,172,172,172,172,173,173,173,173,174,175,174,174,174,173,173,173,171,171,172,173,173,170,158,142,122,99,74,55,46,44,46,48,46,45,44,46,45,46,47,45,43,43,44,45,43,42,54,75,97,113,123,127,131,128,112,0,0,0,0,0,0,0,0,0,0,0,0,0,0,0,0,0,0,0,0,0,0,0,0,0,0,0
0,0,0,0,0,0,0,0,0,0,0,0,0,0,0,0,0,0,0,0,0,127,146,146,136,125,102,68,47,49,45,41,42,44,45,46,49,58,62,63,65,67,75,78,78,82,82,82,79,76,78,92,109,133,152,164,173,177,171,170,174,177,174,173,173,174,173,173,173,173,174,174,173,174,174,174,173,173,173,173,172,172,172,171,172,172,172,172,172,172,172,172,173,173,173,173,172,172,174,173,171,173,173,173,173,173,173,173,173,173,173,173,172,172,172,172,174,176,174,175,171,174,179,172,153,135,118,91,63,45,39,39,38,37,35,38,40,34,35,41,37,32,31,39,46,43,33,38,58,85,108,141,155,162,171,173,176,178,174,177,180,179,173,172,175,177,175,175,176,175,175,175,175,175,173,178,177,170,171,177,177,171,173,174,176,175,168,166,168,170,170,172,174,176,175,174,174,173,174,173,174,175,174,174,174,173,173,173,171,171,172,174,173,169,165,153,132,107,81,61,49,45,46,46,44,43,43,43,45,45,45,43,43,43,45,44,42,42,44,60,83,104,118,126,133,130,117,0,0,0,0,0,0,0,0,0,0,0,0,0,0,0,0,0,0,0,0,0,0,0,0,0,0,0
0,0,0,0,0,0,0,0,0,0,0,0,0,0,0,0,0,0,0,0,114,132,145,142,130,112,85,52,42,56,45,40,40,43,46,47,48,54,56,56,56,59,69,71,68,70,67,69,70,69,75,99,125,146,159,169,172,171,169,172,177,178,174,173,173,174,173,173,173,172,174,174,173,173,175,174,173,174,173,172,172,172,172,172,172,172,172,172,172,172,172,172,172,172,172,171,172,173,172,172,172,172,173,173,173,173,173,173,172,173,173,174,174,173,173,174,177,179,176,174,167,169,183,176,161,146,126,99,69,47,36,36,37,40,40,42,42,34,31,36,36,31,33,41,45,40,35,44,69,101,119,149,161,169,176,174,173,175,176,177,177,177,176,176,176,176,176,176,176,176,176,176,176,176,174,176,175,174,174,175,176,175,176,177,176,175,173,173,171,171,171,173,174,177,176,174,174,173,174,173,174,174,173,173,174,173,173,174,173,173,173,176,174,169,168,159,140,116,91,69,53,48,48,45,44,43,43,42,45,44,42,41,43,44,47,44,41,42,39,50,74,96,111,123,133,132,119,109,0,0,0,0,0,0,0,0,0,0,0,0,0,0,0,0,0,0,0,0,0,0,0,0,0,0
0,0,0,0,0,0,0,0,0,0,0,0,0,0,0,0,0,0,0,108,123,136,135,129,115,98,72,40,37,56,44,40,41,43,46,42,44,49,51,51,50,52,61,63,55,52,55,54,58,68,80,107,136,157,166,174,172,166,167,172,177,176,173,173,174,174,173,173,173,171,174,175,174,172,174,174,172,174,174,172,171,172,173,173,173,172,170,170,171,171,172,172,172,172,172,172,172,172,173,172,171,173,173,174,173,172,172,172,172,174,174,175,175,174,173,173,175,176,174,174,168,169,183,177,167,158,135,112,83,55,39,35,34,35,37,37,37,34,33,37,40,36,32,39,39,37,47,63,90,121,138,156,168,173,172,172,175,176,178,178,176,175,178,179,176,175,176,176,177,176,176,176,176,176,174,173,174,175,175,173,174,176,176,178,175,175,174,175,172,172,172,173,174,176,176,174,175,174,174,173,173,174,172,173,174,172,173,175,174,174,171,173,173,169,170,164,149,132,109,82,60,53,52,46,47,49,50,45,46,43,42,41,43,44,47,45,42,42,40,44,65,85,101,119,130,132,124,116,0,0,0,0,0,0,0,0,0,0,0,0,0,0,0,0,0,0,0,0,0,0,0,0,0,0
0,0,0,0,0,0,0,0,0,0,0,0,0,0,0,0,0,0,0,111,126,139,140,133,110,82,57,39,41,47,43,43,42,43,44,43,43,47,51,49,44,51,56,56,47,41,45,50,58,74,103,130,151,166,170,172,170,169,168,170,176,174,172,172,174,174,174,171,172,169,173,177,173,169,175,172,168,174,174,169,169,171,172,173,174,170,168,168,167,168,171,171,171,169,172,172,173,172,171,172,172,171,172,172,173,170,168,168,172,174,174,173,176,173,172,171,173,176,175,176,173,172,174,175,176,171,151,135,114,87,58,33,25,27,37,35,35,35,37,42,44,39,41,40,37,39,48,67,96,132,155,168,173,170,168,173,176,176,177,178,176,176,175,176,176,175,175,175,176,175,174,175,174,175,175,174,175,175,174,174,174,175,175,176,175,175,173,174,173,173,173,173,174,174,176,176,174,174,173,173,172,173,173,174,173,173,172,173,174,175,169,169,173,172,166,163,157,143,123,95,71,55,50,47,47,52,51,45,45,45,48,46,44,42,43,45,45,45,45,47,61,79,90,109,125,127,127,125,117,0,0,0,0,0,0,0,0,0,0,0,0,0,0,0,0,0,0,0,0,0,0,0,0,0
0,0,0,0,0,0,0,0,0,0,0,0,0,0,0,0,0,0,106,127,142,149,139,115,87,66,52,43,43,42,43,43,42,43,43,42,43,46,49,49,45,45,48,49,45,41,39,43,62,89,119,143,161,168,170,169,166,167,167,169,172,170,173,173,176,176,175,172,170,170,173,173,170,171,172,169,167,168,169,169,169,170,170,172,171,170,168,168,169,170,172,173,173,172,172,170,171,172,171,171,171,173,172,173,174,173,171,169,170,173,173,173,171,174,173,174,175,175,178,179,175,170,170,174,180,177,153,142,127,108,86,62,47,39,31,31,33,37,42,44,38,34,34,31,31,46,67,93,122,153,168,176,174,172,170,168,172,176,175,177,177,176,175,176,175,174,175,174,176,175,175,175,174,175,174,173,180,174,172,179,176,174,176,175,174,174,174,176,175,173,173,173,174,174,175,176,174,173,173,173,172,172,172,173,173,173,171,172,172,172,171,170,173,174,169,164,160,150,132,108,83,62,49,45,45,49,48,44,45,45,45,44,42,41,41,42,42,43,48,48,57,70,82,99,119,123,125,128,125,0,0,0,0,0,0,0,0,0,0,0,0,0,0,0,0,0,0,0,0,0,0,0,0,0
0,0,0,0,0,0,0,0,0,0,0,0,0,0,0,0,0,0,124,147,156,148,128,94,64,52,50,48,45,41,43,44,43,43,43,42,43,46,47,49,46,40,39,40,43,46,42,47,71,104,132,152,165,169,170,168,168,168,169,171,171,171,171,171,175,175,174,172,167,169,170,167,169,172,167,166,169,168,167,169,170,172,169,168,170,169,169,170,175,175,173,173,173,173,172,171,172,171,171,172,172,172,172,173,175,177,177,172,170,171,173,174,168,171,175,176,177,176,176,176,174,172,172,173,176,174,177,169,156,137,112,83,58,38,19,15,16,19,21,18,10,9,18,21,41,74,100,128,152,164,176,179,173,171,174,170,172,176,177,174,177,177,176,176,176,174,176,176,176,175,175,175,174,174,175,172,179,174,172,179,175,173,178,174,171,173,176,179,176,172,173,173,174,173,174,175,174,173,172,173,171,170,173,173,172,174,173,172,171,170,174,173,172,174,173,164,159,151,137,120,98,74,54,46,45,48,46,42,44,47,43,42,41,41,42,42,42,43,48,50,53,59,69,90,115,123,123,128,126,112,0,0,0,0,0,0,0,0,0,0,0,0,0,0,0,0,0,0,0,0,0,0,0,0
0,0,0,0,0,0,0,0,0,0,0,0,0,0,0,0,0,121,143,159,157,137,115,79,49,41,48,50,45,41,41,43,42,42,42,42,42,43,45,45,43,39,38,38,43,48,46,61,88,121,148,160,165,168,173,171,171,170,173,176,175,174,173,172,174,174,174,173,168,169,172,166,169,172,165,168,171,166,168,167,173,170,166,166,166,170,168,168,176,174,170,169,171,174,171,170,171,171,170,172,172,171,173,174,177,178,179,174,171,173,175,174,169,170,175,174,176,172,172,171,171,173,176,177,177,176,179,175,165,155,139,117,93,67,49,26,13,11,10,9,8,7,27,50,77,109,136,156,169,175,179,179,171,170,177,176,175,174,174,175,179,177,179,179,176,177,175,175,175,174,174,175,175,175,175,174,176,175,174,176,176,174,176,174,173,173,176,177,176,173,173,173,173,172,173,175,174,173,169,175,171,168,176,173,169,174,175,172,170,169,176,177,173,173,175,164,158,153,144,134,115,90,63,47,45,50,49,44,45,46,43,43,43,43,44,44,43,46,49,49,49,51,60,84,110,122,126,131,126,115,0,0,0,0,0,0,0,0,0,0,0,0,0,0,0,0,0,0,0,0,0,0,0,0
0,0,0,0,0,0,0,0,0,0,0,0,0,0,0,0,115,140,159,164,147,112,86,57,38,36,43,44,41,42,41,42,42,42,42,42,42,42,43,41,39,40,42,44,44,45,55,81,112,140,161,168,169,171,174,169,168,169,173,176,174,174,171,173,176,176,174,171,168,167,175,167,170,172,167,169,169,166,162,170,167,169,170,169,170,172,167,166,175,171,167,164,168,172,172,169,170,172,172,171,171,172,173,177,181,181,179,172,168,169,171,172,176,175,171,170,173,173,173,174,173,172,176,178,177,175,175,175,173,170,164,153,139,119,92,67,53,44,33,34,42,51,75,104,126,142,156,166,174,177,179,178,173,169,176,180,178,175,173,177,184,178,176,178,178,175,176,176,175,175,175,175,175,175,175,176,174,175,176,174,175,175,172,175,178,176,173,171,174,177,174,173,173,173,174,176,174,173,171,176,173,170,177,174,170,174,175,171,170,169,176,179,175,173,175,167,161,157,152,143,123,100,74,54,48,49,46,43,45,47,44,45,44,43,44,43,43,47,50,46,47,49,55,76,97,116,122,130,125,118,106,0,0,0,0,0,0,0,0,0,0,0,0,0,0,0,0,0,0,0,0,0,0,0
0,0,0,0,0,0,0,0,0,0,0,0,0,0,0,0,132,158,165,156,129,89,58,39,34,39,41,38,39,42,43,43,43,43,43,43,43,43,43,42,41,41,44,47,47,47,71,103,134,154,166,172,175,175,173,169,169,171,172,169,167,169,173,169,168,167,169,170,168,164,165,160,162,167,168,170,171,172,175,180,170,170,165,171,171,170,167,166,175,174,173,167,169,169,167,170,175,174,168,165,169,175,175,174,172,169,168,167,169,172,169,175,178,174,170,170,169,176,178,179,177,174,174,175,172,173,181,183,183,181,177,173,168,158,137,125,119,117,111,110,120,131,138,157,171,174,171,171,175,172,175,178,178,171,174,182,180,174,176,177,181,176,174,178,180,175,175,175,175,175,175,175,176,176,175,176,174,176,178,174,173,176,171,175,179,176,172,169,172,176,174,173,174,174,175,177,175,174,173,174,173,172,173,173,174,175,174,172,172,171,173,176,175,172,172,168,166,162,158,148,128,106,85,64,55,48,41,40,45,48,44,43,42,41,41,41,42,44,46,44,48,50,50,65,84,107,118,128,124,121,114,0,0,0,0,0,0,0,0,0,0,0,0,0,0,0,0,0,0,0,0,0,0,0
0,0,0,0,0,0,0,0,0,0,0,0,0,0,0,113,145,166,160,134,106,82,51,40,39,42,41,39,40,42,43,43,43,43,43,43,43,43,44,44,45,42,41,43,51,58,87,120,148,163,169,174,177,177,177,177,177,177,175,170,167,168,170,172,180,179,175,173,173,173,175,172,167,171,177,176,175,173,167,164,172,173,166,180,172,171,169,168,174,176,178,175,174,170,168,169,172,171,168,167,169,172,171,169,166,164,166,168,172,175,177,178,172,168,172,175,170,173,177,175,174,171,169,171,169,170,175,174,174,174,178,182,185,183,176,175,174,174,170,166,173,182,175,188,189,182,179,175,172,173,173,176,176,174,174,177,175,172,176,179,174,170,173,171,166,168,170,171,171,173,174,175,177,178,177,178,176,176,178,177,177,177,174,174,175,174,174,172,173,173,174,173,174,176,176,177,175,174,173,171,173,174,170,172,175,174,175,175,175,174,172,172,173,172,167,168,171,171,168,158,139,119,96,71,58,52,47,45,46,46,44,42,41,41,41,42,42,44,42,42,48,50,46,57,74,97,112,123,123,123,120,106,0,0,0,0,0,0,0,0,0,0,0,0,0,0,0,0,0,0,0,0,0,0
0,0,0,0,0,0,0,0,0,0,0,0,0,0,99,126,153,163,151,116,85,70,44,44,44,44,42,39,41,43,43,43,43,43,43,42,43,44,45,44,46,41,39,39,52,64,101,134,156,166,170,173,174,175,179,180,179,180,183,183,182,180,173,173,184,182,177,176,177,179,182,184,177,179,186,184,183,176,172,170,179,181,175,179,178,175,178,175,173,174,176,177,177,171,169,169,172,173,170,168,171,176,176,175,175,172,170,169,173,176,178,171,168,166,172,178,177,173,176,175,176,174,172,177,174,169,171,167,167,166,170,174,179,181,182,185,185,185,178,171,177,185,185,191,187,177,176,175,174,176,173,170,168,174,176,171,170,175,173,177,178,179,176,175,174,172,172,173,172,173,174,174,177,178,176,182,178,173,175,179,182,176,174,172,172,172,175,175,174,173,174,172,174,176,176,176,175,175,175,173,175,176,171,173,176,175,176,177,177,177,173,172,173,173,169,170,174,174,170,162,147,130,110,79,63,56,52,48,45,46,46,45,44,43,44,46,45,45,44,41,43,48,46,51,67,86,103,117,123,129,128,117,0,0,0,0,0,0,0,0,0,0,0,0,0,0,0,0,0,0,0,0,0,0
0,0,0,0,0,0,0,0,0,0,0,0,0,0,110,137,152,145,125,95,63,49,42,46,47,47,46,43,41,43,43,43,43,43,43,43,43,43,43,44,44,41,40,42,47,52,88,104,119,131,135,139,137,137,145,146,145,145,148,156,159,159,162,162,169,169,172,174,175,170,169,172,178,179,180,182,182,178,169,169,175,176,177,178,179,180,181,181,175,173,175,182,179,180,176,174,175,179,178,174,174,181,178,181,180,180,174,170,172,175,172,171,168,167,170,173,181,179,178,176,177,177,179,179,178,174,170,170,171,171,170,170,172,176,180,181,182,185,182,179,178,180,181,181,178,174,173,175,174,176,176,176,176,177,175,173,174,178,175,181,187,181,175,175,178,177,177,173,170,172,174,174,178,177,176,185,179,173,174,178,181,174,170,171,170,173,174,175,176,175,174,173,176,177,177,177,178,175,177,175,177,177,174,175,176,174,176,177,177,176,175,173,173,173,171,172,174,173,167,160,154,140,128,98,72,59,54,48,43,42,46,45,43,43,44,43,44,45,44,44,45,46,48,48,59,76,98,112,124,132,131,126,115,0,0,0,0,0,0,0,0,0,0,0,0,0,0,0,0,0,0,0,0,0
0,0,0,0,0,0,0,0,0,0,0,0,0,106,133,150,151,133,108,78,51,42,42,48,48,45,44,45,44,43,43,43,43,43,43,43,43,43,44,43,43,42,42,43,45,46,53,59,65,71,76,79,79,78,88,90,93,96,98,105,111,113,118,120,119,119,118,126,132,131,134,147,149,143,149,150,145,152,159,157,157,156,166,175,178,178,172,169,166,176,179,180,184,187,187,183,181,182,187,186,185,184,182,183,180,181,182,183,182,182,179,179,174,175,175,177,187,185,181,177,179,178,177,183,178,177,177,178,181,180,176,171,170,174,173,173,170,172,176,176,173,173,174,172,173,176,177,176,174,178,183,186,187,184,180,178,179,181,176,181,184,180,172,172,179,179,180,176,172,172,172,172,175,177,174,182,180,175,174,177,178,172,171,171,171,173,174,175,176,175,175,174,176,177,178,177,177,175,177,177,178,177,175,175,175,174,174,175,174,175,175,173,173,175,174,172,170,168,167,166,162,147,138,111,86,68,54,47,44,43,44,43,41,41,43,42,43,44,44,45,45,45,46,48,54,64,86,100,122,134,133,135,126,0,0,0,0,0,0,0,0,0,0,0,0,0,0,0,0,0,0,0,0,0
0,0,0,0,0,0,0,0,0,0,0,0,0,125,149,157,147,120,91,64,44,41,44,49,48,41,41,45,46,45,44,43,43,43,43,43,43,43,44,43,43,45,45,44,42,41,36,34,31,31,34,33,31,30,27,27,32,35,35,38,44,47,48,51,49,53,48,51,57,62,63,67,70,67,70,77,79,86,98,103,100,98,102,116,117,121,126,130,125,137,144,144,144,150,160,165,167,162,160,161,165,168,168,176,180,182,182,180,177,180,181,178,185,187,187,187,178,179,181,184,181,179,175,178,185,185,183,185,188,190,190,187,184,183,181,181,180,179,182,182,181,182,179,175,173,174,175,175,174,176,180,182,183,180,177,176,176,177,178,179,175,175,174,171,177,182,175,176,176,175,173,172,173,177,176,179,179,181,178,174,172,174,175,171,173,175,174,173,175,177,176,174,175,177,177,177,176,175,176,177,176,175,176,176,174,174,175,175,174,176,176,174,174,177,175,170,165,163,166,171,168,152,144,123,103,79,56,45,44,43,46,45,42,42,43,43,44,44,44,45,45,45,42,42,45,54,73,90,115,128,131,135,127,108,0,0,0,0,0,0,0,0,0,0,0,0,0,0,0,0,0,0,0,0
0,0,0,0,0,0,0,0,0,0,0,0,123,138,155,155,137,105,76,57,44,42,44,46,44,40,41,44,46,46,43,43,42,42,42,42,42,42,43,44,45,48,48,45,42,40,38,36,35,37,38,37,35,34,35,34,36,38,37,35,35,35,34,33,33,40,38,31,30,32,36,37,38,36,33,34,35,41,49,54,51,50,49,62,64,72,75,81,84,82,89,102,101,99,103,107,108,112,116,123,124,126,130,132,133,142,151,155,155,158,162,163,160,161,166,171,169,178,181,183,180,175,172,173,182,181,183,185,187,188,190,194,193,192,185,185,189,190,187,185,191,194,191,189,184,180,180,185,185,183,181,180,182,183,182,182,183,181,178,174,172,177,178,169,169,178,178,181,181,175,169,172,174,178,178,174,174,183,185,175,167,174,178,169,173,177,176,172,172,174,178,176,177,179,178,178,176,175,174,174,173,173,175,175,174,173,175,176,176,177,178,176,175,177,176,171,169,167,168,172,171,160,148,134,117,90,59,43,43,47,47,46,42,42,44,44,45,45,46,44,44,45,43,41,43,49,68,86,105,121,132,135,128,119,0,0,0,0,0,0,0,0,0,0,0,0,0,0,0,0,0,0,0,0
0,0,0,0,0,0,0,0,0,0,0,109,130,142,153,144,119,85,60,52,47,43,43,43,43,42,42,43,44,44,43,43,42,42,42,42,42,42,43,44,46,48,48,45,43,42,43,45,48,50,50,50,49,49,47,46,43,42,42,41,40,40,45,45,48,49,48,41,38,38,41,40,36,37,37,35,33,34,29,28,30,27,30,31,34,39,37,39,34,33,36,28,35,29,35,37,36,41,45,52,52,52,56,57,58,65,68,71,76,79,87,102,106,108,113,118,118,122,123,127,131,135,141,145,150,149,150,154,157,160,167,173,174,173,174,175,179,181,180,179,184,187,189,191,189,188,188,192,193,192,188,187,191,195,195,197,198,195,191,181,182,189,186,178,174,177,180,183,186,183,177,180,181,181,185,177,174,181,184,178,173,177,181,172,175,180,179,175,172,172,175,174,175,178,180,181,177,175,172,173,174,175,175,176,175,173,173,174,175,175,176,175,172,171,171,172,176,175,170,168,169,165,154,141,126,103,73,48,40,46,46,45,42,43,45,46,47,48,45,45,47,45,43,42,43,45,58,76,98,120,132,133,131,124,113,0,0,0,0,0,0,0,0,0,0,0,0,0,0,0,0,0,0,0
0,0,0,0,0,0,0,0,0,0,0,120,138,144,144,130,103,70,49,47,47,44,44,44,44,43,44,44,44,43,44,43,43,43,43,43,43,43,43,43,44,45,45,44,44,44,44,46,49,51,50,51,53,54,55,53,49,46,49,49,50,52,57,51,48,50,56,60,58,55,50,50,50,53,52,54,58,58,58,54,53,47,47,49,52,54,51,50,46,45,45,38,34,40,34,35,36,35,37,36,35,33,35,34,30,30,28,32,38,38,41,54,57,59,61,65,71,72,69,70,71,77,83,90,92,93,91,94,99,105,113,117,117,119,123,126,128,131,137,141,143,146,147,153,155,155,154,159,165,168,166,169,173,175,177,180,183,183,187,180,182,188,192,193,189,188,189,188,190,191,189,188,186,185,187,181,181,183,181,180,181,182,181,179,181,182,181,179,179,179,178,175,175,177,182,184,180,177,173,175,178,180,179,179,178,176,173,174,175,174,174,173,170,168,170,172,177,177,172,168,169,168,159,146,133,116,89,58,41,43,45,46,44,44,46,46,47,48,46,46,49,48,46,42,41,42,48,65,85,109,125,128,129,125,112,0,0,0,0,0,0,0,0,0,0,0,0,0,0,0,0,0,0,0
0,0,0,0,0,0,0,0,0,0,103,124,142,142,134,119,91,62,46,45,45,45,46,46,45,44,44,44,44,44,43,43,43,43,43,43,43,43,44,43,43,42,42,43,44,45,45,46,48,47,46,46,49,51,50,50,50,49,52,51,50,51,45,44,46,51,56,56,54,51,51,52,52,52,55,54,53,53,54,54,53,52,51,57,55,55,55,47,44,48,38,41,38,45,50,49,49,47,50,51,54,56,52,50,47,46,45,48,50,46,44,43,47,44,41,41,31,32,33,29,30,30,32,35,26,29,32,34,35,36,36,36,39,45,56,58,58,62,70,76,77,79,86,93,94,92,91,96,104,111,119,125,127,128,132,134,135,140,147,153,157,160,168,175,171,168,175,176,179,185,191,189,186,183,182,181,186,189,188,186,188,188,191,192,189,187,186,187,186,185,184,180,180,179,183,186,182,180,178,179,182,183,182,182,181,179,180,180,181,181,181,179,177,179,179,177,175,172,173,174,175,175,166,155,143,127,102,72,52,49,45,47,46,46,45,43,44,45,48,48,48,48,48,45,41,40,41,56,71,95,120,126,124,125,118,113,0,0,0,0,0,0,0,0,0,0,0,0,0,0,0,0,0,0
0,0,0,0,0,0,0,0,0,89,105,120,136,136,126,108,78,54,45,46,44,45,45,45,45,45,44,44,44,44,43,43,43,43,43,43,43,43,43,44,43,42,41,42,44,45,44,44,48,46,45,43,47,48,48,47,48,49,51,49,49,48,50,50,49,47,47,43,49,49,53,51,54,53,52,49,47,47,48,50,53,53,53,53,51,54,55,55,52,50,49,54,52,52,51,48,47,50,53,54,53,55,53,53,55,57,55,56,54,50,49,48,47,47,48,49,39,41,42,44,42,43,44,37,39,42,44,44,43,40,39,39,39,44,52,48,44,45,46,47,44,43,51,56,56,54,50,50,55,63,77,83,83,85,91,88,85,91,96,105,109,114,124,136,134,127,134,136,135,140,151,153,154,154,150,153,154,157,166,167,169,168,173,174,169,173,182,188,187,184,177,175,177,176,181,184,182,181,182,182,182,183,183,183,182,179,177,175,176,179,180,179,179,185,182,180,175,170,172,176,177,176,175,165,153,137,117,92,65,51,44,48,48,47,45,42,43,44,43,46,47,45,43,45,43,42,43,54,65,83,106,114,119,131,117,122,0,0,0,0,0,0,0,0,0,0,0,0,0,0,0,0,0,0
0,0,0,0,0,0,0,0,0,101,105,120,131,127,126,99,67,49,47,48,48,47,46,46,47,46,44,44,44,44,44,44,43,44,44,42,43,43,46,44,44,43,42,40,42,44,45,48,46,46,45,44,46,47,47,47,47,48,49,48,53,52,52,52,49,46,46,47,49,50,51,51,50,50,49,49,48,48,49,50,50,51,51,50,51,52,52,52,51,53,53,54,54,54,51,49,49,51,51,53,55,52,50,52,57,61,63,62,57,54,51,50,50,50,51,51,50,50,51,52,52,51,50,49,49,50,51,51,52,53,53,51,50,51,53,53,53,53,54,54,53,50,47,46,45,44,44,44,43,42,41,39,38,38,38,38,39,40,43,44,46,48,49,50,52,52,55,60,63,63,59,59,63,69,79,93,97,90,95,102,111,112,111,120,118,129,146,148,148,150,153,155,160,162,163,168,170,169,174,184,185,185,189,196,198,190,175,175,184,183,181,179,180,180,184,181,178,173,177,183,184,180,176,168,153,142,129,107,80,57,45,46,46,49,47,44,43,42,44,43,44,45,45,44,43,42,38,49,63,70,83,98,115,128,128,131,123,0,0,0,0,0,0,0,0,0,0,0,0,0,0,0,0,0
0,0,0,0,0,0,0,0,90,102,108,121,129,121,117,82,54,46,49,49,48,49,47,46,46,45,44,44,44,44,44,44,43,44,44,43,44,44,45,45,46,44,42,40,42,43,45,46,45,45,45,45,45,44,44,47,43,44,44,44,55,57,57,56,53,52,53,54,54,55,53,52,52,50,49,49,49,49,48,48,48,49,49,49,51,52,53,54,54,55,54,54,53,52,51,49,48,50,50,51,53,51,49,52,57,62,64,62,57,54,52,52,52,52,52,52,52,51,52,52,52,52,52,52,52,52,54,54,55,55,55,55,54,55,54,54,54,55,55,56,55,54,52,52,51,51,51,51,50,50,49,49,48,48,48,48,48,49,48,48,49,50,51,52,54,52,50,52,55,54,50,49,52,56,42,58,64,63,60,62,65,68,74,83,83,87,93,95,99,103,102,109,111,114,120,125,126,129,127,134,138,139,145,153,155,151,144,148,160,167,167,166,164,162,172,179,166,174,176,184,187,187,187,180,165,150,137,119,96,76,49,45,47,50,48,44,44,43,43,43,43,44,43,42,42,42,40,47,54,59,73,94,113,126,129,133,128,0,0,0,0,0,0,0,0,0,0,0,0,0,0,0,0,0
0,0,0,0,0,0,0,0,86,98,110,125,130,118,105,71,49,46,50,49,47,49,48,47,45,44,44,44,44,44,44,44,44,44,44,42,43,43,43,42,43,42,42,44,45,44,43,44,47,47,47,47,47,47,47,47,45,45,45,45,45,46,48,50,52,53,52,51,51,53,54,53,51,48,46,46,47,48,49,48,47,48,49,50,51,51,51,54,54,55,53,53,52,51,50,50,48,49,50,51,52,51,49,52,57,61,62,60,56,54,53,53,53,53,53,53,53,54,53,53,53,53,53,53,53,53,53,53,52,51,51,52,54,54,55,55,55,55,55,55,55,55,54,54,54,54,55,55,56,56,56,57,57,57,57,56,55,55,54,54,53,54,54,55,56,54,51,52,55,55,53,53,57,58,52,59,52,47,43,39,37,43,47,47,43,45,43,43,46,48,36,34,31,37,42,46,49,50,46,51,58,59,62,68,72,74,78,81,88,97,102,107,108,113,118,118,131,133,132,140,152,154,163,163,151,136,126,115,97,78,51,43,45,48,47,44,44,43,42,42,43,43,42,41,42,42,44,44,45,52,73,100,118,126,126,128,129,122,0,0,0,0,0,0,0,0,0,0,0,0,0,0,0,0
0,0,0,0,0,0,0,78,83,95,113,131,133,116,96,68,48,44,48,49,47,47,47,47,45,43,44,44,44,44,44,44,44,44,43,42,42,43,43,42,42,41,42,47,46,42,42,41,47,46,45,46,46,46,46,46,49,48,47,46,40,41,44,48,51,53,51,49,50,53,53,52,51,48,47,46,47,49,49,48,47,48,49,49,49,49,49,51,50,51,50,50,51,51,50,50,48,48,50,51,52,52,51,52,56,58,58,57,54,53,53,53,53,53,53,53,53,54,53,53,53,53,53,53,53,53,54,53,51,49,49,51,53,54,54,54,54,54,54,54,54,54,52,52,52,52,52,53,54,55,57,59,60,60,59,59,58,57,57,57,56,57,57,57,57,56,54,54,57,58,60,61,64,64,56,60,51,44,48,49,50,53,50,51,53,56,51,46,46,48,44,42,36,35,36,33,30,32,36,39,41,40,38,38,40,42,46,48,50,57,61,60,57,66,68,65,83,76,77,85,89,94,105,108,104,96,91,86,75,62,49,42,43,44,45,45,44,43,42,42,43,44,43,42,42,42,41,38,36,45,67,98,118,127,129,131,131,129,111,0,0,0,0,0,0,0,0,0,0,0,0,0,0,0
0,0,0,0,0,0,77,77,79,92,111,128,130,114,98,71,45,38,46,49,47,45,46,47,45,43,44,45,44,44,44,44,44,44,44,43,43,43,42,42,44,43,43,49,47,44,44,41,45,44,43,44,44,43,44,45,42,42,41,42,45,48,47,48,49,49,49,48,49,50,50,50,51,50,50,50,50,50,50,49,49,49,49,49,49,49,49,49,47,48,48,48,49,50,49,49,47,48,51,51,52,52,53,53,55,55,55,54,52,52,52,52,52,52,52,52,52,52,52,52,52,52,52,52,52,52,52,52,51,49,49,51,52,52,53,53,53,53,54,54,54,54,54,54,53,53,53,54,54,55,54,55,56,56,56,56,57,57,57,58,58,58,58,57,57,57,55,54,54,53,54,54,54,51,49,47,48,48,50,49,54,55,52,55,56,57,53,50,50,52,53,55,56,52,50,51,49,52,53,51,48,48,45,40,39,38,39,42,45,47,45,36,28,29,36,35,30,24,26,32,33,32,44,46,48,53,54,51,47,46,47,45,45,44,44,46,43,43,43,42,43,44,43,42,43,42,43,39,37,44,60,86,106,120,131,138,136,131,119,0,0,0,0,0,0,0,0,0,0,0,0,0,0,0
0,0,0,0,0,0,76,75,79,92,108,121,124,116,103,76,46,39,47,48,47,47,47,47,45,44,44,44,44,44,44,44,44,44,44,44,43,43,41,39,42,43,43,51,47,45,44,42,47,46,46,47,47,46,46,46,45,46,47,48,47,48,49,49,48,48,49,49,49,50,49,49,50,50,50,50,50,50,51,50,50,50,50,50,49,50,50,48,47,49,49,48,49,49,48,49,47,48,50,51,52,52,54,53,54,53,52,52,51,51,50,51,52,52,52,52,52,52,52,52,52,52,52,52,52,52,52,53,52,51,51,52,53,54,53,53,53,54,55,55,55,54,57,57,57,58,58,57,57,56,54,53,53,52,51,52,54,55,56,57,58,57,56,56,55,56,59,57,53,50,49,47,43,40,65,59,59,65,63,58,56,56,56,60,59,58,52,47,50,57,52,49,53,52,48,52,51,50,58,56,53,55,54,48,48,47,43,43,46,45,42,41,42,41,46,42,46,39,41,46,38,33,27,27,31,38,41,39,39,44,50,52,50,46,44,45,43,44,44,43,43,44,43,43,43,43,47,43,39,43,50,68,89,109,121,135,136,133,126,112,0,0,0,0,0,0,0,0,0,0,0,0,0,0
0,0,0,0,0,72,74,75,82,93,104,113,118,116,103,78,52,43,46,47,47,50,49,47,45,45,44,44,44,43,44,44,44,44,44,44,42,42,42,39,41,43,43,50,45,43,41,40,44,44,45,44,45,45,47,45,48,46,46,47,47,48,47,49,49,49,49,49,49,50,50,50,49,49,50,50,50,50,50,49,50,50,50,50,49,49,49,49,47,50,49,49,49,49,48,49,48,49,50,51,52,52,53,52,52,51,50,49,49,50,51,51,52,52,52,52,52,52,51,52,52,52,51,51,51,52,52,52,52,52,52,53,54,54,54,53,54,54,55,54,54,54,55,56,56,56,56,56,56,55,55,55,54,54,53,53,54,55,56,57,58,56,56,56,54,55,60,58,53,52,52,51,46,44,51,51,51,54,56,58,55,54,52,53,50,55,56,48,46,48,52,52,53,52,51,47,42,47,50,48,48,52,50,44,44,47,47,45,45,43,44,50,57,59,54,55,49,50,52,54,51,47,45,46,47,47,46,44,45,49,50,52,51,47,45,44,44,44,45,43,43,44,43,43,44,45,47,46,43,42,40,52,77,104,111,128,134,134,131,120,0,0,0,0,0,0,0,0,0,0,0,0,0,0
0,0,0,0,79,74,75,75,80,85,92,104,112,115,106,83,62,47,45,47,47,49,50,46,44,46,46,45,44,44,44,43,44,43,43,43,41,41,42,38,42,44,42,49,46,46,48,45,45,44,46,46,46,44,47,47,46,47,47,44,49,47,49,50,50,49,49,49,49,49,48,48,49,49,50,50,50,50,50,49,50,50,51,51,50,50,48,49,48,49,48,49,49,49,48,49,49,49,50,50,51,52,52,51,52,50,49,49,49,51,52,52,52,51,50,51,51,51,51,51,51,51,51,51,51,51,51,52,54,54,54,54,54,54,54,54,54,55,54,54,54,54,53,53,53,53,53,53,53,54,55,55,56,57,57,56,56,56,56,57,57,56,56,56,54,54,53,53,49,50,53,54,51,51,50,46,47,47,43,43,49,54,53,54,48,53,56,51,51,51,52,52,53,54,52,49,48,51,54,49,51,56,56,50,50,55,56,56,51,49,50,50,50,52,51,50,47,46,46,48,48,52,50,51,49,46,43,42,44,49,48,47,47,47,46,45,46,44,44,43,43,43,43,43,44,44,48,48,45,41,36,42,64,91,106,125,134,133,133,128,113,0,0,0,0,0,0,0,0,0,0,0,0,0
0,0,0,0,78,79,78,77,76,79,84,97,110,113,103,80,62,49,45,45,43,48,49,50,54,54,49,45,44,46,46,44,44,43,41,44,38,42,43,37,42,46,41,47,47,48,50,48,45,47,48,48,44,43,47,49,47,47,47,48,46,48,49,50,50,49,49,49,49,50,48,50,48,50,50,49,49,52,51,51,50,49,49,50,49,49,49,49,49,49,49,49,49,50,48,49,50,50,50,49,50,51,49,49,49,50,49,48,49,50,53,53,52,51,50,49,50,50,51,51,51,51,51,51,51,52,52,52,52,52,52,52,51,51,52,52,54,54,54,57,55,55,53,53,52,53,52,52,52,52,52,54,56,58,57,56,56,56,56,56,56,56,56,56,54,53,54,53,51,51,52,53,53,52,51,51,52,51,51,51,54,52,51,51,46,46,50,49,49,51,52,52,52,52,49,48,49,50,51,51,51,54,54,53,52,53,51,50,51,50,49,50,49,50,50,49,43,42,43,46,50,51,50,49,49,48,44,43,44,45,44,44,45,45,45,45,45,45,44,45,44,44,44,43,45,46,46,46,45,42,41,43,54,71,104,120,134,142,137,131,119,0,0,0,0,0,0,0,0,0,0,0,0,0
0,0,0,75,77,83,80,75,74,76,75,84,96,99,98,87,66,53,48,42,42,45,46,50,55,55,52,50,51,50,50,45,46,43,43,42,38,42,45,43,46,48,44,49,47,47,48,45,45,48,48,49,49,45,46,49,50,49,48,49,49,49,48,49,50,49,50,50,49,48,52,51,50,54,51,50,49,50,51,51,49,48,48,49,49,48,50,48,49,50,48,49,51,48,50,47,45,47,50,51,49,47,49,50,50,47,45,45,45,44,46,49,52,54,55,53,52,50,51,50,49,50,51,51,51,51,52,52,52,52,52,52,52,52,52,52,54,54,55,57,55,55,53,53,52,52,52,52,53,52,53,54,54,55,56,55,55,55,56,56,56,56,56,56,55,54,54,54,53,53,52,52,52,52,52,52,54,53,50,51,57,54,51,51,45,45,49,50,53,54,51,52,51,51,51,48,48,50,49,49,49,51,51,51,51,51,51,52,54,55,55,55,55,56,57,53,43,42,43,47,50,51,50,48,48,47,43,42,42,42,43,42,43,43,44,46,45,46,44,43,43,43,43,43,45,45,44,46,45,45,43,41,43,55,86,105,126,136,134,133,128,112,0,0,0,0,0,0,0,0,0,0,0,0
0,0,80,77,79,81,79,73,73,75,74,78,83,86,93,91,72,60,49,38,37,37,35,37,43,45,46,44,46,46,42,41,40,38,36,42,39,42,47,47,48,48,46,49,48,47,47,43,47,46,51,55,49,53,52,50,51,52,52,51,51,50,48,49,50,49,48,48,50,50,50,50,50,45,49,49,50,48,47,47,47,47,44,43,44,46,48,48,49,49,49,49,49,49,50,48,47,48,50,51,50,48,51,53,53,50,49,50,49,47,45,47,50,52,54,54,53,52,52,48,47,49,51,52,51,51,52,52,52,52,52,52,52,52,52,51,53,53,54,56,54,54,53,53,52,52,52,52,53,53,53,53,52,52,53,54,54,54,56,56,56,56,56,56,56,55,54,54,53,52,51,51,52,52,52,53,54,52,50,50,54,52,49,51,46,46,49,51,56,54,51,50,50,52,49,47,48,48,48,48,48,49,50,49,49,49,48,48,50,49,49,49,49,49,49,48,42,41,43,46,49,50,48,47,46,46,43,43,44,43,43,43,43,43,44,45,44,44,45,44,43,43,42,43,45,44,46,47,46,45,44,43,42,47,69,91,116,128,131,135,133,116,0,0,0,0,0,0,0,0,0,0,0,0
0,0,77,78,79,78,78,74,70,71,74,74,70,72,84,83,77,69,59,48,41,35,32,31,34,35,37,35,34,36,37,35,35,35,35,33,35,36,36,38,37,37,39,39,39,40,39,35,31,31,34,38,42,42,42,43,48,47,46,45,48,48,50,49,49,50,50,50,49,49,50,51,52,50,49,55,54,51,49,47,46,48,48,48,48,47,47,48,47,47,48,48,47,47,43,45,46,45,42,41,43,46,46,47,48,49,49,50,51,52,51,51,48,48,49,51,54,54,51,47,46,48,51,52,52,52,52,52,52,52,52,52,52,52,52,52,53,53,54,56,55,54,53,53,52,52,52,52,53,53,53,53,52,50,50,52,53,54,55,54,54,55,55,55,55,54,54,53,52,52,52,52,53,53,54,54,56,52,47,47,52,51,51,52,50,48,45,44,48,49,49,50,51,51,47,44,46,48,48,49,50,49,50,50,50,49,49,48,47,47,47,47,46,46,45,46,45,45,45,45,46,47,48,47,46,46,43,43,43,43,43,43,43,43,44,45,44,44,43,44,43,42,42,42,43,45,46,48,48,47,46,49,45,43,59,84,109,121,128,135,138,128,122,0,0,0,0,0,0,0,0,0,0,0
0,75,75,73,74,75,75,74,72,72,74,72,65,66,79,82,85,86,82,74,63,57,54,48,51,47,41,41,39,38,41,40,41,43,41,36,38,37,38,41,38,35,38,34,34,33,30,28,25,25,31,36,39,40,40,38,45,46,45,44,47,46,47,47,47,50,47,45,42,44,45,47,47,45,48,47,44,47,48,48,50,50,49,50,51,51,52,47,47,48,48,49,50,48,41,42,43,42,39,37,39,41,42,41,41,43,44,44,46,48,55,54,51,49,49,49,50,50,47,47,49,50,49,50,53,54,54,53,53,53,53,53,53,53,53,53,53,54,55,56,55,55,53,53,52,52,52,52,53,53,56,55,52,50,49,51,53,54,55,54,54,54,54,54,53,53,53,52,52,52,53,53,52,51,49,51,47,46,56,58,54,54,54,47,46,48,51,53,53,53,51,48,49,51,51,54,56,51,49,47,48,48,49,47,47,47,49,49,49,50,51,51,50,50,50,49,46,47,46,45,44,44,48,48,47,47,44,44,44,44,44,44,45,45,45,45,44,44,42,43,42,42,45,44,42,45,49,51,49,47,47,50,45,42,56,78,105,116,123,130,141,138,128,0,0,0,0,0,0,0,0,0,0,0
0,69,70,68,68,71,72,74,75,76,76,75,71,70,77,81,82,89,97,98,96,97,88,79,83,81,71,73,75,74,71,71,68,67,62,64,64,61,63,67,62,56,57,52,49,47,44,39,48,44,41,53,50,42,35,38,49,47,40,36,40,43,44,36,31,35,40,44,42,41,43,43,44,30,36,42,52,49,44,42,44,50,53,52,51,51,51,49,49,52,52,51,52,53,52,49,47,48,51,52,51,49,52,52,51,50,49,48,48,48,52,54,55,55,54,50,47,43,43,46,51,51,49,49,54,57,55,54,53,53,53,53,53,53,53,53,53,54,55,56,55,55,53,53,52,52,52,51,52,52,55,54,53,52,53,53,53,52,54,54,53,53,53,53,52,52,51,52,52,52,52,52,51,51,50,54,50,48,58,57,52,55,57,49,51,52,51,49,45,45,48,50,51,51,52,54,56,54,50,49,47,46,48,48,47,46,48,49,49,50,50,49,50,50,50,49,48,49,48,46,43,43,47,47,47,47,46,46,46,46,45,46,48,47,47,46,44,45,44,45,43,44,47,44,40,43,47,50,45,44,47,46,41,45,53,68,95,112,118,125,137,134,127,112,0,0,0,0,0,0,0,0,0,0
0,0,0,0,0,0,0,0,0,0,0,0,0,0,75,77,77,86,98,101,101,101,100,102,110,116,113,112,109,107,107,105,109,108,106,109,100,92,98,105,99,92,92,93,90,87,84,77,82,82,82,81,82,79,78,72,70,60,55,56,57,54,48,41,35,34,36,38,38,37,37,35,31,28,29,30,31,29,33,32,36,43,46,42,41,44,42,42,44,47,48,44,44,48,51,49,47,49,52,53,52,50,55,56,56,55,54,53,52,50,49,52,53,54,54,52,50,46,44,44,47,49,49,51,55,56,53,52,52,52,53,52,52,52,54,53,53,54,55,56,55,55,54,54,52,52,52,52,53,52,52,53,54,56,56,54,53,52,52,51,51,51,51,51,51,51,52,52,52,52,52,52,53,53,57,52,53,53,53,54,56,54,53,48,50,52,52,50,45,43,47,55,48,45,52,49,43,47,38,38,42,55,58,51,47,50,50,50,49,48,47,47,48,48,49,50,50,51,49,46,42,42,46,47,46,46,45,46,45,45,44,45,48,49,48,47,47,48,46,46,46,46,47,45,42,43,44,46,46,46,48,44,40,45,47,58,84,106,114,120,130,128,125,113,0,0,0,0,0,0,0,0,0,0
0,0,0,0,0,0,0,0,0,0,0,0,0,0,0,0,0,0,0,0,0,0,0,0,0,0,0,0,119,118,119,121,124,124,123,144,132,125,124,133,127,118,116,124,122,117,115,113,117,108,111,110,112,107,107,106,113,108,94,84,87,96,97,96,96,91,88,83,82,80,73,64,58,60,58,57,56,50,43,43,42,44,44,41,38,37,34,30,32,36,35,32,32,32,33,35,37,36,34,32,34,37,41,42,43,44,46,47,48,48,49,49,48,48,49,52,56,56,49,43,42,46,50,54,54,52,52,51,51,52,53,52,51,51,52,52,52,53,54,54,54,54,55,54,52,52,53,53,53,52,51,53,56,58,56,54,53,53,52,52,52,53,53,53,52,52,52,51,51,52,52,52,52,51,53,51,53,53,53,51,50,51,49,48,51,53,53,51,49,47,49,50,49,49,50,49,47,45,51,53,54,54,51,49,46,45,49,48,45,44,45,45,46,46,48,47,47,47,46,44,40,40,45,46,45,45,45,46,45,45,45,46,48,49,48,47,46,47,47,47,50,50,48,48,49,51,49,49,52,52,49,46,44,44,45,57,80,102,111,115,123,125,125,115,104,0,0,0,0,0,0,0,0,0
0,0,0,0,0,0,0,0,0,0,0,0,0,0,0,0,0,0,0,0,0,0,0,0,0,0,0,0,0,0,0,0,0,0,0,0,0,0,0,0,0,0,129,122,124,131,133,129,130,133,129,129,131,125,115,117,132,141,139,134,134,133,131,131,133,128,127,130,129,131,132,134,124,117,119,115,106,110,106,105,105,100,90,79,79,78,81,75,73,69,58,54,52,48,49,41,38,41,36,40,41,34,24,26,32,30,41,37,30,33,38,32,30,29,28,32,43,51,50,42,39,41,44,49,48,49,47,50,51,52,52,51,50,49,48,46,46,49,49,49,53,51,52,52,51,52,55,56,57,51,52,55,56,54,55,53,55,52,55,54,53,56,59,58,55,54,51,52,52,52,52,55,49,50,51,51,52,51,51,51,48,48,47,45,47,51,51,50,47,49,45,44,43,49,49,44,47,38,51,51,50,49,47,48,50,46,49,45,45,45,46,47,46,47,47,49,46,47,47,45,44,44,46,46,45,47,47,45,42,43,44,46,50,50,48,45,45,43,46,46,45,46,48,47,46,49,47,50,46,45,48,48,43,43,43,55,78,102,113,114,120,121,124,112,101,0,0,0,0,0,0,0,0,0
0,0,0,0,0,0,0,0,0,0,0,0,0,0,0,0,0,0,0,0,0,0,0,0,0,0,0,0,0,0,0,0,0,0,0,0,0,0,0,0,0,0,0,0,0,0,0,0,0,0,0,0,0,0,0,0,0,126,124,122,123,126,128,128,149,146,151,153,156,149,150,157,153,147,149,144,140,142,147,147,146,143,137,131,130,129,132,125,128,124,108,103,102,100,106,105,96,97,98,94,89,84,80,77,79,72,69,69,70,67,61,58,54,49,48,47,51,56,48,36,34,38,41,42,44,45,44,46,50,51,51,46,48,43,43,48,48,46,50,47,41,44,50,50,49,51,51,53,53,51,48,47,49,48,51,57,61,53,51,50,51,56,60,58,51,52,56,58,57,58,58,58,52,52,51,52,52,52,50,47,47,48,50,49,49,52,51,49,48,51,50,50,49,50,49,45,47,57,50,49,48,49,50,50,50,50,46,43,43,44,44,45,46,46,44,44,41,42,43,43,42,42,44,44,45,49,47,44,42,44,45,48,50,48,47,44,44,43,41,41,41,41,42,40,39,39,44,45,43,43,48,49,43,45,48,55,75,102,117,118,119,120,119,108,97,90,0,0,0,0,0,0,0,0
0,0,0,0,0,0,0,0,0,0,0,0,0,0,0,0,0,0,0,0,0,0,0,0,0,0,0,0,0,0,0,0,0,0,0,0,0,0,0,0,0,0,0,0,0,0,0,0,0,0,0,0,0,0,0,0,0,0,0,0,0,0,0,0,0,0,0,0,0,0,0,174,159,162,169,165,163,166,169,173,172,172,173,171,175,172,169,167,169,172,164,163,162,161,161,165,155,152,157,151,145,151,151,149,144,141,130,127,130,127,124,119,116,112,108,102,98,89,84,82,84,80,83,81,77,69,62,61,64,62,56,49,55,48,47,47,50,52,54,50,46,45,47,48,49,49,50,51,51,53,53,52,50,49,49,48,46,46,51,47,46,50,50,49,46,55,59,58,55,56,56,56,57,56,52,51,49,52,50,46,47,48,51,52,50,49,49,51,52,50,53,56,50,48,50,56,58,58,47,48,48,49,52,50,47,48,48,45,45,45,43,44,45,44,45,45,47,47,47,47,47,47,46,46,47,48,44,43,43,44,43,46,46,42,45,43,43,43,43,44,43,44,44,42,40,42,43,45,46,46,47,47,44,51,56,59,76,103,120,122,118,119,119,108,96,87,0,0,0,0,0,0,0,0
0,0,0,0,0,0,0,0,0,0,0,0,0,0,0,0,0,0,0,0,0,0,0,0,0,0,0,0,0,0,0,0,0,0,0,0,0,0,0,0,0,0,0,0,0,0,0,0,0,0,0,0,0,0,0,0,0,0,0,0,0,0,0,0,0,0,0,0,0,0,0,0,0,0,0,0,0,0,0,0,0,0,0,0,0,166,160,156,158,162,168,177,168,165,168,176,162,158,161,164,170,173,176,172,164,177,174,167,160,152,153,154,158,159,156,149,143,128,145,141,140,131,128,127,122,114,111,106,96,94,98,94,86,77,71,78,80,78,77,75,75,72,63,56,62,60,58,60,63,58,52,51,51,49,48,51,49,44,47,39,37,46,51,50,43,46,49,47,52,54,52,49,55,53,52,50,50,55,57,54,54,54,59,65,63,51,45,51,55,55,54,58,54,43,49,58,52,53,56,56,56,55,58,59,57,58,55,53,51,51,49,46,47,47,48,46,50,51,50,49,49,49,49,49,50,49,45,47,48,45,46,49,48,45,50,49,48,49,47,47,48,48,45,44,46,48,46,47,52,54,51,46,42,50,54,58,75,99,115,120,114,115,117,105,92,84,82,0,0,0,0,0,0,0
0,0,0,0,0,0,0,0,0,0,0,0,0,0,0,0,0,0,0,0,0,0,0,0,0,0,0,0,0,0,0,0,0,0,0,0,0,0,0,0,0,0,0,0,0,0,0,0,0,0,0,0,0,0,0,0,0,0,0,0,0,0,0,0,0,0,0,0,0,0,0,0,0,0,0,0,0,0,0,0,0,0,0,0,0,0,0,0,0,0,0,0,0,0,0,0,0,0,0,0,173,176,174,166,168,175,170,169,172,171,181,186,187,183,181,177,174,166,179,161,164,168,162,158,155,156,163,156,150,146,147,149,147,140,131,132,133,133,132,130,121,111,104,101,107,103,100,94,93,92,87,83,78,73,70,69,64,58,53,46,44,53,60,58,53,50,45,38,37,39,41,40,43,41,37,38,42,46,45,44,42,42,42,46,48,43,42,50,49,48,47,50,51,42,46,52,45,44,51,49,47,42,39,42,49,54,52,53,52,52,53,51,52,53,52,46,47,47,47,47,47,46,47,47,47,45,40,42,44,42,43,46,45,43,49,50,49,50,47,46,48,47,42,41,44,44,44,43,51,55,49,44,42,51,58,64,81,102,116,120,113,114,112,100,88,82,82,0,0,0,0,0,0,0
0,0,0,0,0,0,0,0,0,0,0,0,0,0,0,0,0,0,0,0,0,0,0,0,0,0,0,0,0,0,0,0,0,0,0,0,0,0,0,0,0,0,0,0,0,0,0,0,0,0,0,0,0,0,0,0,0,0,0,0,0,0,0,0,0,0,0,0,0,0,0,0,0,0,0,0,0,0,0,0,0,0,0,0,0,0,0,0,0,0,0,0,0,0,0,0,0,0,0,0,0,0,0,0,0,0,0,0,0,0,0,0,0,0,149,155,162,163,168,160,159,160,161,163,159,165,168,167,167,161,162,162,162,161,164,156,158,159,158,158,145,143,136,132,135,134,126,119,115,118,117,118,113,107,106,105,103,98,91,90,90,91,91,90,87,82,79,80,75,70,65,62,58,57,50,50,54,54,53,53,49,47,46,41,41,45,46,45,40,41,46,46,46,43,41,40,38,29,53,45,38,35,33,37,43,44,41,43,44,45,49,53,53,55,54,48,47,47,47,47,48,48,49,49,51,51,46,45,46,47,49,50,49,47,49,51,52,53,51,49,52,52,47,45,45,43,42,41,47,51,46,43,44,54,64,72,88,108,119,121,114,113,109,98,85,79,79,76,0,0,0,0,0,0
0,0,0,0,0,0,0,0,0,0,0,0,0,0,0,0,0,0,0,0,0,0,0,0,0,0,0,0,0,0,0,0,0,0,0,0,0,0,0,0,0,0,0,0,0,0,0,0,0,0,0,0,0,0,0,0,0,0,0,0,0,0,0,0,0,0,0,0,0,0,0,0,0,0,0,0,0,0,0,0,0,0,0,0,0,0,0,0,0,0,0,0,0,0,0,0,0,0,0,0,0,0,0,0,0,0,0,0,0,0,0,0,0,0,0,0,0,0,0,0,0,0,0,0,0,0,0,0,0,153,153,156,162,165,164,160,160,160,167,169,146,147,145,143,140,142,146,146,143,149,149,141,142,146,144,142,146,137,140,140,133,125,126,130,125,119,122,127,121,116,111,111,110,106,102,99,98,96,94,92,86,79,66,58,55,66,69,61,55,54,50,46,47,44,39,34,33,40,45,42,37,35,34,36,41,37,42,38,39,40,42,45,44,45,44,43,43,44,43,43,44,44,46,47,49,53,51,48,47,49,54,54,53,51,48,49,53,54,54,54,54,55,53,52,50,49,48,49,49,52,52,52,53,61,67,77,92,105,112,113,109,107,107,99,86,79,77,74,0,0,0,0,0,0
0,0,0,0,0,0,0,0,0,0,0,0,0,0,0,0,0,0,0,0,0,0,0,0,0,0,0,0,0,0,0,0,0,0,0,0,0,0,0,0,0,0,0,0,0,0,0,0,0,0,0,0,0,0,0,0,0,0,0,0,0,0,0,0,0,0,0,0,0,0,0,0,0,0,0,0,0,0,0,0,0,0,0,0,0,0,0,0,0,0,0,0,0,0,0,0,0,0,0,0,0,0,0,0,0,0,0,0,0,0,0,0,0,0,0,0,0,0,0,0,0,0,0,0,0,0,0,0,0,0,0,0,0,0,0,0,0,0,0,0,0,0,0,118,119,120,124,125,125,125,121,117,122,132,139,143,151,142,148,153,144,131,131,141,136,132,141,141,138,135,133,133,143,139,137,136,134,135,135,132,127,118,116,113,109,116,111,99,99,102,102,97,92,95,86,79,84,89,60,59,52,50,53,57,57,44,52,40,39,38,34,33,28,28,30,32,31,33,33,33,33,30,29,28,25,25,25,24,23,25,25,26,29,31,26,29,33,35,39,40,39,39,40,40,38,40,42,46,43,42,47,51,58,70,68,81,93,96,96,96,94,91,97,91,81,76,72,70,72,0,0,0,0,0
0,0,0,0,0,0,0,0,0,0,0,0,0,0,0,0,0,0,0,0,0,0,0,0,0,0,0,0,0,0,0,0,0,0,0,0,0,0,0,0,0,0,0,0,0,0,0,0,0,0,0,0,0,0,0,0,0,0,0,0,0,0,0,0,0,0,0,0,0,0,0,0,0,0,0,0,0,0,0,0,0,0,0,0,0,0,0,0,0,0,0,0,0,0,0,0,0,0,0,0,0,0,0,0,0,0,0,0,0,0,0,0,0,0,0,0,0,0,0,0,0,0,0,0,0,0,0,0,0,0,0,0,0,0,0,0,0,0,0,0,0,0,0,0,0,0,0,0,0,0,0,0,0,0,0,0,0,135,124,134,122,117,131,140,137,142,142,141,148,161,154,158,148,144,143,143,139,146,160,159,163,157,157,151,146,145,147,148,145,142,141,131,128,138,133,119,121,118,116,122,121,120,117,118,114,109,106,108,105,101,96,84,75,77,78,74,60,54,53,47,47,43,31,34,27,22,34,30,22,26,19,17,16,16,18,19,19,20,19,22,24,24,25,29,34,35,33,38,36,33,38,49,60,74,77,84,92,93,93,92,86,77,86,77,75,75,71,68,74,0,0,0,0,0
0,0,0,0,0,0,0,0,0,0,0,0,0,0,0,0,0,0,0,0,0,0,0,0,0,0,0,0,0,0,0,0,0,0,0,0,0,0,0,0,0,0,0,0,0,0,0,0,0,0,0,0,0,0,0,0,0,0,0,0,0,0,0,0,0,0,0,0,0,0,0,0,0,0,0,0,0,0,0,0,0,0,0,0,0,0,0,0,0,0,0,0,0,0,0,0,0,0,0,0,0,0,0,0,0,0,0,0,0,0,0,0,0,0,0,0,0,0,0,0,0,0,0,0,0,0,0,0,0,0,0,0,0,0,0,0,0,0,0,0,0,0,0,0,0,0,0,0,0,0,0,0,0,0,0,0,0,0,0,0,0,0,0,0,0,0,0,0,0,0,0,0,127,120,123,129,129,127,136,138,150,152,151,153,150,148,152,156,154,151,154,152,151,155,148,145,151,141,137,141,144,143,144,147,153,148,148,145,143,137,131,125,124,130,126,122,112,107,103,96,95,89,76,76,74,74,81,71,63,69,68,71,52,43,51,50,43,41,40,39,32,25,21,27,35,37,36,38,38,40,46,59,72,85,88,98,101,99,96,92,84,65,74,65,67,74,72,71,83,66,0,0,0,0
0,0,0,0,0,0,0,0,0,0,0,0,0,0,0,0,0,0,0,0,0,0,0,0,0,0,0,0,0,0,0,0,0,0,0,0,0,0,0,0,0,0,0,0,0,0,0,0,0,0,0,0,0,0,0,0,0,0,0,0,0,0,0,0,0,0,0,0,0,0,0,0,0,0,0,0,0,0,0,0,0,0,0,0,0,0,0,0,0,0,0,0,0,0,0,0,0,0,0,0,0,0,0,0,0,0,0,0,0,0,0,0,0,0,0,0,0,0,0,0,0,0,0,0,0,0,0,0,0,0,0,0,0,0,0,0,0,0,0,0,0,0,0,0,0,0,0,0,0,0,0,0,0,0,0,0,0,0,0,0,0,0,0,0,0,0,0,0,0,0,0,0,0,0,0,0,0,0,0,0,0,0,0,0,0,0,134,137,138,141,145,147,146,148,148,155,168,166,167,164,159,150,148,154,170,175,172,174,176,170,167,165,165,172,165,158,150,148,148,143,140,136,128,129,128,125,121,110,107,114,113,117,107,101,103,97,90,88,89,86,80,75,68,69,69,66,69,70,76,82,85,92,101,107,106,110,110,107,102,91,81,71,71,66,68,71,65,61,72,58,0,0,0,0
0,0,0,0,0,0,0,0,0,0,0,0,0,0,0,0,0,0,0,0,0,0,0,0,0,0,0,0,0,0,0,0,0,0,0,0,0,0,0,0,0,0,0,0,0,0,0,0,0,0,0,0,0,0,0,0,0,0,0,0,0,0,0,0,0,0,0,0,0,0,0,0,0,0,0,0,0,0,0,0,0,0,0,0,0,0,0,0,0,0,0,0,0,0,0,0,0,0,0,0,0,0,0,0,0,0,0,0,0,0,0,0,0,0,0,0,0,0,0,0,0,0,0,0,0,0,0,0,0,0,0,0,0,0,0,0,0,0,0,0,0,0,0,0,0,0,0,0,0,0,0,0,0,0,0,0,0,0,0,0,0,0,0,0,0,0,0,0,0,0,0,0,0,0,0,0,0,0,0,0,0,0,0,0,0,0,0,0,0,0,0,0,0,0,0,0,0,0,0,0,122,121,125,134,143,149,151,146,146,149,153,155,155,157,156,150,152,154,150,147,147,144,141,146,149,144,139,136,141,149,149,147,151,154,152,147,144,146,144,141,138,140,138,136,132,126,127,127,130,133,132,131,131,128,117,112,109,103,100,88,74,73,68,65,63,63,57,58,66,63,74,0,0,0
0,0,0,0,0,0,0,0,0,0,0,0,0,0,0,0,0,0,0,0,0,0,0,0,0,0,0,0,0,0,0,0,0,0,0,0,0,0,0,0,0,0,0,0,0,0,0,0,0,0,0,0,0,0,0,0,0,0,0,0,0,0,0,0,0,0,0,0,0,0,0,0,0,0,0,0,0,0,0,0,0,0,0,0,0,0,0,0,0,0,0,0,0,0,0,0,0,0,0,0,0,0,0,0,0,0,0,0,0,0,0,0,0,0,0,0,0,0,0,0,0,0,0,0,0,0,0,0,0,0,0,0,0,0,0,0,0,0,0,0,0,0,0,0,0,0,0,0,0,0,0,0,0,0,0,0,0,0,0,0,0,0,0,0,0,0,0,0,0,0,0,0,0,0,0,0,0,0,0,0,0,0,0,0,0,0,0,0,0,0,0,0,0,0,0,0,0,0,0,0,0,0,0,0,0,0,0,0,0,0,0,0,0,0,0,120,124,128,130,127,123,126,132,138,143,143,143,149,161,170,174,173,178,179,178,180,180,182,181,173,168,168,170,174,175,169,162,161,159,155,151,144,134,125,113,100,95,89,84,76,67,70,71,64,60,59,57,64,71,64,71,82,0,0
0,0,0,0,0,0,0,0,0,0,0,0,0,0,0,0,0,0,0,0,0,0,0,0,0,0,0,0,0,0,0,0,0,0,0,0,0,0,0,0,0,0,0,0,0,0,0,0,0,0,0,0,0,0,0,0,0,0,0,0,0,0,0,0,0,0,0,0,0,0,0,0,0,0,0,0,0,0,0,0,0,0,0,0,0,0,0,0,0,0,0,0,0,0,0,0,0,0,0,0,0,0,0,0,0,0,0,0,0,0,0,0,0,0,0,0,0,0,0,0,0,0,0,0,0,0,0,0,0,0,0,0,0,0,0,0,0,0,0,0,0,0,0,0,0,0,0,0,0,0,0,0,0,0,0,0,0,0,0,0,0,0,0,0,0,0,0,0,0,0,0,0,0,0,0,0,0,0,0,0,0,0,0,0,0,0,0,0,0,0,0,0,0,0,0,0,0,0,0,0,0,0,0,0,0,0,0,0,0,0,0,0,0,0,0,0,0,0,0,0,0,0,0,0,0,0,0,0,0,120,124,128,133,134,134,140,148,149,150,149,149,151,157,164,165,159,153,156,153,144,136,124,112,103,93,82,78,75,69,65,67,65,65,64,65,64,65,70,75,63,65,77,0,0
0,0,0,0,0,0,0,0,0,0,0,0,0,0,0,0,0,0,0,0,0,0,0,0,0,0,0,0,0,0,0,0,0,0,0,0,0,0,0,0,0,0,0,0,0,0,0,0,0,0,0,0,0,0,0,0,0,0,0,0,0,0,0,0,0,0,0,0,0,0,0,0,0,0,0,0,0,0,0,0,0,0,0,0,0,0,0,0,0,0,0,0,0,0,0,0,0,0,0,0,0,0,0,0,0,0,0,0,0,0,0,0,0,0,0,0,0,0,0,0,0,0,0,0,0,0,0,0,0,0,0,0,0,0,0,0,0,0,0,0,0,0,0,0,0,0,0,0,0,0,0,0,0,0,0,0,0,0,0,0,0,0,0,0,0,0,0,0,0,0,0,0,0,0,0,0,0,0,0,0,0,0,0,0,0,0,0,0,0,0,0,0,0,0,0,0,0,0,0,0,0,0,0,0,0,0,0,0,0,0,0,0,0,0,0,0,0,0,0,0,0,0,0,0,0,0,0,0,0,0,0,0,0,0,0,0,0,0,0,0,0,0,0,0,109,104,110,115,114,106,98,87,81,79,70,67,64,65,63,65,68,54,58,66,71,69,72,72,70,64,63,64,63,0
0,0,0,0,0,0,0,0,0,0,0,0,0,0,0,0,0,0,0,0,0,0,0,0,0,0,0,0,0,0,0,0,0,0,0,0,0,0,0,0,0,0,0,0,0,0,0,0,0,0,0,0,0,0,0,0,0,0,0,0,0,0,0,0,0,0,0,0,0,0,0,0,0,0,0,0,0,0,0,0,0,0,0,0,0,0,0,0,0,0,0,0,0,0,0,0,0,0,0,0,0,0,0,0,0,0,0,0,0,0,0,0,0,0,0,0,0,0,0,0,0,0,0,0,0,0,0,0,0,0,0,0,0,0,0,0,0,0,0,0,0,0,0,0,0,0,0,0,0,0,0,0,0,0,0,0,0,0,0,0,0,0,0,0,0,0,0,0,0,0,0,0,0,0,0,0,0,0,0,0,0,0,0,0,0,0,0,0,0,0,0,0,0,0,0,0,0,0,0,0,0,0,0,0,0,0,0,0,0,0,0,0,0,0,0,0,0,0,0,0,0,0,0,0,0,0,0,0,0,0,0,0,0,0,0,0,0,0,0,0,0,0,0,0,0,0,0,0,0,0,0,0,0,0,0,0,0,0,62,63,67,58,62,65,71,71,73,74,65,65,63,57,58,0
0,0,0,0,0,0,0,0,0,0,0,0,0,0,0,0,0,0,0,0,0,0,0,0,0,0,0,0,0,0,0,0,0,0,0,0,0,0,0,0,0,0,0,0,0,0,0,0,0,0,0,0,0,0,0,0,0,0,0,0,0,0,0,0,0,0,0,0,0,0,0,0,0,0,0,0,0,0,0,0,0,0,0,0,0,0,0,0,0,0,0,0,0,0,0,0,0,0,0,0,0,0,0,0,0,0,0,0,0,0,0,0,0,0,0,0,0,0,0,0,0,0,0,0,0,0,0,0,0,0,0,0,0,0,0,0,0,0,0,0,0,0,0,0,0,0,0,0,0,0,0,0,0,0,0,0,0,0,0,0,0,0,0,0,0,0,0,0,0,0,0,0,0,0,0,0,0,0,0,0,0,0,0,0,0,0,0,0,0,0,0,0,0,0,0,0,0,0,0,0,0,0,0,0,0,0,0,0,0,0,0,0,0,0,0,0,0,0,0,0,0,0,0,0,0,0,0,0,0,0,0,0,0,0,0,0,0,0,0,0,0,0,0,0,0,0,0,0,0,0,0,0,0,0,0,0,0,0,0,0,0,0,0,0,0,0,0,0,0,0,0,0,58,58
