0,0,0,0,0,0,0,0,0,0,0,0,0,0,0,0,0,0,0,0,0,0,0,0,0,0,0,0,0,0,0,0,0,0,0,0,0,0,0,0,0,0,0,0,0,0,0,0,0,0,0,0,0,0,0,0,0,0,0,0,0,0,0,0,0,0,0,0,0,0,0,0,0,0,0,0,0,0,0,0,0,0,0,0,0,0,0,0,0,0,0,0,0,0,0,0,0,0,0,0,0,0,0,0,0,0,0,0,0,0,0,0,0,0,0,0,0,0,0,0,0,0,0,0,0,0,0,0,0,0,0,0,0,0,0,0,0,0,0,0,0,0,0,0,0,0,0,0,0,0,0,0,0,0,0,0,0,0,0,0,0,0,0,0,0,0,0,0,0,0,0,0,0,0,0,0,0,0,0,0,0,0,0,0,0,0,0,0,0,0,0,0,0,0,0,0,0,0,0,0,0,0,0,0,0,0,0,0,0,0,0,0,0,0,0,0,0,0,0,0,0
0,0,0,0,0,0,0,0,0,0,0,0,0,0,0,0,0,0,0,0,0,0,0,0,0,0,0,0,0,0,0,0,0,0,0,0,0,0,0,0,0,0,0,0,0,0,0,0,0,0,0,0,0,0,0,0,0,0,0,0,0,0,0,0,0,0,0,0,0,0,0,0,0,0,0,0,0,0,0,0,0,0,0,0,0,0,0,0,0,0,0,0,0,0,0,0,0,0,0,0,0,0,0,17,19,26,38,49,67,72,69,64,65,68,67,63,95,110,116,99,83,81,92,0,0,0,0,0,0,0,0,0,0,0,0,0,0,0,0,0,0,0,0,0,0,0,0,0,0,0,0,0,0,0,0,0,0,0,0,0,0,0,0,0,0,0,0,0,0,0,0,0,0,0,0,0,0,0,0,0,0,0,0,0,0,0,0,0,0,0,0,0,0,0,0,0,0,0,0,0,0,0,0,0,0,0,0,0,0,0,0,0,0,0,0,0,0,0,0,0,0
0,0,0,0,0,0,0,0,0,0,0,0,0,0,0,0,0,0,0,0,0,0,0,0,0,0,0,0,0,0,0,0,0,0,0,0,0,0,0,0,0,0,0,0,0,0,0,0,0,0,0,0,0,0,0,0,0,0,0,0,0,0,0,0,0,0,0,0,0,0,0,0,0,0,0,0,0,0,0,0,0,0,0,0,0,0,0,0,0,0,0,0,46,51,40,47,53,75,84,90,119,130,139,144,145,148,151,159,167,168,167,163,160,162,160,152,174,181,182,183,188,186,189,194,195,195,189,180,168,154,146,142,127,121,0,0,0,0,0,0,0,0,0,0,0,0,0,0,0,0,0,0,0,0,0,0,0,0,0,0,0,0,0,0,0,0,0,0,0,0,0,0,0,0,0,0,0,0,0,0,0,0,0,0,0,0,0,0,0,0,0,0,0,0,0,0,0,0,0,0,0,0,0,0,0,0,0,0,0,0,0,0,0,0,0,0,0,0,0,0,0
0,0,0,0,0,0,0,0,0,0,0,0,0,0,0,0,0,0,0,0,0,0,0,0,0,0,0,0,0,0,0,0,0,0,0,0,0,0,0,0,0,0,0,0,0,0,0,0,0,0,0,0,0,0,0,0,0,0,0,0,0,0,0,0,0,0,0,0,0,0,0,0,0,0,0,0,0,0,0,0,0,0,0,0,0,0,0,0,16,29,54,85,111,124,132,155,165,171,169,163,202,209,215,216,214,215,216,218,213,208,211,217,226,229,228,219,221,231,240,242,239,232,236,248,253,253,253,251,248,234,211,191,180,158,132,98,74,0,0,0,0,0,0,0,0,0,0,0,0,0,0,0,0,0,0,0,0,0,0,0,0,0,0,0,0,0,0,0,0,0,0,0,0,0,0,0,0,0,0,0,0,0,0,0,0,0,0,0,0,0,0,0,0,0,0,0,0,0,0,0,0,0,0,0,0,0,0,0,0,0,0,0,0,0,0,0,0,0,0,0,0
0,0,0,0,0,0,0,0,0,0,0,0,0,0,0,0,0,0,0,0,0,0,0,0,0,0,0,0,0,0,0,0,0,0,0,0,0,0,0,0,0,0,0,0,0,0,0,0,0,0,0,0,0,0,0,0,0,0,0,0,0,0,0,0,0,0,0,0,0,0,0,0,0,0,0,0,0,0,0,0,0,0,0,0,0,100,106,110,117,127,147,162,173,180,191,200,211,212,201,188,190,194,195,191,183,179,178,181,180,178,178,180,181,180,179,175,169,175,183,189,191,193,203,215,252,251,251,250,242,228,214,194,204,190,178,169,156,147,140,120,0,0,0,0,0,0,0,0,0,0,0,0,0,0,0,0,0,0,0,0,0,0,0,0,0,0,0,0,0,0,0,0,0,0,0,0,0,0,0,0,0,0,0,0,0,0,0,0,0,0,0,0,0,0,0,0,0,0,0,0,0,0,0,0,0,0,0,0,0,0,0,0,0,0,0,0,0,0,0,0,0
0,0,0,0,0,0,0,0,0,0,0,0,0,0,0,0,0,0,0,0,0,0,0,0,0,0,0,0,0,0,0,0,0,0,0,0,0,0,0,0,0,0,0,0,0,0,0,0,0,0,0,0,0,0,0,0,0,0,0,0,0,0,0,0,0,0,0,0,0,0,0,0,0,0,0,0,0,0,0,0,0,0,82,98,132,157,174,186,192,203,215,220,220,210,207,191,195,192,184,176,139,136,132,123,111,102,97,98,96,97,95,91,83,81,86,90,82,88,88,88,94,106,127,150,185,198,213,222,220,220,226,227,228,245,251,246,237,225,205,180,159,136,102,0,0,0,0,0,0,0,0,0,0,0,0,0,0,0,0,0,0,0,0,0,0,0,0,0,0,0,0,0,0,0,0,0,0,0,0,0,0,0,0,0,0,0,0,0,0,0,0,0,0,0,0,0,0,0,0,0,0,0,0,0,0,0,0,0,0,0,0,0,0,0,0,0,0,0,0,0,0
0,0,0,0,0,0,0,0,0,0,0,0,0,0,0,0,0,0,0,0,0,0,0,0,0,0,0,0,0,0,0,0,0,0,0,0,0,0,0,0,0,0,0,0,0,0,0,0,0,0,0,0,0,0,0,0,0,0,0,0,0,0,0,0,0,0,0,0,0,0,0,0,0,0,0,0,0,0,0,92,120,137,158,181,181,196,198,207,216,208,196,188,161,155,151,139,132,127,114,111,97,92,88,82,75,70,67,68,66,66,64,62,57,57,69,80,64,71,77,77,72,74,84,94,123,125,134,143,146,157,170,177,171,189,194,193,203,207,193,180,180,165,148,126,113,101,0,0,0,0,0,0,0,0,0,0,0,0,0,0,0,0,0,0,0,0,0,0,0,0,0,0,0,0,0,0,0,0,0,0,0,0,0,0,0,0,0,0,0,0,0,0,0,0,0,0,0,0,0,0,0,0,0,0,0,0,0,0,0,0,0,0,0,0,0,0,0,0,0,0,0
0,0,0,0,0,0,0,0,0,0,0,0,0,0,0,0,0,0,0,0,0,0,0,0,0,0,0,0,0,0,0,0,0,0,0,0,0,0,0,0,0,0,0,0,0,0,0,0,0,0,0,0,0,0,0,0,0,0,0,0,0,0,0,0,0,0,0,0,0,0,0,0,0,0,0,0,92,113,139,165,181,189,201,210,209,204,203,172,165,152,135,117,87,68,49,25,26,26,32,31,30,31,34,34,34,34,35,38,38,37,38,41,41,36,41,47,43,45,42,39,38,35,28,29,43,43,44,44,43,47,51,63,59,78,104,131,148,167,195,213,218,217,207,193,175,161,146,117,84,0,0,0,0,0,0,0,0,0,0,0,0,0,0,0,0,0,0,0,0,0,0,0,0,0,0,0,0,0,0,0,0,0,0,0,0,0,0,0,0,0,0,0,0,0,0,0,0,0,0,0,0,0,0,0,0,0,0,0,0,0,0,0,0,0,0,0,0,0,0,0,0
0,0,0,0,0,0,0,0,0,0,0,0,0,0,0,0,0,0,0,0,0,0,0,0,0,0,0,0,0,0,0,0,0,0,0,0,0,0,0,0,0,0,0,0,0,0,0,0,0,0,0,0,0,0,0,0,0,0,0,0,0,0,0,0,0,0,0,0,0,0,0,0,0,58,99,143,166,171,178,193,203,203,202,196,179,160,149,128,107,95,79,65,60,55,46,47,39,33,34,39,40,42,47,48,49,50,50,51,43,47,51,54,55,48,48,46,43,44,44,43,40,41,42,44,46,40,44,43,38,44,53,62,68,70,83,99,108,122,142,159,161,170,177,176,175,182,177,155,134,131,134,140,0,0,0,0,0,0,0,0,0,0,0,0,0,0,0,0,0,0,0,0,0,0,0,0,0,0,0,0,0,0,0,0,0,0,0,0,0,0,0,0,0,0,0,0,0,0,0,0,0,0,0,0,0,0,0,0,0,0,0,0,0,0,0,0,0,0,0,0,0
0,0,0,0,0,0,0,0,0,0,0,0,0,0,0,0,0,0,0,0,0,0,0,0,0,0,0,0,0,0,0,0,0,0,0,0,0,0,0,0,0,0,0,0,0,0,0,0,0,0,0,0,0,0,0,0,0,0,0,0,0,0,0,0,0,0,0,0,0,0,68,93,119,143,170,194,204,200,199,197,187,165,146,127,83,68,54,32,30,30,31,34,43,52,55,57,49,44,46,45,54,52,52,52,54,56,55,53,52,56,57,56,55,52,55,53,54,56,57,57,56,56,51,52,51,49,52,54,54,52,52,53,51,51,46,34,29,34,39,53,61,86,112,139,161,188,202,195,195,187,187,182,153,111,82,0,0,0,0,0,0,0,0,0,0,0,0,0,0,0,0,0,0,0,0,0,0,0,0,0,0,0,0,0,0,0,0,0,0,0,0,0,0,0,0,0,0,0,0,0,0,0,0,0,0,0,0,0,0,0,0,0,0,0,0,0,0,0,0,0,0
0,0,0,0,0,0,0,0,0,0,0,0,0,0,0,0,0,0,0,0,0,0,0,0,0,0,0,0,0,0,0,0,0,0,0,0,0,0,0,0,0,0,0,0,0,0,0,0,0,0,0,0,0,0,0,0,0,0,0,0,0,0,0,0,0,0,0,0,60,87,127,168,189,189,196,211,210,182,162,153,138,112,93,79,67,54,37,44,42,42,37,37,39,43,52,55,50,46,48,48,53,50,51,52,56,57,54,53,53,52,51,53,52,51,53,52,53,54,57,58,57,58,54,53,54,51,46,47,50,50,51,50,48,48,43,42,42,44,51,59,61,69,88,107,121,153,174,177,180,181,185,180,160,133,117,111,99,0,0,0,0,0,0,0,0,0,0,0,0,0,0,0,0,0,0,0,0,0,0,0,0,0,0,0,0,0,0,0,0,0,0,0,0,0,0,0,0,0,0,0,0,0,0,0,0,0,0,0,0,0,0,0,0,0,0,0,0,0,0,0,0
0,0,0,0,0,0,0,0,0,0,0,0,0,0,0,0,0,0,0,0,0,0,0,0,0,0,0,0,0,0,0,0,0,0,0,0,0,0,0,0,0,0,0,0,0,0,0,0,0,0,0,0,0,0,0,0,0,0,0,0,0,0,0,0,0,0,71,92,143,163,181,191,202,206,195,172,154,103,78,63,37,29,35,29,65,57,44,48,51,50,49,51,52,51,52,54,55,54,53,53,52,52,51,51,52,52,53,53,52,52,52,51,54,55,57,56,58,57,57,58,58,58,55,54,52,52,53,54,57,57,57,55,55,54,53,56,53,51,48,51,53,50,42,40,41,50,61,69,113,143,169,184,195,202,198,180,161,123,92,0,0,0,0,0,0,0,0,0,0,0,0,0,0,0,0,0,0,0,0,0,0,0,0,0,0,0,0,0,0,0,0,0,0,0,0,0,0,0,0,0,0,0,0,0,0,0,0,0,0,0,0,0,0,0,0,0,0,0,0,0,0
0,0,0,0,0,0,0,0,0,0,0,0,0,0,0,0,0,0,0,0,0,0,0,0,0,0,0,0,0,0,0,0,0,0,0,0,0,0,0,0,0,0,0,0,0,0,0,0,0,0,0,0,0,0,0,0,0,0,0,0,0,0,0,0,83,107,136,168,194,209,217,203,180,162,141,118,90,64,64,55,32,31,35,35,41,47,45,46,48,50,52,52,55,54,55,56,57,56,54,54,52,52,51,50,51,52,52,53,55,53,53,52,54,54,56,56,56,56,56,57,57,58,56,57,53,53,53,55,57,58,57,56,54,54,54,55,53,52,50,50,53,51,45,43,42,48,55,59,82,98,117,137,158,172,183,184,174,148,126,106,85,0,0,0,0,0,0,0,0,0,0,0,0,0,0,0,0,0,0,0,0,0,0,0,0,0,0,0,0,0,0,0,0,0,0,0,0,0,0,0,0,0,0,0,0,0,0,0,0,0,0,0,0,0,0,0,0,0,0,0,0
0,0,0,0,0,0,0,0,0,0,0,0,0,0,0,0,0,0,0,0,0,0,0,0,0,0,0,0,0,0,0,0,0,0,0,0,0,0,0,0,0,0,0,0,0,0,0,0,0,0,0,0,0,0,0,0,0,0,0,0,0,0,88,119,146,165,186,213,191,194,187,161,118,75,48,37,38,34,44,47,43,47,52,51,47,48,50,51,54,52,53,53,56,55,56,56,57,58,57,56,54,53,52,52,52,52,53,53,54,54,56,55,54,54,56,57,57,57,58,58,58,57,55,55,54,54,55,55,58,59,58,56,56,58,56,56,54,55,54,54,53,54,51,50,49,50,50,50,46,45,49,65,89,112,138,161,187,190,192,186,160,127,0,0,0,0,0,0,0,0,0,0,0,0,0,0,0,0,0,0,0,0,0,0,0,0,0,0,0,0,0,0,0,0,0,0,0,0,0,0,0,0,0,0,0,0,0,0,0,0,0,0,0,0,0,0,0,0,0,0,0
0,0,0,0,0,0,0,0,0,0,0,0,0,0,0,0,0,0,0,0,0,0,0,0,0,0,0,0,0,0,0,0,0,0,0,0,0,0,0,0,0,0,0,0,0,0,0,0,0,0,0,0,0,0,0,0,0,0,0,0,87,113,138,163,183,199,206,205,150,139,122,97,72,47,34,34,39,41,47,51,48,52,61,54,49,49,51,51,53,52,52,53,55,54,55,54,54,55,55,55,54,54,54,54,54,54,55,55,55,55,54,55,55,55,56,57,58,57,58,57,57,55,54,54,54,54,54,54,55,55,55,55,56,57,56,55,54,55,56,55,53,53,52,52,52,51,51,50,53,55,54,56,65,83,105,130,158,174,184,186,174,147,119,97,0,0,0,0,0,0,0,0,0,0,0,0,0,0,0,0,0,0,0,0,0,0,0,0,0,0,0,0,0,0,0,0,0,0,0,0,0,0,0,0,0,0,0,0,0,0,0,0,0,0,0,0,0,0,0,0,0
0,0,0,0,0,0,0,0,0,0,0,0,0,0,0,0,0,0,0,0,0,0,0,0,0,0,0,0,0,0,0,0,0,0,0,0,0,0,0,0,0,0,0,0,0,0,0,0,0,0,0,0,0,0,0,0,0,0,68,105,141,173,187,188,188,197,183,147,92,53,30,29,39,43,50,50,48,50,50,51,54,55,56,50,49,50,52,51,52,52,52,53,54,54,54,54,55,56,56,56,55,55,55,56,56,56,57,58,57,56,56,56,56,56,55,56,57,57,58,58,58,58,56,56,56,56,57,55,54,55,55,56,56,58,57,55,55,58,58,57,56,56,57,59,59,60,59,60,58,57,54,52,48,50,53,72,69,99,129,156,181,191,185,165,140,119,0,0,0,0,0,0,0,0,0,0,0,0,0,0,0,0,0,0,0,0,0,0,0,0,0,0,0,0,0,0,0,0,0,0,0,0,0,0,0,0,0,0,0,0,0,0,0,0,0,0,0,0,0,0,0
0,0,0,0,0,0,0,0,0,0,0,0,0,0,0,0,0,0,0,0,0,0,0,0,0,0,0,0,0,0,0,0,0,0,0,0,0,0,0,0,0,0,0,0,0,0,0,0,0,0,0,0,0,0,0,0,54,97,135,170,180,202,204,183,149,127,108,85,65,41,32,34,43,47,53,51,52,50,51,50,50,51,53,50,52,50,52,52,53,53,52,52,53,53,55,55,55,57,57,57,56,56,56,56,56,55,56,56,56,57,58,58,55,55,54,55,54,55,57,58,60,58,57,56,55,55,56,55,56,55,56,56,56,56,56,55,55,56,57,56,55,56,57,59,60,60,60,61,62,61,56,52,49,48,43,44,49,71,100,125,150,171,181,174,176,141,104,80,0,0,0,0,0,0,0,0,0,0,0,0,0,0,0,0,0,0,0,0,0,0,0,0,0,0,0,0,0,0,0,0,0,0,0,0,0,0,0,0,0,0,0,0,0,0,0,0,0,0,0,0,0
0,0,0,0,0,0,0,0,0,0,0,0,0,0,0,0,0,0,0,0,0,0,0,0,0,0,0,0,0,0,0,0,0,0,0,0,0,0,0,0,0,0,0,0,0,0,0,0,0,0,0,0,0,0,49,77,113,153,183,204,202,188,163,128,91,67,49,32,37,37,43,42,50,52,57,58,54,54,55,52,54,53,49,49,49,50,52,52,54,55,56,55,56,55,56,56,57,57,57,56,56,55,55,56,56,56,56,56,56,57,57,56,55,55,54,54,55,55,56,57,57,56,55,56,55,55,55,55,56,56,57,57,55,55,55,55,55,55,55,55,57,56,57,57,58,59,59,61,59,61,61,61,60,58,48,48,42,43,46,58,78,110,140,160,175,185,184,171,144,0,0,0,0,0,0,0,0,0,0,0,0,0,0,0,0,0,0,0,0,0,0,0,0,0,0,0,0,0,0,0,0,0,0,0,0,0,0,0,0,0,0,0,0,0,0,0,0,0,0,0,0
0,0,0,0,0,0,0,0,0,0,0,0,0,0,0,0,0,0,0,0,0,0,0,0,0,0,0,0,0,0,0,0,0,0,0,0,0,0,0,0,0,0,0,0,0,0,0,0,0,0,0,0,0,71,108,137,165,192,205,203,176,138,110,90,69,55,46,42,40,41,47,47,51,51,54,56,55,55,52,51,52,51,50,49,50,51,54,54,56,54,56,54,54,54,54,55,56,57,57,58,57,56,55,56,57,57,58,58,58,60,59,58,56,57,57,56,57,56,58,56,56,55,55,55,55,55,55,55,57,57,57,56,55,54,55,57,57,55,55,55,56,56,57,57,58,59,59,59,58,59,61,60,60,57,52,51,46,45,41,43,53,76,103,136,157,175,181,178,156,124,93,0,0,0,0,0,0,0,0,0,0,0,0,0,0,0,0,0,0,0,0,0,0,0,0,0,0,0,0,0,0,0,0,0,0,0,0,0,0,0,0,0,0,0,0,0,0,0,0,0,0
0,0,0,0,0,0,0,0,0,0,0,0,0,0,0,0,0,0,0,0,0,0,0,0,0,0,0,0,0,0,0,0,0,0,0,0,0,0,0,0,0,0,0,0,0,0,0,0,0,0,0,79,72,112,149,179,197,196,180,155,119,85,54,32,39,41,45,46,48,49,52,51,54,53,55,54,54,54,52,52,52,53,52,52,52,52,54,56,57,56,55,53,53,55,53,54,55,55,56,57,55,57,55,54,55,54,55,55,55,56,58,57,57,56,55,55,56,55,55,56,55,55,55,55,55,54,57,57,57,57,56,57,55,55,55,55,57,57,56,56,56,56,57,57,57,57,57,57,58,59,59,59,60,59,55,54,51,51,50,50,47,47,43,69,92,122,147,175,183,175,156,133,118,0,0,0,0,0,0,0,0,0,0,0,0,0,0,0,0,0,0,0,0,0,0,0,0,0,0,0,0,0,0,0,0,0,0,0,0,0,0,0,0,0,0,0,0,0,0,0,0
0,0,0,0,0,0,0,0,0,0,0,0,0,0,0,0,0,0,0,0,0,0,0,0,0,0,0,0,0,0,0,0,0,0,0,0,0,0,0,0,0,0,0,0,0,0,0,0,0,64,92,117,130,169,202,211,191,160,125,93,65,51,41,43,53,54,50,49,50,51,52,52,53,54,55,55,55,55,54,54,54,54,54,54,55,55,56,57,57,56,55,55,54,54,53,55,55,55,56,56,55,57,57,53,53,55,55,53,53,55,55,57,55,55,54,56,55,56,55,57,56,54,55,56,57,55,57,57,57,57,57,56,55,55,55,55,55,56,56,56,57,57,57,57,57,57,58,58,57,58,59,59,59,59,57,55,51,51,50,50,48,45,42,50,52,83,123,144,166,168,165,158,135,103,84,0,0,0,0,0,0,0,0,0,0,0,0,0,0,0,0,0,0,0,0,0,0,0,0,0,0,0,0,0,0,0,0,0,0,0,0,0,0,0,0,0,0,0,0,0,0
0,0,0,0,0,0,0,0,0,0,0,0,0,0,0,0,0,0,0,0,0,0,0,0,0,0,0,0,0,0,0,0,0,0,0,0,0,0,0,0,0,0,0,0,0,0,0,0,66,95,126,151,181,203,206,182,140,98,63,43,36,43,48,53,53,53,53,54,59,58,57,56,57,57,57,56,57,58,58,58,58,58,57,58,57,56,56,55,60,57,55,54,54,55,56,57,56,55,53,52,52,53,53,54,53,50,52,54,55,53,54,53,55,56,55,54,50,51,49,51,54,52,55,57,60,58,60,59,61,61,60,59,60,60,58,57,57,57,58,59,59,58,58,57,57,57,58,59,58,58,59,60,59,59,59,57,54,55,55,57,56,56,53,54,50,55,67,66,110,150,177,187,187,166,137,103,0,0,0,0,0,0,0,0,0,0,0,0,0,0,0,0,0,0,0,0,0,0,0,0,0,0,0,0,0,0,0,0,0,0,0,0,0,0,0,0,0,0,0,0,0
0,0,0,0,0,0,0,0,0,0,0,0,0,0,0,0,0,0,0,0,0,0,0,0,0,0,0,0,0,0,0,0,0,0,0,0,0,0,0,0,0,0,0,0,0,0,0,75,106,131,156,172,209,193,159,118,79,50,35,34,44,51,54,52,50,51,55,56,60,59,57,58,58,59,59,58,58,58,57,58,59,59,58,58,55,56,56,56,56,58,56,57,57,56,54,54,55,56,54,54,53,50,50,48,47,47,46,49,51,47,50,48,49,51,51,51,48,47,47,46,50,48,49,50,56,55,57,57,59,60,61,61,58,57,56,56,56,57,58,58,58,58,58,57,57,56,57,57,58,57,59,60,58,58,58,56,55,56,56,56,55,57,57,55,47,44,44,45,76,109,139,159,171,173,158,126,106,0,0,0,0,0,0,0,0,0,0,0,0,0,0,0,0,0,0,0,0,0,0,0,0,0,0,0,0,0,0,0,0,0,0,0,0,0,0,0,0,0,0,0,0
0,0,0,0,0,0,0,0,0,0,0,0,0,0,0,0,0,0,0,0,0,0,0,0,0,0,0,0,0,0,0,0,0,0,0,0,0,0,0,0,0,0,0,0,0,0,95,119,145,168,182,182,177,137,91,54,36,37,43,45,52,50,50,51,53,53,57,56,55,55,54,55,55,55,56,56,55,54,54,55,55,55,55,55,58,58,59,54,53,52,53,53,52,52,49,47,46,45,43,42,42,41,40,40,41,41,42,41,41,41,39,39,39,40,38,39,37,36,37,38,39,40,41,44,48,49,52,53,53,54,54,54,55,55,56,58,59,59,59,59,58,58,59,59,59,58,57,57,58,57,59,60,57,57,57,56,56,56,58,57,59,59,60,59,58,59,52,50,50,65,93,121,145,176,179,160,134,120,0,0,0,0,0,0,0,0,0,0,0,0,0,0,0,0,0,0,0,0,0,0,0,0,0,0,0,0,0,0,0,0,0,0,0,0,0,0,0,0,0,0,0
0,0,0,0,0,0,0,0,0,0,0,0,0,0,0,0,0,0,0,0,0,0,0,0,0,0,0,0,0,0,0,0,0,0,0,0,0,0,0,0,0,0,0,0,0,105,134,157,180,195,188,167,131,87,50,34,36,41,46,50,51,49,51,53,54,54,57,55,54,55,53,54,55,55,55,55,56,56,56,56,55,56,56,56,55,55,57,58,57,61,56,52,49,49,44,43,41,40,40,40,38,38,37,36,43,45,47,45,46,61,58,53,53,49,44,43,45,39,36,34,37,38,38,39,42,43,44,46,47,48,51,52,54,55,58,60,62,62,62,61,57,58,60,60,61,59,59,58,57,57,58,59,57,57,57,56,57,56,59,58,59,58,57,56,54,52,50,51,43,43,64,98,130,161,170,174,149,133,117,0,0,0,0,0,0,0,0,0,0,0,0,0,0,0,0,0,0,0,0,0,0,0,0,0,0,0,0,0,0,0,0,0,0,0,0,0,0,0,0,0,0
0,0,0,0,0,0,0,0,0,0,0,0,0,0,0,0,0,0,0,0,0,0,0,0,0,0,0,0,0,0,0,0,0,0,0,0,0,0,0,0,0,0,0,105,114,131,158,187,201,191,158,119,70,52,41,42,51,53,55,56,51,50,51,52,53,54,56,54,54,54,54,55,55,56,58,57,56,56,56,56,54,53,53,53,56,55,55,51,49,49,46,44,43,41,37,36,35,34,47,48,65,82,86,82,114,121,110,120,130,141,137,126,132,132,126,120,126,131,125,111,99,87,78,68,51,44,40,40,41,43,45,47,49,49,50,51,51,53,54,55,57,57,59,60,62,61,61,60,57,57,58,57,57,56,55,56,55,55,57,57,58,57,56,55,54,54,56,58,49,48,45,55,82,103,124,164,162,163,161,149,0,0,0,0,0,0,0,0,0,0,0,0,0,0,0,0,0,0,0,0,0,0,0,0,0,0,0,0,0,0,0,0,0,0,0,0,0,0,0,0,0
0,0,0,0,0,0,0,0,0,0,0,0,0,0,0,0,0,0,0,0,0,0,0,0,0,0,0,0,0,0,0,0,0,0,0,0,0,0,0,0,0,0,122,128,144,148,173,199,197,161,113,67,49,50,54,54,50,51,54,53,53,50,53,53,54,54,55,54,54,55,54,55,56,56,58,57,57,56,55,55,53,52,51,50,51,52,49,47,43,45,43,47,45,56,69,87,91,94,127,134,152,168,168,173,188,183,195,196,198,206,210,204,203,208,202,203,206,213,199,184,181,178,166,146,136,121,104,89,77,63,53,47,47,46,45,45,45,47,50,51,55,55,56,57,59,59,60,60,58,58,58,58,58,57,56,56,55,55,57,57,57,57,56,55,55,55,55,57,52,49,44,46,57,73,106,141,158,161,164,141,109,0,0,0,0,0,0,0,0,0,0,0,0,0,0,0,0,0,0,0,0,0,0,0,0,0,0,0,0,0,0,0,0,0,0,0,0,0,0,0,0
0,0,0,0,0,0,0,0,0,0,0,0,0,0,0,0,0,0,0,0,0,0,0,0,0,0,0,0,0,0,0,0,0,0,0,0,0,0,0,0,0,105,106,141,176,192,198,175,131,82,55,35,42,44,47,47,49,52,51,51,52,51,53,53,54,55,55,55,56,57,55,55,55,55,55,54,53,52,51,51,52,50,46,43,44,42,38,35,34,46,64,87,109,130,152,170,186,195,206,216,223,226,231,233,233,233,232,233,233,233,234,235,235,235,235,234,234,232,234,230,224,219,220,223,223,221,206,191,183,158,129,120,101,79,64,39,38,39,41,42,46,47,47,47,50,51,53,54,56,55,57,57,58,57,55,55,55,55,55,56,55,56,55,55,55,55,55,56,52,54,52,52,49,51,64,88,120,152,169,169,163,137,108,0,0,0,0,0,0,0,0,0,0,0,0,0,0,0,0,0,0,0,0,0,0,0,0,0,0,0,0,0,0,0,0,0,0,0,0,0,0
0,0,0,0,0,0,0,0,0,0,0,0,0,0,0,0,0,0,0,0,0,0,0,0,0,0,0,0,0,0,0,0,0,0,0,0,0,0,0,0,118,114,128,166,193,192,172,136,90,53,41,40,40,45,48,48,49,49,50,51,50,51,53,53,55,54,54,54,56,57,55,55,54,53,53,54,56,56,55,53,49,48,44,42,40,40,42,62,92,123,147,164,184,200,214,221,224,225,228,230,235,235,236,235,233,230,229,229,229,230,229,229,229,229,229,228,228,227,225,226,227,228,227,226,230,232,223,218,220,209,191,186,172,158,138,106,89,75,55,43,44,48,42,43,48,50,52,52,55,53,55,55,56,56,57,56,55,54,55,56,55,56,55,55,56,56,55,55,54,54,53,53,50,49,45,61,93,126,152,162,165,161,145,111,0,0,0,0,0,0,0,0,0,0,0,0,0,0,0,0,0,0,0,0,0,0,0,0,0,0,0,0,0,0,0,0,0,0,0,0,0
0,0,0,0,0,0,0,0,0,0,0,0,0,0,0,0,0,0,0,0,0,0,0,0,0,0,0,0,0,0,0,0,0,0,0,0,0,0,94,106,119,131,159,193,200,164,126,82,48,39,44,51,45,53,53,51,51,51,51,51,49,49,52,53,55,54,53,53,54,55,55,58,60,59,54,52,48,51,43,39,36,33,35,57,85,99,123,158,189,207,217,224,228,229,230,232,234,236,235,229,225,224,223,222,223,224,224,223,223,223,222,222,222,222,222,221,221,222,218,222,229,233,231,227,227,229,227,229,238,239,236,235,222,220,220,181,170,151,122,95,68,44,40,37,40,43,49,51,48,50,51,54,57,58,59,56,56,55,55,56,57,57,57,56,57,56,56,56,55,56,56,57,52,53,49,51,59,81,114,141,158,168,159,126,107,0,0,0,0,0,0,0,0,0,0,0,0,0,0,0,0,0,0,0,0,0,0,0,0,0,0,0,0,0,0,0,0,0,0,0,0
0,0,0,0,0,0,0,0,0,0,0,0,0,0,0,0,0,0,0,0,0,0,0,0,0,0,0,0,0,0,0,0,0,0,0,0,0,73,98,124,141,164,185,187,165,99,75,54,41,41,47,49,52,56,55,53,53,52,50,49,49,49,52,53,55,54,53,53,55,57,56,56,55,54,47,44,42,39,41,39,41,63,91,114,168,188,206,220,226,228,232,235,233,229,226,225,223,223,224,222,219,218,216,215,217,220,221,222,221,221,220,220,220,220,221,221,222,223,222,223,225,227,225,223,223,223,222,223,228,234,237,238,235,230,232,221,217,208,182,161,144,127,82,60,46,44,45,44,48,49,52,54,58,57,58,58,56,56,57,57,58,58,57,57,58,57,58,57,58,57,55,55,55,54,55,51,47,58,78,107,131,155,165,156,142,120,0,0,0,0,0,0,0,0,0,0,0,0,0,0,0,0,0,0,0,0,0,0,0,0,0,0,0,0,0,0,0,0,0,0,0
0,0,0,0,0,0,0,0,0,0,0,0,0,0,0,0,0,0,0,0,0,0,0,0,0,0,0,0,0,0,0,0,0,0,0,0,58,84,127,158,171,187,184,147,115,55,51,52,51,50,52,50,52,52,55,54,53,52,49,49,49,49,53,55,57,55,54,54,54,53,50,48,44,42,39,38,34,34,54,83,121,155,180,196,220,228,231,237,236,230,227,226,230,226,225,225,225,225,225,226,228,227,224,220,217,218,220,222,222,222,222,222,222,222,222,222,221,222,226,224,222,222,223,225,230,228,227,224,222,226,232,232,230,226,237,229,234,234,222,215,219,199,164,132,98,70,48,37,46,43,46,50,53,53,55,55,58,57,59,60,60,60,58,58,56,56,57,57,58,57,55,56,54,56,56,53,50,51,55,77,84,111,139,165,167,146,122,0,0,0,0,0,0,0,0,0,0,0,0,0,0,0,0,0,0,0,0,0,0,0,0,0,0,0,0,0,0,0,0,0,0
0,0,0,0,0,0,0,0,0,0,0,0,0,0,0,0,0,0,0,0,0,0,0,0,0,0,0,0,0,0,0,0,0,0,0,57,85,119,160,173,171,167,145,105,78,52,49,49,51,50,50,49,52,51,53,53,52,52,50,50,50,51,55,55,56,56,56,55,53,55,53,49,44,42,37,39,62,78,111,151,191,212,219,223,228,232,228,226,224,225,223,219,216,218,220,220,219,219,220,222,222,222,220,219,218,219,220,221,222,222,222,222,222,222,222,222,217,218,224,223,221,221,225,230,231,229,231,228,220,223,230,230,219,218,221,225,233,230,223,223,228,220,204,186,167,137,100,73,59,46,45,45,49,50,52,55,57,57,60,61,61,60,59,58,56,56,56,56,57,57,56,57,54,55,53,53,52,51,50,53,68,91,122,152,161,150,132,103,0,0,0,0,0,0,0,0,0,0,0,0,0,0,0,0,0,0,0,0,0,0,0,0,0,0,0,0,0,0,0,0,0
0,0,0,0,0,0,0,0,0,0,0,0,0,0,0,0,0,0,0,0,0,0,0,0,0,0,0,0,0,0,0,0,0,0,63,78,103,152,184,177,160,132,97,69,50,49,46,47,52,51,50,51,54,53,55,55,56,56,52,52,53,53,56,55,54,54,55,53,50,49,44,41,39,49,75,109,139,164,197,219,230,228,225,222,221,219,217,217,220,221,218,215,217,220,224,224,224,225,223,222,214,214,215,218,221,222,221,221,221,221,222,222,222,222,222,223,220,220,221,221,221,221,222,224,224,222,227,226,217,219,227,226,227,224,222,227,230,226,220,224,228,228,224,224,225,209,180,154,117,88,60,41,42,42,45,47,52,54,57,59,59,58,58,58,58,57,56,55,55,55,55,54,53,54,55,56,55,55,54,52,47,60,86,115,145,166,171,148,125,0,0,0,0,0,0,0,0,0,0,0,0,0,0,0,0,0,0,0,0,0,0,0,0,0,0,0,0,0,0,0,0
0,0,0,0,0,0,0,0,0,0,0,0,0,0,0,0,0,0,0,0,0,0,0,0,0,0,0,0,0,0,0,0,0,74,99,116,143,182,193,171,143,109,74,55,44,48,45,46,50,51,51,51,53,54,56,57,57,56,54,53,54,54,57,55,53,52,52,48,44,43,39,43,63,104,142,173,204,224,236,235,227,221,222,225,223,224,224,220,219,219,219,219,218,218,222,222,221,222,222,221,222,223,224,225,224,222,221,221,221,221,221,221,221,221,221,222,224,224,220,221,222,221,218,217,220,218,224,225,216,218,225,224,223,220,218,224,226,221,225,229,232,236,237,234,232,219,214,202,175,150,122,89,63,46,48,48,51,52,56,58,59,58,58,58,57,57,56,55,54,56,55,54,54,54,55,56,56,55,53,53,50,50,66,83,116,147,167,156,143,108,95,0,0,0,0,0,0,0,0,0,0,0,0,0,0,0,0,0,0,0,0,0,0,0,0,0,0,0,0,0,0
0,0,0,0,0,0,0,0,0,0,0,0,0,0,0,0,0,0,0,0,0,0,0,0,0,0,0,0,0,0,0,0,65,81,110,141,187,192,164,124,83,55,49,47,46,44,47,48,50,52,53,53,53,54,57,57,57,56,55,55,56,54,53,54,51,50,46,43,37,37,58,96,144,187,208,216,224,227,228,225,224,224,224,223,222,222,223,221,220,221,221,220,222,222,222,222,221,223,222,221,222,222,223,223,223,223,222,222,222,222,222,222,222,222,222,222,223,224,222,222,223,222,219,219,221,221,223,224,221,221,223,223,222,220,216,223,221,221,225,225,225,228,232,230,227,222,227,225,224,213,189,159,123,82,51,41,46,46,53,53,56,55,57,59,59,59,56,54,54,53,53,53,56,54,56,57,58,59,55,53,53,56,50,66,89,120,146,153,161,154,138,0,0,0,0,0,0,0,0,0,0,0,0,0,0,0,0,0,0,0,0,0,0,0,0,0,0,0,0,0,0
0,0,0,0,0,0,0,0,0,0,0,0,0,0,0,0,0,0,0,0,0,0,0,0,0,0,0,0,0,0,0,70,87,106,140,174,181,179,135,93,67,48,50,51,47,47,47,48,51,52,53,52,53,53,56,57,58,57,55,55,53,51,56,61,62,52,42,38,41,79,132,173,205,222,231,229,226,223,221,220,221,222,222,222,224,223,224,225,226,227,227,227,226,225,223,223,222,223,223,224,222,222,222,222,222,222,222,222,222,222,222,222,222,222,222,222,222,223,222,222,223,222,220,221,222,221,223,223,221,222,223,222,223,222,215,221,216,213,222,220,217,224,227,225,222,223,227,235,233,231,220,202,177,142,100,65,48,45,50,50,53,57,58,58,61,60,57,55,54,53,53,52,56,55,58,58,57,57,55,55,55,56,50,50,59,82,114,147,173,172,162,146,0,0,0,0,0,0,0,0,0,0,0,0,0,0,0,0,0,0,0,0,0,0,0,0,0,0,0,0,0
0,0,0,0,0,0,0,0,0,0,0,0,0,0,0,0,0,0,0,0,0,0,0,0,0,0,0,0,0,0,59,91,114,139,169,184,165,130,84,57,49,49,57,49,50,49,51,51,54,55,54,55,53,52,52,53,55,56,55,54,52,52,49,50,51,47,50,70,122,155,193,217,233,238,235,227,228,226,227,227,228,226,225,224,222,220,222,223,224,224,223,223,225,224,223,223,222,222,222,223,222,222,222,222,222,222,222,222,222,222,222,222,222,222,222,222,222,222,222,222,222,222,222,222,222,222,222,222,222,222,222,222,224,226,222,229,222,218,226,221,220,227,217,218,218,219,225,230,233,235,233,224,212,194,163,123,87,55,45,46,50,53,60,59,61,58,55,54,53,53,53,53,54,56,60,60,58,57,56,57,56,57,54,53,48,61,91,129,158,164,171,181,184,0,0,0,0,0,0,0,0,0,0,0,0,0,0,0,0,0,0,0,0,0,0,0,0,0,0,0,0
0,0,0,0,0,0,0,0,0,0,0,0,0,0,0,0,0,0,0,0,0,0,0,0,0,0,0,0,0,53,83,112,137,168,185,169,140,84,45,32,39,44,50,49,50,51,52,52,54,55,55,55,55,52,52,52,55,57,56,55,52,54,49,45,44,75,118,160,186,204,216,220,222,224,223,222,222,224,225,224,224,223,222,220,220,220,223,224,224,224,222,223,223,223,223,223,223,223,223,223,222,222,222,221,221,222,222,222,222,222,222,222,222,222,222,222,222,222,222,222,222,222,222,222,222,223,222,222,222,222,222,223,223,223,223,227,223,223,225,224,222,222,225,223,225,217,219,223,225,229,230,227,224,216,203,178,149,111,78,52,50,51,58,57,55,54,54,56,54,54,53,53,55,56,59,59,58,58,57,58,60,58,55,55,47,51,72,98,118,151,170,188,188,176,0,0,0,0,0,0,0,0,0,0,0,0,0,0,0,0,0,0,0,0,0,0,0,0,0,0,0
0,0,0,0,0,0,0,0,0,0,0,0,0,0,0,0,0,0,0,0,0,0,0,0,0,0,0,0,51,72,109,144,171,190,182,140,99,55,43,42,50,51,50,52,52,52,54,54,57,57,56,57,58,55,54,53,56,60,59,57,52,54,60,62,84,131,178,203,221,226,225,219,219,221,216,215,221,220,219,218,220,222,222,219,219,220,222,223,222,222,221,221,222,224,223,221,223,224,223,222,222,222,222,222,222,222,222,222,222,222,222,222,222,222,222,222,222,222,222,222,222,222,222,222,222,223,222,222,222,222,222,223,224,223,224,224,223,225,223,224,225,226,224,225,220,232,228,223,221,222,220,220,224,221,221,215,203,174,140,102,62,47,50,54,50,51,54,56,57,57,56,56,56,55,55,55,55,55,55,55,55,57,56,56,52,52,58,75,84,124,154,182,185,169,0,0,0,0,0,0,0,0,0,0,0,0,0,0,0,0,0,0,0,0,0,0,0,0,0,0,0
0,0,0,0,0,0,0,0,0,0,0,0,0,0,0,0,0,0,0,0,0,0,0,0,0,0,0,50,77,100,140,179,196,183,141,89,52,35,44,51,52,51,53,52,53,53,54,54,56,57,57,56,56,55,55,53,56,59,59,57,52,53,83,117,154,194,222,222,230,223,216,206,210,212,215,221,221,219,219,219,221,222,221,219,220,221,222,221,221,220,218,219,222,223,222,220,223,224,223,221,222,222,222,222,222,222,222,222,222,222,222,222,222,222,222,222,222,222,222,222,222,222,222,222,221,222,222,222,222,222,222,223,222,224,225,223,224,224,222,223,224,224,224,226,220,229,228,221,217,220,218,222,228,226,228,230,225,214,191,155,108,71,54,51,50,51,57,58,60,60,58,57,57,55,54,54,55,56,54,54,56,57,56,54,52,52,48,61,70,98,127,159,168,165,149,0,0,0,0,0,0,0,0,0,0,0,0,0,0,0,0,0,0,0,0,0,0,0,0,0,0
0,0,0,0,0,0,0,0,0,0,0,0,0,0,0,0,0,0,0,0,0,0,0,0,0,0,0,62,101,128,167,194,181,138,90,54,40,42,53,53,51,50,51,52,53,53,55,54,56,57,56,55,55,54,55,54,56,57,58,58,53,56,95,154,196,215,217,218,214,215,222,225,227,220,217,221,223,221,220,220,221,220,220,220,220,219,220,220,221,220,218,220,222,223,223,221,224,224,223,222,222,222,222,222,222,222,222,222,222,222,222,222,222,221,222,222,221,222,222,222,222,222,221,222,221,222,222,222,222,222,222,223,223,224,225,223,222,224,224,224,225,223,226,225,219,226,220,218,219,221,221,222,224,223,226,230,235,228,220,201,167,127,90,57,55,48,52,54,59,59,58,56,56,56,54,54,54,53,52,53,54,53,54,54,52,53,50,54,56,67,91,135,151,161,155,141,0,0,0,0,0,0,0,0,0,0,0,0,0,0,0,0,0,0,0,0,0,0,0,0,0
0,0,0,0,0,0,0,0,0,0,0,0,0,0,0,0,0,0,0,0,0,0,0,0,0,0,79,69,112,144,184,192,147,89,52,36,52,56,58,52,52,51,51,55,52,53,56,56,56,56,56,55,54,53,54,54,56,56,57,59,55,55,94,154,190,200,205,221,209,216,221,222,218,214,217,224,222,221,220,219,221,220,220,219,220,220,221,222,222,220,219,222,222,223,223,220,223,223,223,222,222,222,222,222,222,222,222,222,221,222,223,222,221,221,221,222,220,222,222,221,221,220,220,221,222,222,222,222,222,222,222,222,223,223,226,223,222,225,223,222,224,224,224,227,226,225,223,223,222,222,223,224,222,221,224,227,229,229,228,226,212,191,147,101,80,55,53,53,58,56,58,57,57,56,56,55,53,52,53,54,54,53,53,53,52,52,53,50,45,43,59,112,136,150,155,141,117,0,0,0,0,0,0,0,0,0,0,0,0,0,0,0,0,0,0,0,0,0,0,0,0
0,0,0,0,0,0,0,0,0,0,0,0,0,0,0,0,0,0,0,0,0,0,0,0,0,76,90,107,170,205,206,166,108,66,54,56,55,53,55,54,55,56,52,54,53,53,56,55,56,57,56,57,57,52,51,52,53,53,55,59,55,71,78,99,129,166,200,215,211,218,217,218,217,211,217,223,221,222,220,220,221,220,220,221,223,221,221,224,224,221,221,223,222,222,222,222,222,223,222,222,221,221,221,221,221,221,221,221,221,222,223,222,222,220,220,222,217,222,221,218,220,218,218,223,222,220,221,221,221,222,221,222,224,226,226,223,221,223,223,221,223,223,224,229,229,221,217,221,223,223,224,224,223,223,224,226,226,228,235,241,238,218,191,171,117,71,46,44,48,51,57,56,56,56,55,55,53,54,52,53,55,54,53,54,54,55,52,51,48,49,64,84,105,132,155,158,157,130,0,0,0,0,0,0,0,0,0,0,0,0,0,0,0,0,0,0,0,0,0,0,0
0,0,0,0,0,0,0,0,0,0,0,0,0,0,0,0,0,0,0,0,0,0,0,0,73,70,100,138,187,203,178,122,74,56,57,60,55,52,52,54,57,59,53,52,53,53,56,56,56,57,56,56,57,53,53,54,54,54,54,59,56,71,61,62,88,137,182,211,217,215,213,216,216,211,217,217,220,221,220,220,220,219,220,220,222,221,221,222,222,221,221,222,222,222,222,222,222,222,222,222,221,221,221,221,221,221,221,221,220,222,224,222,221,218,220,222,216,219,222,220,221,220,224,227,221,220,221,221,221,221,221,222,224,226,226,222,221,223,223,220,222,221,224,229,229,222,218,221,223,224,224,224,224,224,224,226,226,226,229,231,232,224,211,200,167,131,93,64,50,50,56,54,57,57,56,56,54,53,53,53,56,55,55,54,54,54,53,52,48,48,58,74,89,113,143,159,164,145,0,0,0,0,0,0,0,0,0,0,0,0,0,0,0,0,0,0,0,0,0,0,0
0,0,0,0,0,0,0,0,0,0,0,0,0,0,0,0,0,0,0,0,0,0,0,75,75,88,131,174,193,179,132,81,54,52,55,52,54,54,55,53,54,54,52,52,53,54,56,56,57,57,56,56,55,55,57,60,60,57,55,57,57,58,54,51,59,104,156,189,209,216,211,213,213,212,215,217,218,221,221,220,220,220,220,220,219,221,221,218,218,220,221,220,221,222,222,222,222,221,222,222,220,220,220,220,220,220,220,220,219,222,224,222,220,217,220,223,221,221,227,226,220,220,225,225,220,220,222,221,220,220,220,221,224,226,226,222,221,223,223,221,221,220,223,227,229,224,222,225,224,224,224,224,224,224,225,225,225,224,221,221,224,228,229,228,202,182,142,102,55,43,46,49,57,60,61,61,54,52,53,53,53,54,55,55,56,56,57,57,56,55,54,61,71,94,124,145,164,159,141,0,0,0,0,0,0,0,0,0,0,0,0,0,0,0,0,0,0,0,0,0,0
0,0,0,0,0,0,0,0,0,0,0,0,0,0,0,0,0,0,0,0,0,0,59,70,86,121,169,205,189,141,85,52,46,50,53,51,54,54,55,53,53,53,52,52,54,54,57,57,57,57,56,56,55,55,60,64,63,60,56,55,57,57,53,49,47,82,125,163,188,214,210,209,210,215,215,215,216,219,220,220,220,220,220,219,216,222,221,215,214,220,221,217,220,221,222,222,222,222,222,222,220,220,220,220,220,220,220,220,219,222,224,222,219,217,220,224,228,225,229,230,215,215,219,217,218,220,221,221,220,220,220,220,223,224,223,222,222,222,222,221,220,219,221,225,226,226,227,227,224,223,223,223,223,223,223,223,223,220,217,216,219,226,230,232,219,214,189,150,105,65,49,47,53,54,57,58,53,52,52,52,54,54,57,56,57,56,56,56,55,56,54,55,59,77,102,127,158,163,154,130,0,0,0,0,0,0,0,0,0,0,0,0,0,0,0,0,0,0,0,0,0
0,0,0,0,0,0,0,0,0,0,0,0,0,0,0,0,0,0,0,0,0,48,57,70,105,156,195,201,162,105,61,46,48,51,53,52,53,53,52,52,53,55,52,52,53,54,56,56,56,55,54,53,53,55,58,59,59,58,55,54,54,56,58,58,49,51,74,126,177,215,214,210,211,220,222,219,218,222,223,222,223,222,222,221,217,222,221,216,215,220,221,217,221,222,222,222,222,222,222,222,220,220,220,220,220,220,220,220,219,222,225,222,219,217,219,223,225,222,225,226,211,212,216,214,218,219,220,221,220,220,220,220,222,220,221,222,223,222,222,222,220,221,222,222,223,226,227,227,225,225,224,224,223,223,222,222,222,221,221,219,221,220,222,222,221,220,212,188,155,107,71,47,48,49,55,56,54,54,53,53,54,54,55,56,59,58,60,60,58,60,56,57,54,60,79,108,143,156,157,145,123,0,0,0,0,0,0,0,0,0,0,0,0,0,0,0,0,0,0,0,0
0,0,0,0,0,0,0,0,0,0,0,0,0,0,0,0,0,0,0,0,67,65,62,89,139,181,190,159,118,70,48,45,49,51,54,53,53,53,52,52,54,56,53,53,54,55,56,56,55,54,52,52,52,54,57,57,57,57,57,55,54,57,58,62,57,49,54,87,137,187,209,214,219,221,220,219,219,222,222,222,222,222,222,221,220,221,221,219,219,220,220,219,221,222,222,222,222,222,222,222,220,220,220,220,220,220,220,220,219,222,224,222,220,218,220,222,217,216,220,220,214,214,220,220,220,220,220,221,221,220,220,220,222,218,219,223,224,222,222,224,224,225,223,219,219,225,227,226,225,225,225,225,224,224,224,223,220,221,224,223,221,215,215,216,218,223,222,216,200,160,113,80,57,49,56,57,55,55,54,54,55,55,55,55,58,57,59,59,58,58,56,56,53,53,65,90,122,144,156,158,138,0,0,0,0,0,0,0,0,0,0,0,0,0,0,0,0,0,0,0,0
0,0,0,0,0,0,0,0,0,0,0,0,0,0,0,0,0,0,0,0,80,80,83,119,174,198,173,117,80,48,45,48,53,53,55,55,54,52,51,52,55,56,54,54,54,53,52,52,50,49,48,49,49,51,55,54,56,56,57,56,56,61,57,57,58,55,50,61,97,148,189,211,220,220,216,221,221,222,222,222,222,222,222,223,222,221,221,221,221,220,219,220,222,222,222,222,222,222,222,222,220,220,220,220,220,220,220,220,219,222,223,221,220,218,220,222,215,217,220,220,221,219,222,226,222,222,220,222,222,220,220,220,222,218,220,224,224,222,224,225,227,228,224,218,217,223,227,225,224,224,224,224,224,224,224,223,221,224,228,226,222,218,220,223,224,220,226,227,221,190,156,114,80,55,49,51,56,57,57,57,55,55,55,55,56,56,57,57,57,58,57,58,56,56,59,72,98,126,151,165,149,127,0,0,0,0,0,0,0,0,0,0,0,0,0,0,0,0,0,0,0
0,0,0,0,0,0,0,0,0,0,0,0,0,0,0,0,0,0,0,79,93,99,118,155,194,190,143,89,57,38,46,50,53,53,54,53,53,52,51,52,54,55,54,55,55,54,51,49,46,45,45,47,48,49,54,54,56,56,58,59,57,57,56,56,56,59,57,54,64,104,156,198,210,222,217,221,220,221,220,220,221,221,222,223,222,221,221,222,221,220,220,220,222,222,222,222,222,222,222,222,220,220,220,220,220,220,220,220,220,222,223,220,219,218,220,222,219,224,223,222,224,222,220,225,223,222,220,222,222,219,220,220,222,218,220,224,222,222,224,225,226,228,225,219,218,223,225,223,224,225,224,224,224,224,224,223,221,224,226,224,220,219,223,229,225,219,222,226,224,206,189,155,116,75,52,48,55,55,57,57,56,56,55,56,57,56,57,57,56,57,56,56,56,57,58,61,78,103,133,158,157,141,126,0,0,0,0,0,0,0,0,0,0,0,0,0,0,0,0,0,0
0,0,0,0,0,0,0,0,0,0,0,0,0,0,0,0,0,0,0,71,68,94,141,180,187,144,98,64,44,44,51,52,54,54,55,53,52,52,53,52,55,54,53,55,54,54,47,42,38,37,41,45,44,46,51,54,56,57,57,60,58,58,56,56,58,60,58,52,49,55,107,163,199,221,221,223,222,220,219,219,220,221,223,224,222,220,220,220,221,220,219,220,222,222,222,222,222,222,222,222,222,222,222,222,222,222,221,220,220,222,223,220,218,219,221,221,221,222,223,222,223,222,222,224,224,222,222,223,222,219,218,220,223,219,223,225,224,222,225,224,225,227,225,223,223,224,224,224,224,224,224,224,224,224,224,223,222,223,225,223,219,217,222,226,225,218,215,221,222,223,217,200,146,104,67,43,53,53,57,58,58,57,57,57,56,56,55,55,56,57,58,58,60,60,59,63,57,83,112,141,155,151,137,114,0,0,0,0,0,0,0,0,0,0,0,0,0,0,0,0,0
0,0,0,0,0,0,0,0,0,0,0,0,0,0,0,0,0,0,99,85,79,119,168,187,168,114,75,50,43,44,50,51,54,55,54,53,51,52,54,53,54,53,53,55,53,52,45,42,55,69,68,52,45,46,52,53,59,58,57,59,56,57,56,58,59,55,54,51,50,42,69,118,170,211,218,224,220,216,217,224,222,218,219,223,222,221,220,221,221,220,220,220,222,222,222,222,222,222,222,222,222,222,222,222,222,222,222,222,220,220,221,221,220,219,220,222,221,222,222,222,222,222,222,224,224,222,223,224,223,219,219,220,222,219,222,225,223,223,226,224,224,225,224,223,223,224,224,224,224,224,224,224,224,224,224,223,220,222,225,223,220,217,221,224,222,218,214,216,222,226,227,219,189,155,109,68,58,51,58,60,58,58,58,58,57,57,56,55,57,57,58,58,59,60,59,62,48,63,90,122,145,154,146,123,108,0,0,0,0,0,0,0,0,0,0,0,0,0,0,0,0
0,0,0,0,0,0,0,0,0,0,0,0,0,0,0,0,0,115,92,91,101,148,181,173,139,92,66,45,48,48,52,52,55,56,55,53,53,54,54,52,52,52,53,53,48,47,41,67,121,148,137,88,55,44,48,51,59,58,58,58,55,57,57,57,55,55,61,57,55,52,45,71,127,184,209,220,219,225,222,218,217,216,222,222,221,220,220,221,221,220,220,220,222,222,222,222,222,222,222,222,222,222,222,222,222,222,222,222,222,220,220,223,222,219,220,223,222,222,222,222,222,222,222,223,224,222,222,224,223,219,219,222,223,221,223,225,222,223,225,224,224,224,224,224,224,225,225,224,224,224,224,224,224,224,224,223,220,221,224,223,221,220,222,224,227,222,218,218,222,224,224,221,222,196,155,100,75,48,54,55,57,59,59,58,57,57,57,57,57,57,58,58,59,59,58,60,51,54,73,104,135,151,149,133,120,0,0,0,0,0,0,0,0,0,0,0,0,0,0,0,0
0,0,0,0,0,0,0,0,0,0,0,0,0,0,0,0,0,87,68,87,125,178,193,151,102,64,53,40,50,50,51,51,52,53,54,54,53,53,54,55,53,54,56,55,47,43,49,108,168,201,197,132,93,62,51,50,58,58,59,57,56,58,56,55,53,56,63,57,53,62,44,42,82,146,192,213,215,225,220,219,225,219,224,221,221,220,219,220,220,220,220,220,222,222,222,222,222,222,222,222,222,222,222,222,222,222,222,222,222,218,218,223,223,218,218,222,222,222,222,222,222,222,222,222,224,221,222,223,223,220,220,223,223,224,223,224,223,224,224,224,223,222,223,223,222,222,223,222,223,223,223,223,223,223,223,223,221,223,224,223,222,223,224,224,223,222,225,227,225,225,224,226,233,229,196,150,100,62,51,53,57,56,57,58,57,57,56,57,58,57,58,58,58,58,58,58,52,52,65,87,122,148,151,141,126,113,0,0,0,0,0,0,0,0,0,0,0,0,0,0,0
0,0,0,0,0,0,0,0,0,0,0,0,0,0,0,0,87,57,58,97,164,195,179,122,71,42,46,47,50,51,52,52,52,53,55,55,54,54,55,54,52,52,53,50,39,47,87,156,194,223,220,173,125,80,51,44,49,52,54,54,55,57,53,53,56,55,56,55,55,58,52,47,49,91,144,193,223,223,219,224,231,223,223,223,221,220,220,220,220,220,220,220,222,222,222,222,222,222,222,222,222,222,222,222,222,222,222,222,222,218,218,223,223,218,218,222,222,222,222,222,222,222,222,221,221,221,223,222,222,223,222,223,223,225,223,223,224,225,224,225,225,224,224,224,223,222,223,223,223,223,223,223,223,223,224,224,223,224,224,224,224,225,224,222,222,223,226,226,224,223,221,222,231,231,211,178,142,98,64,49,55,53,56,58,59,60,58,58,59,57,58,58,57,57,57,57,54,56,60,72,106,136,146,147,137,122,0,0,0,0,0,0,0,0,0,0,0,0,0,0,0
0,0,0,0,0,0,0,0,0,0,0,0,0,0,0,0,66,56,85,131,198,194,150,94,54,37,45,48,51,52,53,52,52,53,55,55,55,55,54,53,52,54,48,44,38,82,140,195,208,228,225,203,174,124,77,46,46,49,55,56,57,55,52,52,55,54,55,55,56,55,54,51,39,57,100,153,206,212,222,227,226,228,222,221,220,220,220,220,220,220,220,220,222,222,222,222,222,222,222,222,222,222,222,222,222,222,222,222,222,219,219,222,222,219,220,223,222,222,222,222,222,222,222,221,218,222,223,219,220,225,225,223,223,227,224,222,226,225,222,225,225,225,225,225,224,224,224,224,224,224,224,224,224,224,225,225,226,225,223,224,225,227,225,223,220,221,222,216,224,223,222,222,224,225,217,202,182,141,91,56,59,52,58,59,59,60,58,57,58,57,58,58,56,56,56,56,55,55,55,61,88,121,141,155,147,131,0,0,0,0,0,0,0,0,0,0,0,0,0,0,0
0,0,0,0,0,0,0,0,0,0,0,0,0,0,0,81,58,78,128,170,201,181,128,77,43,40,52,52,54,54,55,54,52,53,55,55,53,54,53,54,55,52,41,38,70,125,183,215,209,221,230,223,210,165,111,63,44,46,53,54,57,54,53,54,53,54,55,54,57,58,56,56,44,47,70,115,170,198,223,227,219,228,223,223,219,219,220,220,220,220,220,220,222,222,222,222,222,222,222,222,222,222,222,222,222,222,222,222,220,220,220,221,220,220,220,222,222,222,222,222,222,222,222,221,219,222,224,219,220,227,227,224,223,228,224,221,227,224,220,224,224,224,224,224,224,224,224,224,224,224,224,224,224,224,224,225,226,225,222,224,228,229,226,224,226,230,229,220,222,218,219,221,224,225,223,217,205,169,119,77,69,53,58,60,62,62,58,59,57,57,57,57,56,56,56,56,55,58,60,61,74,105,134,153,154,141,112,0,0,0,0,0,0,0,0,0,0,0,0,0,0
0,0,0,0,0,0,0,0,0,0,0,0,0,0,0,82,54,96,158,191,191,154,100,67,42,42,51,51,53,53,54,54,53,54,55,54,53,53,52,55,58,51,38,49,131,173,212,216,205,215,220,226,231,195,147,99,61,51,57,54,55,54,55,54,53,54,55,56,58,55,57,57,49,48,47,75,129,180,214,219,216,227,224,222,219,220,220,220,220,220,220,219,222,222,222,222,222,222,222,222,222,222,222,222,222,222,221,220,219,220,220,220,220,221,222,222,222,222,222,222,221,222,222,221,219,221,224,222,224,228,227,225,222,228,224,220,228,224,219,225,227,228,227,226,227,227,227,227,226,225,225,224,224,224,225,226,225,224,222,226,230,231,225,222,221,225,225,222,217,215,218,223,225,227,229,221,213,188,149,105,98,63,61,59,64,64,59,60,58,57,57,57,56,55,56,55,55,56,59,60,59,85,123,150,158,152,123,0,0,0,0,0,0,0,0,0,0,0,0,0,0
0,0,0,0,0,0,0,0,0,0,0,0,0,0,73,73,92,138,183,202,158,116,58,36,46,51,51,47,52,52,54,54,51,52,52,53,54,55,51,53,48,40,43,106,169,213,219,231,219,208,220,216,209,208,180,132,85,57,47,50,54,54,58,57,55,53,56,56,53,52,53,56,55,53,45,47,78,136,184,211,216,225,222,216,218,221,221,222,221,221,221,220,222,222,222,222,221,221,221,221,221,221,221,221,221,221,221,221,221,221,221,221,220,220,222,222,222,222,224,221,222,222,222,221,223,222,224,227,230,228,222,223,236,236,234,231,231,235,238,240,225,237,231,228,237,236,232,234,231,229,225,226,224,223,223,224,222,222,222,229,233,232,224,219,222,227,225,223,219,217,219,222,225,227,228,224,221,217,190,147,100,66,51,51,56,56,59,58,58,57,57,56,56,55,54,54,53,53,55,55,54,56,71,114,154,156,136,109,0,0,0,0,0,0,0,0,0,0,0,0,0
0,0,0,0,0,0,0,0,0,0,0,0,0,0,62,67,102,156,194,190,136,93,45,37,46,49,49,48,52,52,54,54,52,53,54,55,56,54,51,52,43,45,83,151,199,227,221,224,211,207,219,217,216,214,208,186,136,81,52,48,54,54,56,59,55,54,56,59,53,52,53,54,54,52,48,46,54,93,153,191,209,218,217,211,218,223,222,222,221,221,222,222,222,222,222,222,221,221,221,221,221,221,221,221,221,221,221,221,221,221,221,221,220,221,222,222,221,222,223,222,221,221,221,220,221,224,226,225,221,214,204,198,196,195,200,200,196,199,209,215,223,225,223,225,231,235,234,233,225,222,221,225,225,223,222,225,224,223,223,230,234,233,228,224,229,232,229,227,222,221,221,223,227,227,226,226,228,229,213,176,130,86,56,49,61,57,57,58,57,58,58,57,57,55,55,54,53,52,52,54,54,52,57,89,142,159,149,127,0,0,0,0,0,0,0,0,0,0,0,0,0
0,0,0,0,0,0,0,0,0,0,0,0,0,76,57,67,115,171,196,168,111,74,44,42,53,52,53,52,55,54,56,56,53,54,54,55,58,55,48,43,38,73,135,187,210,220,218,219,209,211,214,214,216,213,216,212,176,118,73,49,54,51,54,59,53,53,55,56,54,54,55,56,58,55,52,50,45,61,112,159,198,218,221,210,217,223,221,222,222,222,222,222,222,222,222,222,221,221,221,221,221,221,221,221,221,221,221,221,221,221,221,221,220,221,222,222,222,223,222,224,222,221,220,222,217,223,223,221,211,182,144,118,113,119,120,118,133,146,158,168,171,174,185,204,200,215,232,227,228,229,230,235,234,230,231,236,243,242,240,241,242,240,237,234,235,236,232,228,224,220,216,218,227,227,222,222,226,232,230,202,173,128,82,52,58,59,59,58,57,58,57,55,55,55,56,56,55,54,53,54,56,55,52,71,124,152,155,143,126,0,0,0,0,0,0,0,0,0,0,0,0
0,0,0,0,0,0,0,0,0,0,0,0,0,60,57,97,155,189,178,133,81,57,47,46,52,53,54,54,54,54,56,56,53,53,54,55,66,60,47,44,54,117,179,212,214,214,221,217,212,219,214,214,215,215,221,221,201,156,113,77,57,48,51,55,52,53,55,54,54,54,56,55,58,56,54,51,43,39,61,113,169,201,217,218,221,222,221,222,221,222,221,221,221,222,222,222,221,221,221,221,221,221,221,221,221,221,221,221,221,221,221,221,220,221,222,222,221,224,223,223,221,222,223,221,218,221,220,209,185,149,111,84,73,78,81,84,97,103,110,114,117,121,130,144,135,142,156,158,158,166,174,181,184,187,193,202,204,205,206,205,209,214,214,216,221,224,226,225,222,216,212,218,225,225,220,218,221,231,235,215,193,156,108,69,61,56,57,56,56,57,57,56,57,57,57,56,54,54,53,53,55,57,53,61,108,138,157,156,142,0,0,0,0,0,0,0,0,0,0,0,0
0,0,0,0,0,0,0,0,0,0,0,0,76,52,68,128,182,190,152,99,56,44,50,48,53,55,58,57,54,53,55,54,53,52,52,53,63,52,44,55,96,160,208,223,220,216,222,214,212,218,216,215,217,217,221,219,211,190,156,108,68,46,49,52,55,56,57,54,55,54,55,55,55,56,55,55,51,51,45,73,125,181,210,215,222,219,221,222,220,221,220,221,220,221,222,222,222,222,222,222,221,221,221,221,221,221,221,221,221,221,221,221,220,220,222,223,222,223,222,224,224,224,225,224,221,222,223,212,178,130,100,100,107,105,103,102,97,90,88,79,76,59,60,60,64,67,67,68,65,72,82,93,103,111,119,128,139,147,156,162,172,182,183,192,202,210,219,220,219,210,205,211,220,222,223,223,224,230,232,220,210,181,135,90,62,51,55,54,56,57,58,57,58,57,57,57,55,55,54,55,57,58,54,57,91,117,149,163,156,122,0,0,0,0,0,0,0,0,0,0,0
0,0,0,0,0,0,0,0,0,0,0,0,71,61,87,144,184,176,130,76,47,38,47,49,52,55,57,57,53,52,53,53,53,53,54,54,52,48,48,86,146,201,225,226,223,217,217,215,217,215,219,219,217,219,222,215,211,210,194,145,93,56,50,53,55,54,55,54,55,55,54,54,55,56,56,57,61,51,42,50,85,139,180,206,223,220,221,222,220,221,219,219,220,221,222,222,222,223,222,222,221,221,221,221,221,221,221,221,221,221,221,221,220,220,222,222,223,223,222,225,227,227,226,225,222,215,214,196,154,117,120,149,172,184,192,195,188,173,161,150,172,137,125,123,124,118,111,110,98,95,93,96,99,98,94,95,102,105,109,111,115,119,115,122,127,137,155,175,196,208,212,215,218,218,224,228,228,227,225,221,217,204,169,122,77,55,55,53,55,56,58,57,56,55,56,58,54,55,55,55,56,58,54,53,72,94,132,161,161,139,0,0,0,0,0,0,0,0,0,0,0
0,0,0,0,0,0,0,0,0,0,0,64,60,70,111,166,189,162,107,59,47,44,55,56,59,59,57,55,53,52,54,55,58,58,59,59,43,44,74,139,192,217,216,222,223,216,213,218,221,212,217,221,219,218,220,218,217,219,216,183,137,83,55,53,56,58,59,56,55,55,55,56,57,58,57,57,59,54,48,45,56,100,146,185,219,223,222,221,220,220,221,220,220,221,221,221,221,222,222,221,221,221,221,221,221,221,221,221,221,220,221,221,221,221,221,220,219,222,221,221,223,230,227,221,225,230,216,172,129,121,152,193,231,227,229,233,232,229,227,226,223,221,211,209,204,195,185,178,167,157,147,141,133,123,110,106,104,96,84,76,73,71,61,58,57,65,91,137,180,212,225,225,219,218,224,228,228,224,222,224,226,221,199,159,105,68,52,51,52,55,57,57,57,56,56,56,54,55,56,55,57,59,55,53,58,81,120,153,159,148,129,0,0,0,0,0,0,0,0,0,0
0,0,0,0,0,0,0,0,0,0,0,66,51,83,140,184,182,140,84,49,48,47,57,56,57,57,56,55,53,51,53,55,59,58,56,56,42,52,98,154,206,231,223,222,221,217,217,222,225,216,216,222,218,219,219,220,221,220,223,208,180,124,81,68,57,56,59,57,57,57,55,55,57,56,56,55,54,51,48,46,43,73,116,162,200,217,221,222,221,220,222,222,219,220,220,220,221,221,221,220,220,220,220,220,220,220,220,220,221,220,221,221,221,221,220,219,220,218,217,220,223,228,224,222,224,231,207,153,118,134,179,213,236,229,229,229,231,230,228,230,229,232,231,232,230,225,223,219,215,210,205,202,197,193,186,184,186,176,160,152,152,149,137,121,124,113,118,152,182,211,224,224,224,221,224,225,224,218,217,221,228,227,214,184,134,89,57,51,52,55,57,57,58,58,58,57,55,55,55,56,57,58,55,55,49,73,110,143,157,153,138,0,0,0,0,0,0,0,0,0,0
0,0,0,0,0,0,0,0,0,0,56,57,71,124,179,197,168,111,59,32,49,49,57,58,58,58,54,55,51,50,51,55,59,55,50,48,38,80,150,201,212,222,216,213,218,222,223,223,226,216,216,220,219,216,217,217,220,222,222,217,210,177,114,62,48,49,55,55,60,60,56,55,55,56,55,55,52,51,50,52,47,45,63,110,169,206,218,217,219,219,222,221,220,222,219,220,221,221,222,220,220,220,219,220,220,219,220,220,220,220,220,220,220,219,219,220,219,218,215,218,222,224,222,222,223,222,177,128,120,149,186,218,232,227,224,223,230,230,224,229,234,235,237,239,240,240,238,242,242,241,242,239,235,234,233,230,231,235,234,235,227,216,216,213,190,151,130,149,175,203,215,215,223,225,223,224,221,220,219,222,226,230,225,208,173,121,82,66,54,55,57,57,58,57,58,57,56,56,56,57,56,55,54,54,50,63,96,137,155,153,140,115,0,0,0,0,0,0,0,0,0
0,0,0,0,0,0,0,0,0,0,53,60,98,151,190,189,145,82,42,35,47,49,58,57,57,58,54,52,51,51,52,54,53,55,46,46,52,117,184,218,218,215,215,214,218,226,228,224,224,217,218,218,219,216,217,215,218,219,221,226,230,217,160,99,64,47,54,56,58,59,57,56,58,56,55,56,52,50,50,53,53,47,52,80,128,179,211,219,219,220,221,217,218,221,221,221,221,221,221,220,219,220,219,219,219,219,220,220,220,220,220,220,220,220,219,219,219,218,216,221,225,220,218,223,218,212,157,112,125,162,193,222,224,222,223,221,223,224,224,225,222,230,231,235,232,226,226,224,225,225,229,231,231,233,233,231,232,238,240,240,239,234,235,225,216,175,139,145,170,198,207,210,220,224,223,224,222,222,224,225,227,228,226,214,185,140,101,76,55,57,61,58,57,56,57,56,55,56,56,57,55,55,54,54,51,55,81,120,148,150,140,123,0,0,0,0,0,0,0,0,0
0,0,0,0,0,0,0,0,0,62,52,69,112,167,186,165,114,65,41,40,46,49,56,57,57,58,54,53,52,52,55,56,51,48,43,44,87,156,205,218,217,213,216,217,220,223,225,224,223,218,218,219,218,214,217,215,218,219,219,224,232,234,197,147,100,58,47,49,54,54,56,56,57,57,56,56,54,52,52,55,62,55,50,58,84,142,188,213,222,223,218,215,217,221,221,221,220,219,220,219,220,221,220,219,218,219,220,219,220,220,220,220,220,220,219,218,219,219,222,226,227,221,223,228,208,182,131,119,160,187,197,220,224,222,223,225,227,229,232,230,223,220,217,221,223,220,216,219,217,217,221,222,222,227,229,227,225,229,232,230,231,233,238,228,226,188,147,145,170,198,210,215,222,227,224,223,222,224,227,225,224,225,230,227,204,164,121,84,48,51,54,53,53,54,56,57,57,57,57,57,56,55,55,55,54,53,71,107,137,148,146,133,117,0,0,0,0,0,0,0,0
0,0,0,0,0,0,0,0,0,56,48,89,131,176,175,134,81,51,44,42,47,49,58,61,61,58,54,53,53,55,57,54,49,48,46,59,121,189,224,224,219,215,216,219,217,219,220,221,220,218,218,218,217,212,214,214,214,216,217,217,227,231,219,189,143,85,51,48,52,53,56,58,56,58,55,55,55,52,52,53,63,63,56,50,59,103,153,196,219,221,214,214,216,219,220,221,221,220,220,219,219,219,217,217,217,217,219,218,219,220,220,220,220,220,218,217,215,215,221,225,222,220,227,228,202,168,125,122,170,209,216,220,223,213,216,224,223,225,229,226,227,226,224,220,220,223,221,219,219,219,223,223,220,223,224,222,216,218,219,220,217,219,223,218,225,189,153,144,160,185,204,212,222,224,220,219,221,226,228,225,222,222,228,227,212,183,148,109,57,49,53,51,52,54,58,58,60,60,58,58,56,56,56,57,55,55,60,89,119,144,154,139,120,0,0,0,0,0,0,0,0
0,0,0,0,0,0,0,0,0,55,54,115,155,181,164,116,67,44,48,47,48,48,55,58,59,58,55,55,58,59,59,58,47,46,44,89,167,215,227,220,213,211,211,212,215,217,217,220,216,216,216,217,217,214,215,216,215,214,217,218,221,226,228,215,185,132,77,53,47,50,53,54,56,57,55,54,53,54,55,56,59,62,62,57,57,65,99,155,198,215,216,212,211,213,215,219,220,220,218,217,218,217,216,217,217,217,219,219,219,220,220,220,219,219,218,217,218,217,219,223,220,220,225,219,184,144,138,165,193,205,214,222,219,208,215,221,210,211,218,214,217,231,229,226,229,226,223,222,222,221,223,222,217,217,218,219,227,228,230,231,225,218,217,215,228,201,170,153,159,182,208,220,221,220,218,218,222,227,226,225,223,223,229,230,221,199,168,132,68,48,50,51,53,55,61,60,61,60,58,57,56,56,56,57,58,58,54,70,106,142,156,140,130,108,0,0,0,0,0,0,0
0,0,0,0,0,0,0,0,82,67,72,130,170,183,153,100,59,41,47,48,47,48,53,55,57,58,57,57,60,61,60,59,47,48,67,126,190,223,223,220,214,212,214,213,216,216,215,220,218,219,216,217,216,218,217,218,218,216,217,218,220,228,231,223,206,166,110,65,51,47,52,54,57,56,55,53,53,52,53,55,59,62,62,57,50,44,63,114,167,200,215,216,215,214,216,218,219,219,218,217,218,218,217,219,219,219,220,220,220,220,221,220,219,218,219,219,219,220,218,220,223,227,225,207,163,132,143,173,196,220,233,230,227,231,233,231,225,225,227,230,230,228,226,226,224,221,223,223,228,229,230,225,221,222,224,224,228,225,224,223,220,212,212,213,212,195,167,144,148,172,202,220,220,219,219,220,225,227,224,225,225,226,231,232,230,214,188,155,90,60,56,53,54,54,60,61,61,60,58,56,55,56,56,56,57,57,54,57,95,137,152,145,141,115,0,0,0,0,0,0,0
0,0,0,0,0,0,0,0,76,75,90,135,176,177,135,80,49,42,52,52,50,51,54,54,55,57,59,59,61,60,61,60,46,47,100,169,214,226,218,212,209,211,220,221,216,216,216,219,219,222,219,217,217,218,217,216,217,218,217,216,216,222,225,223,220,198,152,98,64,44,48,52,55,53,57,54,53,53,54,55,58,59,59,59,51,46,47,77,122,168,202,215,221,219,218,217,215,215,217,218,217,218,218,219,219,218,219,219,220,220,220,220,219,218,219,220,220,222,221,224,231,232,220,188,145,121,147,193,216,224,228,234,232,235,236,236,232,229,228,229,229,227,230,228,226,226,226,227,231,234,235,231,229,231,230,227,228,221,220,222,223,222,226,228,224,208,178,151,148,169,198,219,215,217,217,219,225,227,225,226,227,226,230,233,233,221,200,172,112,78,68,60,56,54,58,61,60,60,57,56,55,56,56,56,58,58,55,54,82,128,154,159,154,126,0,0,0,0,0,0,0
0,0,0,0,0,0,0,0,74,81,104,141,175,160,109,61,41,44,53,52,50,51,53,52,53,56,59,60,63,62,60,59,47,69,130,200,219,221,217,209,209,213,220,223,218,215,216,220,220,218,217,219,218,216,218,219,217,217,217,216,214,217,221,219,221,213,184,139,91,55,50,54,55,53,53,53,53,53,56,56,59,57,56,58,50,49,44,52,76,126,177,202,222,221,220,217,213,214,217,220,217,219,219,219,218,218,220,219,220,220,220,220,219,218,218,220,224,223,226,230,233,223,201,158,126,120,147,178,193,193,194,210,194,207,203,211,221,212,205,212,217,226,227,225,227,228,233,235,234,234,233,231,230,229,226,225,226,218,218,226,225,227,227,227,236,218,187,160,148,161,184,204,214,218,217,217,224,226,226,227,224,221,223,226,229,223,210,188,127,93,77,65,56,53,56,61,61,60,58,57,56,56,55,56,58,59,56,56,70,118,150,159,160,131,0,0,0,0,0,0,0
0,0,0,0,0,0,0,80,67,87,126,164,164,133,90,41,46,50,56,54,51,51,51,51,53,55,59,60,61,60,52,49,48,98,162,216,215,220,217,215,221,218,214,219,218,214,216,220,220,216,216,218,218,216,217,220,220,217,216,218,222,221,219,219,219,214,205,198,124,82,58,51,52,51,55,55,52,53,57,59,57,55,56,57,57,57,52,51,44,86,142,178,216,224,222,221,216,212,218,224,217,217,218,219,217,218,217,218,218,219,218,220,219,218,217,218,222,223,228,235,231,192,148,103,68,55,73,91,102,109,115,125,143,159,159,158,169,185,209,216,211,214,215,215,230,233,234,235,235,234,233,235,232,224,221,221,226,226,226,229,232,234,230,228,227,228,206,169,152,166,188,205,213,216,220,218,223,227,224,224,217,218,221,222,221,220,220,209,169,125,78,48,53,53,56,57,59,59,58,57,56,56,56,56,56,57,58,57,60,91,121,150,159,135,115,0,0,0,0,0,0
0,0,0,0,0,0,0,75,62,105,146,166,157,116,71,40,49,50,54,55,52,52,51,51,53,55,60,61,63,60,50,50,72,130,188,215,217,216,218,219,218,218,219,217,218,216,217,220,219,217,217,218,218,218,218,218,218,218,218,218,221,222,221,219,218,216,215,215,176,126,79,53,49,49,52,55,52,53,58,57,55,54,56,56,56,57,52,48,42,58,96,145,199,220,219,218,217,217,218,222,218,218,219,218,218,218,218,218,219,219,219,220,219,218,217,218,222,220,223,222,198,152,101,57,28,16,21,27,28,34,33,38,66,80,87,86,90,97,112,120,126,136,147,155,157,164,173,180,193,203,210,217,218,221,221,222,217,219,226,233,240,234,228,221,220,227,214,182,162,171,191,207,213,217,222,221,224,226,222,220,216,222,227,225,222,222,226,224,184,146,99,62,57,55,57,56,59,59,58,57,56,57,56,56,56,57,57,56,54,82,111,147,159,141,124,0,0,0,0,0,0
0,0,0,0,0,0,0,68,55,116,164,169,141,92,56,48,53,52,56,57,54,54,51,51,55,56,60,60,59,56,48,52,94,156,206,216,220,213,217,219,212,216,223,217,218,218,218,217,217,218,219,216,216,220,220,215,215,219,220,217,217,221,221,217,213,216,224,233,211,170,114,67,48,49,52,53,52,53,56,55,54,54,56,56,57,57,53,53,50,49,60,113,162,213,212,214,221,225,217,211,215,218,219,218,218,218,219,218,219,219,219,220,220,218,217,218,219,223,221,201,154,103,53,19,6,4,10,12,11,10,5,5,5,15,25,26,27,27,32,29,35,39,50,62,58,69,80,87,92,104,113,122,133,147,159,166,164,168,178,188,201,207,214,218,239,234,201,147,115,127,163,191,204,212,221,221,222,225,223,220,221,227,232,227,222,222,230,233,198,166,121,75,56,54,56,56,59,59,58,57,57,58,56,56,55,55,55,55,50,73,109,145,157,154,136,0,0,0,0,0,0
0,0,0,0,0,0,53,52,73,138,173,169,121,72,46,50,52,52,56,56,54,55,52,52,54,54,57,56,57,55,45,67,118,178,218,224,223,217,217,215,211,216,222,220,217,221,220,215,214,220,221,215,216,219,219,216,216,219,220,218,219,220,216,210,210,216,227,235,216,196,155,101,64,55,57,53,54,55,58,56,55,54,55,55,59,58,55,59,56,45,40,84,114,211,214,215,219,224,215,209,213,217,220,219,218,217,219,218,219,219,219,220,220,217,216,218,222,227,221,196,145,85,36,21,33,42,55,65,66,50,31,19,20,26,31,27,25,28,28,26,28,30,34,38,32,33,34,35,36,40,46,59,69,80,86,91,104,114,114,118,131,141,151,166,172,166,142,110,89,103,147,194,202,209,214,220,219,222,223,226,227,228,231,224,218,218,230,231,208,180,140,91,62,56,58,57,60,58,57,56,57,57,56,56,55,55,55,54,50,62,106,134,153,160,141,116,0,0,0,0,0
0,0,0,0,0,0,52,52,97,158,178,163,106,63,43,46,53,53,56,56,56,57,54,53,54,53,53,53,54,49,42,84,148,203,226,224,222,222,217,213,216,218,217,220,217,220,220,215,215,220,221,216,219,216,216,221,220,216,216,221,224,218,208,204,209,217,221,223,219,222,205,159,99,58,47,50,55,58,61,59,57,60,60,57,58,56,55,58,54,50,46,74,91,135,181,205,216,219,218,210,215,218,219,220,218,217,218,218,219,220,219,219,219,216,214,217,219,229,227,205,158,93,52,52,103,129,142,143,132,102,67,41,48,44,38,24,29,27,26,23,19,18,26,29,16,15,18,15,16,14,15,14,15,16,20,23,24,25,24,26,28,33,39,45,71,76,73,70,61,72,115,173,195,207,211,218,217,221,221,224,227,227,226,220,213,215,224,228,218,195,155,109,74,57,56,55,60,57,56,56,57,57,57,57,55,55,57,56,50,54,90,118,140,158,140,117,0,0,0,0,0
0,0,0,0,0,0,58,66,109,165,179,152,90,52,44,47,53,55,54,54,58,58,56,55,55,54,53,51,51,50,62,113,171,207,220,221,220,222,216,212,219,218,213,219,217,218,219,217,217,218,219,217,220,215,215,221,221,215,215,221,222,216,208,206,211,216,217,216,216,224,220,195,144,86,55,48,58,61,63,61,58,58,55,55,57,57,57,60,55,53,46,49,49,89,152,200,213,215,213,216,216,216,214,218,218,218,218,218,219,219,219,219,220,217,216,219,220,224,225,206,158,92,71,98,162,202,213,210,194,164,119,81,67,55,49,34,38,34,32,21,16,20,23,28,24,28,27,26,25,22,21,19,20,25,27,24,19,22,27,30,32,29,34,35,38,37,24,18,11,23,63,123,177,201,211,218,214,216,216,220,223,226,219,218,213,216,217,223,220,206,167,128,89,57,59,56,58,57,56,57,58,58,57,58,55,56,58,58,51,52,68,105,131,159,145,118,0,0,0,0,0
0,0,0,0,0,64,54,76,127,179,174,130,74,44,49,51,53,57,53,52,54,56,58,56,54,54,52,52,48,51,84,144,191,210,216,221,219,218,218,217,219,219,215,218,217,217,218,219,217,216,217,218,218,217,217,218,218,217,217,218,217,217,215,216,217,218,218,220,220,221,218,210,178,123,80,57,54,57,60,61,59,57,55,55,57,58,58,59,56,57,51,52,49,61,107,169,200,212,218,223,219,215,213,217,220,218,219,219,218,218,218,218,221,219,219,222,226,226,221,191,138,85,82,129,197,232,234,231,215,180,135,97,72,54,37,19,10,14,12,10,11,16,14,12,6,8,9,15,17,21,17,20,18,28,23,21,18,16,18,14,8,10,24,32,42,36,22,17,7,7,31,80,127,162,187,212,223,223,219,221,222,225,217,218,216,220,216,222,224,217,182,147,105,62,55,54,57,57,57,57,58,58,57,57,55,57,58,58,51,50,51,93,127,156,152,126,0,0,0,0,0
0,0,0,0,0,60,54,89,142,188,167,106,65,42,51,51,53,57,51,53,53,54,57,57,55,55,52,52,48,61,111,171,204,212,215,223,217,212,218,221,218,218,218,215,217,217,218,218,216,216,217,218,217,218,218,217,217,218,218,217,214,217,221,222,222,220,220,222,223,216,215,221,207,162,114,77,50,54,59,60,59,59,56,56,58,58,57,56,57,57,54,56,49,46,67,124,169,198,218,225,222,217,215,220,223,219,219,219,218,217,216,217,221,220,220,224,232,232,221,183,125,79,82,140,203,232,231,232,228,196,147,98,56,34,20,11,20,23,17,20,23,22,16,12,13,11,8,9,4,3,4,4,10,11,10,10,17,27,31,28,19,16,25,35,59,73,83,85,61,33,25,50,105,156,191,210,218,217,218,222,221,222,217,218,217,221,222,227,227,222,195,166,127,81,61,54,56,57,59,57,58,58,57,56,55,57,57,57,51,50,50,87,115,149,156,134,100,0,0,0,0
0,0,0,0,0,59,60,104,163,177,134,79,60,46,55,53,54,55,52,51,54,54,56,55,57,57,53,53,41,55,128,199,213,213,219,222,217,216,216,214,215,219,219,212,217,218,219,219,217,216,217,220,220,218,217,221,221,218,217,218,217,219,220,221,219,219,219,221,218,214,216,226,230,206,159,102,46,47,51,54,55,55,56,56,58,57,57,58,58,57,56,60,58,52,44,77,127,170,195,220,225,224,220,216,222,214,221,221,220,219,217,217,222,219,220,224,227,233,221,175,117,76,87,145,192,220,224,226,229,200,144,85,50,42,63,85,111,109,103,93,85,82,73,63,54,40,29,17,6,7,12,11,9,9,6,6,12,14,22,24,21,26,44,86,134,165,176,159,122,86,65,70,106,157,193,207,213,214,218,226,222,218,213,216,220,218,222,225,222,221,205,181,138,95,56,50,55,56,57,57,58,58,56,57,56,55,55,56,52,57,54,80,101,133,154,147,126,0,0,0,0
0,0,0,0,76,61,72,121,174,174,125,73,56,47,54,53,54,56,52,52,52,53,55,55,58,58,53,54,43,81,152,213,217,213,216,211,214,218,219,216,214,217,219,216,217,218,219,219,217,215,217,220,221,218,218,222,222,218,218,219,219,219,219,219,218,218,218,219,219,215,218,220,227,223,188,145,97,57,49,52,56,56,56,58,58,57,58,57,56,56,57,60,56,56,43,49,83,133,180,214,215,216,215,215,220,213,218,221,220,219,216,217,221,219,217,221,225,232,219,173,116,74,75,121,161,198,218,225,216,176,113,55,22,39,85,132,165,181,186,186,182,177,167,162,153,147,137,130,119,114,111,106,92,88,83,66,60,58,55,50,48,68,94,141,180,213,216,192,172,141,108,107,132,174,201,209,215,215,216,219,220,215,213,218,221,218,220,222,222,223,215,196,155,108,62,49,55,55,57,56,57,56,56,56,55,55,55,57,53,54,56,79,97,126,150,148,134,0,0,0,0
0,0,0,0,70,63,85,135,180,167,117,71,51,48,56,54,54,58,53,52,53,52,56,56,56,56,50,51,50,100,170,213,217,216,222,214,214,222,225,219,215,217,220,220,217,218,219,218,216,215,217,220,220,218,218,221,221,217,217,219,221,220,218,218,218,218,218,218,222,216,217,218,222,227,204,184,140,75,45,46,52,52,57,55,57,57,56,55,54,55,56,57,57,55,48,48,51,92,158,199,211,213,211,210,212,210,216,223,222,221,217,217,218,216,215,220,224,228,208,161,111,70,58,85,116,154,174,172,153,113,59,24,6,52,121,174,206,223,233,231,235,228,223,218,229,221,211,205,205,200,197,199,196,165,151,141,122,98,70,50,49,83,135,193,219,226,234,231,214,165,117,108,145,187,212,214,216,215,216,216,219,213,213,220,223,219,221,221,224,223,223,211,170,124,75,50,53,54,57,57,58,57,55,55,54,56,55,57,53,54,58,70,97,120,143,144,139,111,0,0,0
0,0,0,0,65,71,101,147,177,156,107,69,48,48,56,55,55,57,52,52,52,52,56,56,56,57,50,50,68,124,186,217,210,212,216,211,217,223,225,219,217,220,221,219,217,218,220,219,216,215,217,220,220,219,219,220,220,218,218,218,219,218,217,217,217,217,217,217,211,217,221,222,219,222,212,205,170,113,68,48,46,49,56,56,59,57,56,55,55,55,55,56,55,58,52,47,45,65,114,165,203,216,219,216,212,210,217,222,220,219,217,219,221,219,216,221,226,226,202,158,114,70,44,49,62,78,81,70,58,42,14,7,22,85,149,193,207,223,232,231,226,225,230,232,232,230,225,223,230,233,236,236,233,208,208,210,203,161,94,38,30,70,131,195,215,223,230,236,230,172,110,101,149,190,214,217,219,218,217,216,219,212,213,220,223,220,222,223,229,228,230,221,188,144,93,56,53,53,57,58,57,57,55,55,54,55,56,57,53,53,58,63,94,119,139,149,144,116,0,0,0
0,0,0,87,58,75,112,153,167,140,94,64,47,49,57,57,57,57,52,51,52,52,56,56,56,54,46,42,82,147,204,218,219,213,214,220,220,222,220,217,219,225,223,217,216,218,220,219,216,215,217,220,219,220,220,219,219,220,219,218,217,217,217,217,217,217,217,218,218,221,220,221,221,225,221,221,204,171,122,67,43,47,55,53,56,56,56,55,56,55,54,55,56,55,54,51,45,45,67,113,170,206,221,222,220,215,218,218,220,219,218,221,225,222,217,220,222,225,202,160,117,71,42,39,33,29,28,23,13,11,4,13,59,120,172,206,219,225,228,219,223,225,226,231,227,232,228,230,238,243,242,239,234,234,231,222,229,189,131,69,42,64,114,172,212,225,232,233,210,154,106,103,138,178,202,214,220,223,224,224,220,213,215,220,222,221,224,225,227,227,227,219,197,156,104,58,56,54,58,57,56,56,55,55,53,53,54,56,52,52,57,63,86,118,138,158,146,120,0,0,0
0,0,0,74,58,79,118,155,157,123,79,54,47,50,57,60,59,57,52,51,51,52,55,57,59,55,44,47,94,160,205,222,211,209,215,217,221,220,217,215,219,225,223,215,215,218,220,219,216,216,218,220,218,221,221,217,217,221,221,218,218,218,219,219,218,218,219,220,220,220,222,220,218,218,216,222,225,203,159,106,62,49,53,52,53,55,56,57,58,56,55,56,55,55,53,52,50,45,49,83,120,177,209,223,229,220,216,216,218,218,219,222,224,219,214,218,224,220,191,147,105,62,37,31,19,17,22,22,14,11,12,36,92,155,197,223,214,218,221,225,228,233,234,232,239,235,228,228,226,227,227,226,225,231,226,219,216,177,124,65,31,59,99,156,182,218,227,203,157,99,72,94,150,192,211,217,220,225,226,226,223,218,220,223,223,222,225,225,228,224,224,219,201,168,120,63,56,53,56,56,55,56,55,55,52,52,55,55,52,52,58,63,76,115,138,157,141,124,0,0,0
0,0,0,70,50,78,124,160,154,115,74,53,47,49,55,58,59,56,52,51,53,52,54,56,56,53,42,61,129,178,224,228,212,217,216,221,217,218,217,214,215,219,220,214,215,218,220,219,216,216,217,219,219,223,222,217,217,222,222,219,218,218,218,218,218,218,219,221,221,222,222,218,215,217,216,220,219,218,197,150,80,41,48,61,53,53,56,57,55,54,53,54,54,57,55,55,56,55,48,54,78,137,183,215,229,222,217,218,218,219,223,226,229,223,217,221,219,218,190,142,91,49,35,35,31,29,26,32,40,39,38,59,105,155,194,217,218,225,225,225,225,230,233,233,238,237,238,236,238,233,235,237,238,238,238,228,215,194,142,85,52,33,56,85,120,136,142,134,101,50,41,92,155,197,212,214,217,224,227,226,225,222,224,225,224,223,225,225,225,219,223,222,207,181,135,72,59,53,55,57,56,56,55,54,52,52,56,55,52,53,58,59,63,104,137,152,139,127,101,0,0
0,0,0,70,49,83,134,165,150,105,68,52,48,50,54,56,59,56,52,52,54,52,54,55,54,53,42,79,151,193,215,226,207,214,221,215,214,218,220,215,212,215,218,217,216,218,219,218,216,216,217,218,219,223,223,216,216,221,221,218,218,218,218,218,218,219,220,221,222,222,222,221,217,214,214,222,225,215,210,185,130,78,52,49,54,53,56,57,54,54,55,53,55,54,54,58,57,56,55,48,55,99,147,195,220,226,224,222,221,218,220,222,227,222,216,218,218,218,189,139,83,40,33,34,30,36,34,36,37,32,34,50,94,126,151,165,171,189,193,192,187,198,205,207,209,207,212,214,208,209,207,216,224,230,228,220,209,194,156,106,60,46,42,52,79,88,88,73,53,34,43,91,155,197,215,219,223,223,223,223,223,222,224,223,222,223,225,223,219,217,219,219,211,188,138,80,66,54,56,58,57,56,55,54,53,52,54,54,54,53,58,57,52,90,134,152,146,133,102,0,0
0,0,80,61,60,88,145,174,144,92,60,46,50,49,52,53,54,53,52,54,56,53,53,55,52,49,51,95,171,204,209,219,208,210,218,216,215,214,218,218,213,216,220,215,216,218,219,218,217,217,218,219,223,224,222,216,216,218,220,218,218,218,218,218,218,218,218,218,219,220,222,222,222,215,215,219,223,216,217,209,184,130,77,48,50,51,54,57,58,59,58,55,56,54,54,55,57,59,51,50,46,71,112,156,196,219,224,222,220,215,215,220,222,220,214,218,226,224,186,127,70,38,32,32,30,28,31,37,31,27,29,39,38,38,56,75,82,79,92,89,118,127,131,140,148,155,165,172,191,200,207,213,216,220,223,221,218,200,165,117,66,47,34,27,29,31,24,13,10,10,38,109,164,195,208,220,223,223,222,223,221,220,220,220,219,219,221,222,221,218,214,222,212,198,162,113,70,52,57,60,57,57,55,56,54,54,56,55,55,55,58,59,53,85,121,143,143,135,109,0,0
0,0,75,57,70,101,152,171,134,82,50,42,51,50,51,53,53,52,53,54,54,54,54,53,51,50,59,113,181,209,213,220,210,208,216,214,216,215,217,217,214,216,218,216,217,218,219,218,217,217,218,219,223,223,220,217,216,219,220,219,218,218,218,218,218,218,218,218,220,220,222,222,223,220,215,215,216,217,217,216,204,170,124,76,52,49,52,56,59,59,58,57,56,55,55,55,56,57,52,50,46,49,83,124,164,203,223,222,220,212,210,215,219,217,213,218,224,222,188,129,69,36,31,32,29,31,38,42,37,26,18,15,16,15,19,23,30,32,37,43,44,57,68,75,84,94,97,105,113,121,130,144,153,157,161,162,162,152,119,77,46,33,22,20,15,16,14,16,17,23,53,110,163,193,203,219,229,221,220,222,222,221,221,221,220,221,222,223,223,220,220,231,224,207,187,122,71,50,57,63,58,58,56,57,54,54,56,56,57,56,59,60,53,75,114,141,149,140,115,99,0
0,0,72,57,81,117,157,163,120,71,42,42,51,50,50,53,51,52,54,53,53,53,54,52,50,50,65,124,190,215,217,218,214,210,215,213,215,218,216,215,217,216,215,217,218,217,217,219,218,216,217,219,221,220,217,218,218,220,220,220,218,218,218,218,218,218,218,218,219,220,220,222,225,225,218,216,217,215,219,215,216,197,163,115,66,48,51,54,54,55,57,58,57,56,57,56,55,55,54,53,51,46,59,89,125,176,215,222,221,211,209,217,219,214,210,215,223,221,197,150,98,65,56,48,34,26,22,20,19,16,11,8,6,8,15,16,15,11,8,8,7,9,15,16,17,15,17,21,23,29,35,43,46,46,49,53,49,57,45,37,35,35,28,34,32,29,29,28,23,32,62,114,169,197,205,219,228,217,216,221,223,222,222,222,222,222,223,224,224,222,226,227,228,218,172,125,78,50,57,64,59,62,58,58,57,56,56,56,57,56,59,60,53,71,110,139,161,146,119,103,0
0,0,70,57,83,126,161,154,109,63,40,46,51,50,51,54,51,51,53,52,53,53,57,52,50,51,79,142,194,217,223,219,216,213,218,211,213,221,215,212,219,217,211,218,219,215,215,220,220,215,214,219,216,216,215,217,219,220,220,220,218,218,217,217,217,217,217,217,217,218,218,220,221,224,220,220,222,214,219,224,223,214,207,155,92,54,51,52,53,56,58,58,58,57,58,58,55,54,57,56,53,51,46,59,80,136,197,222,218,212,212,220,221,214,212,216,222,222,211,181,143,110,92,76,49,35,25,27,35,44,42,42,52,51,46,44,44,43,43,38,36,36,32,24,23,17,8,12,14,14,14,18,19,13,12,15,17,22,15,12,15,17,14,24,33,36,28,25,24,31,68,125,176,204,212,220,222,220,217,220,222,222,222,222,222,222,222,223,226,223,221,224,222,223,181,135,79,48,59,65,60,61,56,56,56,56,55,55,55,55,57,59,52,69,109,134,157,139,121,104,0
0,0,68,57,86,133,161,144,100,56,40,46,52,51,52,54,52,52,52,51,52,52,56,52,48,52,92,158,194,219,224,216,217,211,212,210,213,221,216,212,219,217,212,218,219,215,215,220,220,215,214,218,214,214,215,217,219,219,220,219,218,218,217,217,217,217,217,217,217,217,217,218,217,220,218,221,222,223,208,221,224,220,214,196,131,78,51,47,51,55,60,58,58,58,59,60,57,57,58,57,57,57,47,47,46,96,163,201,212,215,218,224,222,215,213,216,220,221,219,208,184,146,111,82,51,36,29,47,84,119,131,136,140,139,132,120,113,99,81,70,62,57,58,49,34,34,28,29,20,12,7,9,11,3,2,2,17,13,13,12,17,24,31,35,27,30,20,20,37,42,72,137,177,211,216,215,216,224,222,218,222,223,222,222,223,222,223,224,225,227,225,222,222,221,184,133,92,52,54,55,58,60,56,55,54,54,54,55,55,54,56,56,53,63,100,131,148,136,125,101,0
0,0,67,56,89,141,165,139,93,50,40,44,53,51,53,53,52,53,52,52,53,55,57,51,48,59,107,174,203,218,219,212,217,211,210,212,215,218,217,215,217,217,216,217,218,217,217,218,218,217,217,218,214,215,217,217,219,218,218,217,218,218,218,218,218,218,218,218,217,217,217,219,217,218,217,220,221,225,204,219,225,220,209,215,172,123,74,49,52,52,59,57,57,58,58,60,57,58,58,57,55,55,50,46,40,69,121,167,196,211,220,226,224,218,217,218,214,216,223,224,203,155,104,65,41,26,30,66,132,179,197,202,208,205,197,190,187,180,172,162,160,154,150,141,130,122,119,107,100,90,80,74,70,62,54,48,44,34,29,27,21,24,27,27,39,49,23,12,24,34,71,133,170,211,217,214,219,225,226,218,220,220,220,220,220,219,220,220,222,225,223,222,223,221,196,146,101,60,55,54,59,57,56,56,54,55,54,55,54,54,55,55,54,60,87,128,148,143,129,99,0
0,0,64,54,94,149,167,135,85,45,40,44,52,51,51,52,52,52,53,53,53,56,56,51,46,64,123,192,216,214,216,216,214,215,217,215,216,217,217,217,216,217,217,217,217,218,218,217,217,218,218,217,216,217,218,218,218,217,217,217,218,218,218,218,218,218,218,218,218,218,219,219,218,219,218,220,220,222,205,215,222,219,221,221,205,173,116,70,52,50,56,57,57,57,57,58,56,57,56,55,55,59,55,50,45,54,81,126,170,198,216,225,223,217,217,217,206,203,211,219,198,146,91,47,33,26,40,87,156,199,212,218,221,225,230,236,237,234,236,230,232,229,227,216,212,207,214,199,181,175,163,155,149,148,133,117,118,99,74,58,42,31,28,27,29,31,18,12,27,39,72,122,174,209,219,221,226,226,226,222,221,221,221,221,221,221,220,220,223,227,223,223,225,219,201,160,112,67,52,54,61,59,57,56,56,56,55,56,54,54,56,55,54,59,79,119,143,144,131,106,0
0,0,61,56,106,154,159,122,75,43,44,47,53,52,52,52,53,52,54,53,54,56,54,53,45,70,133,196,216,216,215,216,216,216,215,217,216,217,217,216,217,217,216,218,217,218,218,218,217,218,218,217,216,217,218,219,218,218,216,217,218,218,218,218,218,218,218,218,220,220,220,219,217,219,218,219,221,220,214,220,221,216,219,223,221,203,155,97,58,49,54,56,57,57,58,56,55,55,54,54,56,59,55,54,56,51,55,86,131,174,207,225,227,222,221,219,216,216,227,228,190,129,78,42,23,26,48,94,154,195,209,221,227,225,225,224,228,229,227,230,228,228,229,222,224,224,220,221,225,224,215,212,207,215,206,194,195,187,172,157,148,108,82,60,43,43,38,29,46,67,115,147,198,216,222,226,226,225,224,225,221,221,221,221,221,221,220,219,219,226,223,218,225,217,204,168,121,74,53,54,60,58,57,59,55,55,54,56,55,54,57,55,54,56,77,112,138,141,133,109,0
0,0,56,59,116,149,150,115,70,43,49,49,52,54,51,52,52,51,53,52,54,56,53,51,44,75,145,195,217,217,217,217,217,217,217,217,217,217,217,217,217,217,218,217,217,219,218,217,216,218,218,217,217,218,218,220,220,218,218,218,218,218,219,220,220,220,220,220,218,218,219,219,218,218,218,217,215,213,218,218,220,216,216,219,225,216,187,139,96,63,55,55,54,55,61,58,56,55,54,56,56,58,56,55,54,49,42,53,81,134,183,208,222,223,224,222,224,223,218,204,165,115,76,42,37,36,61,105,155,192,204,214,220,222,223,224,225,226,226,226,225,228,228,225,229,228,220,224,229,231,228,230,230,224,226,231,231,230,230,220,199,149,105,69,40,29,41,72,120,148,184,206,215,220,220,222,223,224,225,225,221,220,220,220,220,221,219,218,217,222,219,215,218,214,207,175,128,79,56,55,64,59,59,57,55,55,54,55,57,57,57,56,55,56,76,110,135,141,133,111,0
0,0,55,63,123,147,140,103,63,43,50,48,53,53,52,52,53,51,51,52,54,54,52,50,42,85,153,192,217,217,217,217,217,217,217,217,217,217,218,218,217,217,218,217,217,218,218,217,217,218,218,218,218,219,219,220,220,218,218,218,218,219,220,220,220,220,220,220,217,218,219,219,218,217,218,218,215,215,218,211,215,216,212,213,220,222,214,175,128,89,61,52,53,54,59,57,56,55,54,55,56,57,55,55,52,49,44,45,58,105,157,196,219,226,224,219,217,216,211,197,158,106,64,38,25,25,51,97,147,185,201,210,216,218,219,217,216,216,218,220,224,227,227,226,229,227,224,224,227,229,227,229,228,221,226,227,226,225,229,223,196,143,92,57,29,26,44,92,144,186,213,222,223,226,220,218,218,224,224,223,221,220,220,220,220,220,219,219,216,217,217,217,217,215,211,183,137,86,58,55,63,59,59,57,55,54,53,55,57,56,57,56,54,56,77,111,135,142,135,112,0
0,57,56,69,122,152,148,105,60,43,51,49,52,52,53,56,56,51,50,51,54,52,49,48,50,103,161,201,218,218,218,218,218,218,218,218,217,217,218,218,217,217,218,217,217,218,218,217,217,218,218,218,218,220,220,220,220,219,219,218,219,220,220,220,220,220,220,220,219,218,219,219,218,218,218,217,218,214,219,214,215,220,222,215,215,221,225,211,171,121,78,51,49,52,61,59,56,55,55,56,55,56,55,57,55,55,52,50,40,72,119,169,205,221,224,220,218,217,214,197,154,99,51,27,17,13,37,87,139,183,207,217,219,219,217,216,217,218,220,222,224,225,222,222,222,222,228,226,225,224,224,225,224,224,224,220,216,216,220,214,185,124,77,48,24,21,44,92,149,195,221,222,224,226,220,215,211,220,221,221,222,222,223,223,223,223,223,223,224,221,221,222,221,224,219,188,146,97,60,54,63,60,60,61,58,57,55,57,59,57,60,57,54,57,77,109,132,141,134,111,0
0,58,57,76,123,156,153,105,55,41,52,50,54,53,55,55,56,52,51,54,53,52,49,49,56,114,165,205,218,218,218,218,218,218,218,218,217,217,217,217,217,217,217,217,217,217,217,217,217,217,218,218,218,220,220,220,220,220,221,220,220,220,220,220,220,220,220,220,217,217,219,219,218,217,218,218,216,218,220,217,217,215,222,217,213,215,222,227,208,161,113,67,52,51,60,58,56,55,55,54,56,57,55,55,52,53,54,51,45,55,82,127,169,200,219,223,227,226,225,205,155,100,54,27,14,14,42,95,147,186,212,222,220,218,217,218,219,219,217,216,220,221,217,220,218,218,226,222,222,219,222,220,220,229,222,218,216,223,223,211,181,119,75,47,25,27,53,100,149,195,216,222,219,221,219,216,212,221,221,223,224,224,225,225,225,225,226,226,227,220,223,226,223,228,221,189,148,101,56,53,64,62,59,62,57,56,56,57,57,56,60,57,55,57,73,104,127,137,133,112,0
0,57,59,84,130,159,146,94,48,39,52,51,54,54,56,54,55,55,53,54,56,53,50,46,51,121,176,210,218,219,219,219,219,218,218,218,217,217,217,217,217,217,218,217,217,217,217,217,217,217,218,218,217,220,220,220,219,220,221,220,220,220,220,220,220,220,220,220,219,218,219,219,219,219,218,217,216,216,217,215,214,210,222,222,215,215,222,229,228,204,159,101,65,50,54,54,54,54,54,54,54,56,56,55,53,54,57,57,52,52,56,84,124,168,208,223,224,224,223,208,171,126,91,64,49,57,83,131,173,195,213,224,223,223,222,222,222,221,219,219,218,218,217,220,218,216,221,218,218,217,221,218,218,226,219,220,221,232,225,206,170,123,77,45,28,29,62,114,161,202,214,216,215,216,218,217,217,226,226,226,225,224,225,225,224,225,226,226,231,222,224,229,227,229,218,188,146,102,61,56,60,57,56,61,57,57,58,58,58,56,60,59,55,55,66,98,125,138,137,117,0
0,57,61,91,133,164,143,86,42,38,51,51,54,53,55,55,54,54,53,53,53,51,49,48,61,136,187,210,218,219,219,219,218,218,218,218,217,217,217,218,218,218,218,217,217,218,218,218,218,218,218,218,218,220,221,220,220,220,221,220,220,220,220,220,220,220,220,220,218,217,218,219,218,218,218,218,216,216,222,217,207,205,218,223,223,224,220,225,231,227,196,140,94,64,54,52,54,53,53,54,55,56,56,55,54,53,56,57,55,53,46,56,87,135,185,211,206,213,211,207,196,174,160,149,140,140,151,181,204,206,210,217,222,222,222,221,222,222,222,222,221,219,218,220,218,218,219,219,219,218,220,218,219,219,218,221,221,228,225,199,161,119,73,40,22,22,60,116,162,204,215,216,215,217,221,218,218,226,227,226,225,224,223,223,222,223,226,225,226,220,221,225,228,231,220,194,151,99,61,57,59,59,57,60,56,57,59,59,57,56,57,58,55,54,64,97,127,143,140,120,0
0,57,63,95,133,165,141,84,42,39,51,51,54,53,53,53,53,52,52,54,54,51,47,48,72,146,192,210,216,217,217,217,217,217,217,217,217,217,217,218,218,218,219,218,218,219,219,218,218,218,219,219,218,220,220,220,220,220,221,220,220,220,220,220,220,220,220,220,218,220,221,219,214,212,213,215,220,222,222,222,220,219,219,223,226,224,217,221,227,229,218,182,124,86,57,49,53,54,55,54,55,56,56,55,54,53,55,56,58,59,50,51,65,103,147,184,197,215,217,216,217,215,220,226,223,213,204,209,217,214,216,220,221,223,223,223,224,224,223,222,222,219,220,221,219,220,220,220,222,220,220,219,221,218,219,221,223,226,221,193,156,101,54,25,20,19,47,106,159,207,218,221,219,221,223,221,220,224,225,225,221,221,220,221,220,221,223,222,222,224,225,224,226,228,221,202,163,104,66,56,56,56,57,57,56,57,60,59,57,56,56,57,54,56,65,98,130,146,142,122,0
0,56,63,95,134,160,132,84,52,43,52,50,52,54,56,53,53,53,52,52,53,52,48,50,77,150,197,212,216,216,217,217,217,217,217,217,218,216,217,218,218,218,219,218,219,219,218,217,217,218,219,219,218,218,218,220,220,220,220,220,220,220,220,220,220,220,220,219,218,217,217,217,217,217,217,217,218,217,212,217,211,210,211,211,218,212,217,219,223,227,227,213,159,119,76,52,55,54,58,55,57,56,57,54,53,52,55,56,58,58,52,47,47,70,104,148,190,216,221,220,223,225,230,234,232,228,220,217,220,218,219,218,217,220,220,218,217,219,220,221,222,219,220,221,217,220,222,221,222,221,222,221,220,221,222,224,227,229,210,186,156,103,63,39,24,31,57,105,161,199,215,223,223,221,221,222,223,223,222,221,221,221,221,222,220,220,222,220,220,224,223,222,226,225,220,207,168,108,69,54,57,57,57,59,56,56,59,58,57,57,56,57,54,58,66,97,129,147,144,125,0
0,56,64,92,137,158,126,83,52,42,52,50,51,52,54,54,55,52,51,50,54,54,48,49,91,155,193,209,216,217,216,216,216,216,217,215,216,217,217,218,219,219,218,219,220,219,217,215,215,217,219,218,217,218,218,218,220,221,221,221,220,220,219,219,219,219,218,218,218,218,216,217,217,219,217,217,217,215,205,216,230,231,225,222,221,225,235,230,217,218,228,233,210,168,121,78,49,48,56,59,58,57,56,57,54,53,55,55,56,54,52,53,50,51,70,134,167,202,212,220,223,220,226,222,220,224,224,222,224,224,221,217,217,225,222,216,221,223,219,220,223,219,220,220,216,218,223,222,222,219,219,220,220,220,222,223,229,227,208,189,174,136,103,80,76,83,103,147,185,205,216,227,224,220,217,222,224,223,220,220,221,222,222,222,222,219,217,218,222,222,224,224,221,225,223,207,166,120,76,52,54,57,57,57,57,57,58,59,59,58,56,57,53,55,65,95,134,157,153,131,0
0,58,68,97,144,158,123,78,49,42,50,51,52,52,54,54,56,55,51,50,55,54,48,49,95,156,193,213,215,216,216,216,216,215,216,216,216,217,217,217,218,219,219,220,217,217,219,219,219,219,216,216,217,218,218,218,220,221,221,221,220,220,219,219,219,218,218,218,217,216,214,216,220,224,222,217,216,213,202,217,221,218,198,174,158,160,185,201,201,203,210,219,226,202,153,100,58,45,55,57,57,56,57,56,54,53,54,55,55,53,52,53,51,48,47,97,129,177,204,210,218,220,217,216,214,220,221,222,223,223,220,217,217,226,222,216,221,224,219,222,223,219,220,220,216,218,224,222,220,219,219,219,220,223,222,222,222,226,220,213,209,188,176,170,170,169,173,195,212,218,222,227,226,218,214,222,226,223,220,222,222,223,222,220,219,218,218,220,221,221,224,223,220,225,223,208,168,121,77,51,55,57,57,57,56,57,58,59,59,58,56,57,55,53,61,98,133,155,155,129,0
0,61,76,111,154,158,115,68,45,44,52,54,52,52,52,54,55,57,51,51,54,53,46,49,99,155,193,219,214,215,215,216,215,215,216,216,215,217,217,217,219,220,219,218,214,214,220,223,223,220,214,214,216,217,217,218,219,220,220,221,221,220,219,219,219,218,219,219,218,217,217,218,221,222,222,217,215,214,215,208,199,175,139,93,67,66,106,159,190,200,206,220,227,225,189,140,93,55,47,50,55,56,56,55,55,54,55,56,56,57,56,55,54,56,45,56,91,146,186,205,220,220,218,218,220,224,221,222,222,222,220,217,218,226,222,216,221,223,220,222,223,218,220,221,216,218,224,223,221,219,219,219,219,224,221,220,218,219,216,216,221,218,220,224,224,219,215,222,228,225,224,227,224,217,216,221,224,221,220,222,225,225,222,217,216,217,220,222,222,221,224,223,219,224,223,208,170,122,76,50,54,56,56,57,56,56,59,59,59,58,57,57,59,56,60,98,130,152,154,124,0
0,61,79,120,162,164,118,68,44,43,50,53,50,50,50,52,53,55,51,53,54,52,46,52,109,162,196,224,215,215,215,215,215,215,216,216,216,217,218,218,219,219,218,218,215,216,220,222,222,220,216,215,216,217,217,218,219,220,220,220,219,219,218,217,217,217,218,217,217,217,221,221,221,219,220,220,219,218,238,225,197,158,104,49,14,19,64,133,182,201,210,224,230,233,215,181,140,88,55,50,53,55,56,54,56,58,56,56,56,57,57,55,53,55,51,44,63,106,156,193,219,221,219,218,224,227,222,223,223,222,219,217,219,222,221,219,221,222,220,222,223,218,220,221,215,218,225,223,222,220,220,219,219,224,220,218,217,219,222,221,222,219,224,232,231,230,225,223,227,229,228,225,222,220,220,221,221,221,221,221,224,224,222,219,218,218,220,221,222,221,224,224,220,224,223,208,175,126,77,50,54,57,56,57,56,55,58,59,59,58,57,57,59,57,57,93,129,147,145,118,0
0,61,81,124,170,174,123,70,47,44,52,52,50,49,51,51,53,54,53,55,52,51,47,56,115,167,200,225,215,215,215,215,215,215,216,216,219,219,219,218,218,217,217,218,220,220,216,214,214,216,220,220,217,217,217,218,219,220,220,220,219,219,217,217,217,217,217,216,216,216,223,222,222,221,222,225,228,226,241,234,205,154,85,24,16,19,58,124,177,199,209,217,224,226,225,208,176,128,80,51,47,49,53,54,57,61,58,57,57,57,58,56,54,55,56,49,46,66,117,161,207,223,216,212,218,224,223,225,225,223,220,220,220,218,220,222,221,220,221,222,223,218,220,221,215,218,225,223,222,220,219,219,219,222,219,219,220,220,223,222,224,222,221,222,226,227,224,221,225,228,227,223,221,223,222,222,220,222,222,222,222,222,223,224,222,220,217,217,221,220,223,223,220,224,223,208,180,129,79,51,56,58,57,57,55,55,57,57,58,57,56,55,55,55,54,89,132,144,135,115,0
0,61,84,127,171,173,120,66,46,45,54,51,49,49,49,50,52,53,53,53,52,52,47,54,111,166,201,223,216,214,214,215,216,215,215,217,220,220,219,218,217,216,216,217,222,221,214,211,211,215,221,221,217,217,217,217,219,220,221,221,220,220,218,217,219,218,218,217,214,213,221,223,225,223,225,229,229,225,221,214,183,125,55,6,11,19,59,127,180,201,210,216,219,219,219,211,192,160,112,66,51,46,53,56,59,61,58,58,57,57,56,55,56,61,56,50,45,48,78,118,179,213,215,214,218,222,220,221,222,221,219,221,222,216,219,225,221,218,222,222,223,218,221,221,216,219,225,223,221,220,219,220,219,221,219,219,220,220,223,221,221,221,220,221,225,228,225,221,221,224,222,218,218,225,225,222,218,223,223,222,222,222,223,225,223,220,217,216,222,221,222,222,220,224,223,208,181,131,80,52,57,58,57,56,54,54,56,57,57,57,56,55,54,56,56,85,127,140,130,111,77
0,66,90,133,169,172,124,70,48,46,54,52,52,50,50,51,54,55,56,54,54,54,47,49,107,172,208,220,216,212,214,218,218,214,212,216,218,219,219,218,217,216,215,216,219,219,217,216,216,217,219,218,217,217,217,218,220,221,221,221,220,221,217,218,219,217,217,217,215,212,216,221,226,230,234,232,229,230,180,148,122,79,39,22,23,45,101,164,199,210,212,217,216,215,213,210,207,191,148,96,66,44,47,51,56,57,58,59,57,55,53,55,56,59,54,56,52,53,59,82,138,187,210,221,221,219,216,217,220,218,215,220,223,215,218,225,221,217,222,222,223,219,221,221,216,219,224,222,221,220,219,221,220,220,220,219,219,219,221,221,221,221,221,220,216,223,220,211,210,219,218,212,216,225,228,222,217,222,224,223,223,223,223,223,220,218,218,219,223,221,222,221,220,225,222,208,180,132,82,53,58,60,57,56,54,54,55,56,57,58,55,55,55,59,61,83,113,132,129,104,78
0,68,91,135,170,169,123,69,48,47,53,53,52,51,50,51,55,56,58,55,53,54,47,48,107,179,215,220,215,211,214,221,220,213,210,215,217,219,219,217,217,217,216,216,216,217,219,222,223,220,216,215,217,217,217,218,220,221,220,220,222,222,218,218,220,216,215,217,216,217,221,225,228,227,216,188,162,117,92,61,63,69,74,93,132,149,182,210,218,221,216,214,216,213,214,217,223,222,185,130,97,57,51,51,57,56,58,58,56,54,53,56,58,56,55,56,54,54,55,55,97,158,192,214,217,215,217,220,224,219,215,221,221,215,218,225,221,218,222,223,223,220,221,221,217,220,224,222,220,221,219,220,220,219,221,219,220,219,220,220,221,221,221,220,220,223,220,216,214,219,217,214,220,225,227,223,220,222,224,223,223,223,222,221,217,217,219,221,222,221,221,221,221,225,222,208,177,131,82,53,58,60,57,56,53,53,55,56,56,57,56,57,58,60,66,88,105,125,130,103,77
0,63,83,134,172,169,122,69,49,48,55,57,55,54,54,53,55,56,61,55,57,59,47,49,110,180,216,220,215,211,215,221,220,215,214,214,217,216,218,218,216,216,217,216,216,217,220,222,222,220,216,214,217,217,217,218,219,220,220,220,223,224,216,217,221,212,208,218,221,222,221,224,217,198,161,110,73,16,5,8,23,95,166,195,207,214,224,227,224,224,218,210,219,214,214,215,217,219,213,187,142,80,57,46,52,54,58,57,55,56,53,56,54,55,57,57,58,59,51,49,61,120,162,194,204,212,218,221,226,221,215,217,218,217,218,222,222,221,222,223,222,220,221,221,218,220,223,222,220,220,220,220,220,220,220,219,219,219,219,220,220,220,220,220,220,221,221,219,218,219,220,220,221,224,226,224,223,222,223,223,221,221,223,222,217,217,219,223,221,223,222,218,221,225,221,208,177,125,76,52,57,60,58,56,54,54,55,55,57,56,55,56,56,56,66,96,114,132,134,106,0
0,62,83,136,179,173,123,73,49,49,58,60,59,57,55,53,55,56,60,56,57,59,48,54,114,179,212,219,215,212,215,219,218,214,214,215,217,216,217,217,215,215,216,216,217,218,218,219,219,219,217,217,218,218,218,218,219,219,219,219,219,220,215,216,221,214,213,224,214,219,216,218,199,157,99,42,11,3,6,12,47,109,171,203,200,209,217,221,221,226,226,220,222,218,217,221,220,218,220,208,177,117,75,50,49,55,61,59,56,57,54,55,54,55,58,57,57,60,52,47,45,76,118,168,197,211,220,219,222,218,215,214,221,221,221,222,221,220,221,221,222,220,221,221,220,221,223,222,219,219,219,219,219,219,219,218,219,219,219,219,219,219,220,220,220,220,220,220,220,220,221,221,222,222,223,223,223,222,222,222,220,220,222,222,219,219,220,222,222,223,221,218,221,225,220,208,179,127,76,50,57,59,58,57,55,54,55,56,57,56,55,56,56,58,64,90,118,134,132,108,0
0,64,88,137,176,173,118,70,47,48,56,56,54,53,52,53,54,55,58,56,61,60,49,55,114,172,206,220,215,215,216,217,217,215,215,216,216,216,216,216,216,216,216,216,217,217,217,216,216,217,218,219,219,219,219,219,218,217,217,217,216,219,218,220,222,216,216,225,230,232,214,184,136,80,30,8,8,14,18,32,54,98,159,205,203,216,216,214,215,220,219,216,217,218,215,219,224,218,221,222,204,160,112,73,48,50,56,57,58,59,55,55,55,55,60,58,56,59,54,55,45,50,76,131,178,204,216,216,219,219,216,215,223,224,223,221,220,219,219,218,221,220,221,221,220,221,222,221,219,219,219,219,219,219,219,219,219,219,219,219,219,219,220,220,220,220,220,221,221,220,220,220,221,220,220,221,221,219,219,220,221,220,220,219,221,222,221,220,220,222,221,218,221,224,219,208,178,127,75,49,55,58,57,57,57,56,58,57,57,55,54,53,52,55,62,99,132,138,123,100,0
0,70,93,135,171,175,120,69,46,48,55,55,54,53,53,52,56,55,57,56,63,60,49,55,112,166,203,222,213,217,218,215,215,215,215,215,215,215,216,216,216,217,217,217,216,217,216,214,214,216,219,221,222,221,220,219,217,216,215,215,217,221,222,223,222,219,220,225,225,221,189,134,77,31,6,7,22,31,33,44,41,81,154,210,211,225,221,214,215,220,222,220,216,218,214,218,225,219,220,226,218,191,154,107,63,54,55,56,57,57,56,58,57,54,55,55,57,57,56,57,50,46,51,88,137,185,210,214,216,216,213,216,220,223,223,221,220,220,220,220,221,221,221,221,220,221,221,221,219,219,219,219,219,219,219,219,219,219,219,219,219,219,220,220,220,220,220,220,220,219,219,219,219,218,218,219,218,216,216,218,221,219,217,217,223,224,222,218,218,222,224,221,222,223,218,209,173,122,72,49,54,57,57,57,55,55,57,57,56,56,54,52,52,56,64,103,134,144,129,108,0
0,75,94,129,171,173,123,72,47,46,51,54,54,52,51,52,55,55,56,56,60,58,50,57,111,165,203,224,212,220,221,216,214,215,215,215,215,216,216,215,216,216,217,217,217,217,216,213,213,216,220,222,222,221,220,218,217,216,215,216,219,218,217,217,218,224,230,230,208,169,118,67,37,23,26,32,43,49,45,40,39,70,136,187,199,215,215,214,215,220,221,216,214,212,215,221,223,220,220,221,219,209,187,144,95,70,48,48,51,53,55,59,57,55,54,54,57,58,60,58,55,51,45,58,86,146,191,208,217,217,213,213,216,219,219,221,222,222,222,223,222,222,221,221,221,221,221,222,219,219,219,219,219,219,219,219,219,219,219,219,219,219,219,219,219,219,219,219,219,219,219,219,218,217,218,218,218,217,218,219,219,218,217,218,223,224,222,217,217,221,225,223,224,223,217,208,166,116,70,50,53,56,58,56,56,56,58,58,55,54,53,52,52,53,62,97,126,141,131,112,0
0,77,94,125,175,166,124,78,52,46,51,52,53,52,53,53,55,56,57,57,59,58,50,56,105,164,204,223,212,220,221,215,213,215,215,215,215,215,216,216,216,216,217,217,217,217,217,216,216,217,219,219,219,219,218,217,217,216,217,217,217,213,211,211,215,225,227,215,173,105,59,23,11,15,22,27,29,38,42,32,32,63,132,186,201,219,223,228,234,232,227,225,221,217,216,214,217,222,220,215,216,221,209,174,129,92,50,46,48,51,55,60,58,56,54,53,57,59,58,57,56,52,48,43,49,100,159,198,217,217,216,214,216,217,218,220,222,222,223,222,221,221,221,221,221,221,221,221,219,218,219,219,219,219,219,219,219,219,219,219,219,219,219,219,218,219,219,219,218,219,219,219,219,219,219,218,219,219,220,219,219,220,220,220,222,222,221,219,218,220,223,223,226,226,218,204,161,111,68,51,54,56,58,56,55,56,57,57,55,55,55,54,55,55,64,96,127,142,132,111,0
0,75,96,126,175,161,126,79,51,46,52,51,53,53,54,53,55,55,55,54,59,58,50,51,95,159,204,220,211,217,217,214,212,214,214,214,215,215,216,216,215,216,217,216,217,217,218,219,219,218,217,216,216,216,217,218,218,219,219,220,218,215,219,223,222,214,189,152,83,35,23,13,17,30,32,33,28,24,32,37,34,61,130,192,216,229,228,233,239,232,224,228,226,229,223,211,213,222,222,217,216,225,222,199,169,122,70,51,46,48,55,59,59,59,57,56,54,54,53,53,56,54,55,52,44,70,117,171,203,218,221,224,220,220,220,221,221,220,221,221,221,220,220,220,220,220,219,219,220,218,219,220,218,219,220,219,219,219,219,219,219,219,219,219,219,219,219,219,219,219,219,219,219,219,220,219,220,219,220,220,220,222,222,222,220,219,221,221,219,219,221,223,227,229,219,200,155,107,66,52,55,55,56,56,57,57,57,58,56,55,54,53,54,57,72,103,135,152,140,108,0
0,74,96,130,175,166,133,77,46,45,52,52,54,53,55,54,54,55,54,54,57,58,48,47,87,155,202,215,211,215,215,214,214,215,214,216,217,216,216,215,213,214,217,216,217,217,217,219,219,218,217,216,215,216,217,219,221,221,222,222,223,223,234,242,232,201,144,83,38,11,5,16,30,39,40,34,29,18,17,19,22,38,88,139,187,190,192,201,201,195,193,201,202,221,227,221,216,219,221,216,214,219,223,211,200,154,106,75,62,52,57,58,57,57,56,57,56,53,52,53,58,54,53,54,47,44,62,124,179,220,222,219,220,221,222,221,218,217,220,220,220,219,219,219,219,219,219,218,220,217,219,220,218,219,221,219,219,219,219,219,219,219,219,219,219,219,219,219,219,218,219,220,218,219,220,220,220,219,220,221,220,222,223,224,220,219,220,221,220,217,218,221,226,229,216,195,149,103,63,52,56,55,55,55,57,57,57,59,56,56,54,53,54,56,75,110,135,153,142,0,0
0,76,91,133,180,173,131,80,45,46,53,53,53,53,53,52,54,55,53,54,53,53,46,46,87,153,203,207,208,216,220,217,214,216,218,217,218,218,217,212,206,212,218,216,215,216,218,216,218,218,219,217,218,218,223,226,228,226,223,224,228,237,230,214,185,139,84,41,28,11,10,20,29,37,37,31,24,18,16,16,20,30,45,63,91,85,94,121,144,150,155,168,195,206,209,211,216,226,226,221,216,214,222,220,210,181,137,93,60,45,50,52,54,56,55,55,53,52,52,52,55,56,60,61,49,51,61,87,135,191,215,212,218,217,217,218,216,215,219,218,220,219,219,221,220,220,219,218,220,217,220,221,217,219,221,220,221,221,221,221,221,221,221,221,219,219,219,219,219,219,219,219,219,219,220,220,220,219,219,220,220,221,221,221,221,222,218,220,221,216,220,221,219,221,217,185,145,97,58,52,56,55,55,54,57,56,59,60,56,57,55,54,52,57,84,108,136,152,137,0,0
0,83,94,132,173,179,134,84,45,44,53,53,53,52,52,52,55,56,53,53,52,56,48,46,90,147,202,207,204,217,223,218,215,218,219,215,215,215,215,210,206,208,212,213,217,215,215,216,221,220,218,216,214,215,219,221,221,222,229,235,235,222,201,171,130,83,46,17,20,16,22,28,29,28,29,35,43,51,60,63,58,57,63,69,69,58,54,64,67,62,72,98,157,178,197,208,214,223,226,217,212,211,216,221,224,209,174,128,88,60,53,50,51,53,54,54,53,53,53,54,54,56,58,60,52,52,49,60,96,154,199,215,218,217,211,218,222,216,224,219,219,218,218,221,220,220,218,218,219,216,220,221,216,218,221,220,221,221,221,221,221,221,221,221,219,219,219,219,219,219,219,219,219,219,219,219,219,219,218,219,219,219,219,219,219,220,215,216,216,218,220,220,223,223,213,181,139,86,53,52,55,53,55,55,57,57,58,60,57,57,55,53,52,58,83,113,137,144,128,0,0
0,84,91,128,165,180,140,87,43,41,51,53,53,53,51,51,54,55,53,53,53,53,45,45,81,139,197,204,210,212,214,214,215,216,216,215,207,209,210,212,214,208,207,211,213,213,216,219,225,223,223,223,217,206,199,194,187,188,203,215,218,182,151,103,61,30,16,21,27,33,37,35,27,20,24,44,72,112,141,151,153,152,149,140,139,114,90,87,83,69,61,74,129,167,194,208,217,224,226,218,215,212,212,221,231,226,203,161,119,83,59,47,49,50,52,54,55,56,55,55,54,55,57,60,53,52,45,47,67,112,169,208,225,222,213,217,227,219,221,221,218,217,216,221,219,218,217,218,218,216,221,221,217,218,221,220,221,221,221,221,221,221,221,221,220,220,220,220,220,220,220,220,220,221,220,220,221,220,219,220,220,219,219,219,220,220,216,216,217,221,219,217,223,223,209,175,148,88,55,54,54,54,57,56,56,57,58,59,57,57,56,55,52,63,91,120,147,146,125,0,0
0,78,84,120,158,176,149,91,45,41,51,53,54,53,53,52,54,55,54,54,53,52,47,45,70,133,193,208,211,211,212,213,215,216,216,215,204,204,205,215,225,215,205,211,213,213,216,220,223,224,229,231,233,214,177,143,120,112,120,129,126,104,74,36,13,5,13,25,32,42,42,37,29,21,24,44,80,131,173,196,210,213,207,196,189,180,171,172,167,146,119,108,134,169,189,201,216,221,222,219,213,209,208,217,227,228,220,194,156,117,79,51,48,49,53,54,57,58,57,56,54,54,55,58,54,52,46,46,49,70,123,182,211,220,220,218,225,221,220,221,218,218,216,221,218,218,216,217,219,217,220,220,219,220,220,220,221,221,221,221,221,221,221,221,220,220,220,220,220,220,220,220,220,221,220,219,220,220,219,219,219,219,219,219,220,221,216,216,216,219,220,219,222,223,206,166,134,80,54,52,53,57,58,57,57,57,58,59,59,57,58,56,51,62,96,128,151,147,122,0,0
0,76,83,117,154,175,159,98,57,43,54,55,54,54,55,53,55,55,56,55,56,55,48,49,62,125,179,207,210,213,215,214,215,217,217,216,212,208,204,216,230,223,209,211,213,214,218,220,221,224,230,230,238,213,147,79,39,23,21,26,23,19,12,7,8,15,24,29,37,41,33,29,28,28,30,44,65,105,149,177,193,203,205,202,202,205,212,219,220,202,164,131,142,169,190,204,214,218,221,219,211,208,211,216,223,226,226,216,191,154,113,72,48,47,53,53,59,59,58,56,54,55,55,56,55,54,51,53,45,46,78,135,182,210,220,220,219,217,220,218,219,220,218,221,218,218,217,217,218,219,219,219,220,220,218,220,221,221,221,221,221,221,221,221,220,220,220,220,220,220,220,220,220,220,219,219,220,219,219,219,219,219,219,219,220,220,215,216,216,215,221,224,219,221,204,157,116,74,57,53,55,57,57,57,58,58,58,59,59,57,56,55,49,66,103,132,148,149,126,0,0
0,77,83,117,149,177,163,102,66,42,53,57,56,55,54,53,54,55,57,56,57,54,52,51,52,102,168,202,213,212,212,214,216,216,217,217,216,213,208,213,224,223,214,212,214,217,220,221,216,210,200,183,187,160,100,38,8,4,6,6,5,5,3,7,15,25,29,35,32,29,20,21,30,37,35,37,41,52,67,76,86,98,105,110,122,128,137,144,149,148,125,97,112,154,190,204,205,211,220,222,213,210,213,213,216,222,225,224,214,189,150,103,64,48,51,53,58,58,57,56,55,56,55,56,56,56,52,53,47,44,52,88,140,192,221,220,216,218,217,220,220,221,219,221,218,218,217,217,218,221,220,218,221,220,217,220,221,221,221,221,221,221,221,221,220,220,220,220,220,220,220,220,220,220,220,220,220,220,220,219,219,219,219,219,220,220,216,216,217,213,220,224,217,221,196,144,104,65,55,52,55,57,57,59,58,57,57,58,57,56,55,56,49,69,117,140,152,148,126,0,0
0,76,78,106,142,175,163,104,69,40,49,53,57,55,54,53,54,55,58,56,57,55,54,51,43,93,162,194,210,212,214,214,215,216,217,217,215,215,215,210,207,212,216,214,217,220,216,207,191,166,132,98,82,61,40,26,11,4,3,8,13,18,19,20,23,24,26,23,23,20,15,16,23,29,28,27,22,16,12,10,10,10,7,10,18,24,29,34,38,51,48,38,71,136,184,199,202,212,225,228,224,219,216,210,211,216,219,224,223,214,182,139,96,64,50,50,55,54,55,54,55,57,56,55,55,57,53,54,52,51,47,56,100,159,207,222,220,220,214,219,220,220,219,222,219,217,217,217,218,222,220,218,221,220,217,221,221,221,221,221,221,221,221,221,220,220,220,220,220,220,220,220,220,219,220,220,219,219,220,218,219,219,219,219,220,220,216,217,216,215,219,222,220,222,183,131,97,58,55,53,55,57,57,57,57,56,57,56,55,55,55,59,49,88,129,150,153,133,0,0,0
0,0,77,97,140,174,168,111,72,41,48,52,55,55,54,54,54,56,57,56,59,54,55,52,43,82,148,186,209,211,212,212,213,215,217,217,217,219,224,212,195,201,218,220,219,222,209,180,141,97,50,13,8,9,12,18,18,19,28,45,37,29,40,41,36,31,28,25,25,27,25,19,14,12,14,16,21,20,21,15,7,6,7,7,9,9,5,6,7,22,22,19,51,127,183,205,209,216,228,231,230,225,221,217,217,216,217,222,223,225,208,177,133,92,61,48,54,53,54,54,57,58,56,55,55,57,53,52,51,51,49,49,65,99,152,208,221,213,214,218,219,219,219,222,219,216,217,217,219,222,220,218,221,221,218,220,221,221,221,221,221,221,221,221,220,220,220,220,220,220,220,220,220,219,220,220,218,219,220,218,219,219,219,219,220,220,216,217,215,220,220,219,221,221,175,130,90,53,56,54,55,57,60,58,56,55,56,57,54,54,55,58,49,85,131,154,153,141,0,0,0
0,0,82,96,139,176,181,135,79,39,48,49,53,54,56,56,54,55,59,56,55,55,58,54,46,94,161,200,210,210,210,209,209,212,214,217,222,228,234,217,197,202,223,229,228,203,160,101,53,25,9,6,6,8,20,28,27,25,28,23,23,26,34,31,27,27,22,19,25,27,29,26,29,22,16,23,22,27,41,42,29,20,18,23,29,19,11,9,10,14,15,12,44,111,166,195,214,222,225,224,227,224,225,228,221,219,220,222,221,223,221,206,172,119,70,44,48,49,51,54,57,56,56,56,55,56,53,53,53,52,53,53,39,62,113,178,210,215,216,222,218,219,218,223,219,220,219,216,220,222,220,219,221,221,219,222,220,220,220,220,220,220,220,220,219,219,219,219,219,219,219,219,219,217,219,221,217,219,220,218,218,218,217,219,219,219,217,217,216,220,220,220,216,216,174,129,78,55,60,56,57,58,56,55,55,55,58,57,54,54,54,57,52,85,127,152,148,135,0,0,0
0,0,87,97,128,169,184,150,92,46,48,50,53,55,58,56,53,54,57,55,55,57,60,56,47,76,140,187,214,216,215,211,207,209,213,216,215,221,221,214,203,202,214,221,204,156,100,45,14,9,15,20,32,32,38,38,38,37,39,35,25,23,31,26,26,22,21,23,25,25,26,23,20,27,34,29,28,25,26,24,22,22,22,24,25,20,15,16,21,26,26,21,32,65,109,148,168,164,167,179,188,193,202,215,218,216,219,222,222,221,220,217,198,155,103,59,49,47,52,54,57,56,56,55,55,56,54,54,54,54,53,53,42,48,82,138,182,203,217,218,217,219,218,224,218,219,219,219,220,221,220,220,222,221,220,221,220,220,220,220,220,220,220,220,218,219,219,219,219,219,219,218,219,216,219,221,217,218,220,218,218,218,217,218,219,219,217,217,217,217,215,224,216,207,168,127,69,51,59,58,58,56,54,55,55,55,58,57,54,54,54,56,66,90,126,148,148,135,0,0,0
0,0,89,98,117,158,179,154,97,49,46,49,53,55,56,55,53,54,56,54,53,52,52,54,46,57,117,177,209,209,212,213,208,208,217,226,220,219,215,224,227,217,210,201,160,97,49,18,11,19,28,27,32,21,21,19,18,22,31,30,21,20,27,21,27,29,32,35,32,31,30,26,22,28,38,34,24,18,14,17,22,22,24,30,34,30,26,27,31,35,34,31,34,28,36,46,52,51,64,87,108,135,170,203,222,223,223,224,225,220,219,225,219,189,144,94,60,44,47,49,53,55,55,55,57,58,57,57,57,57,57,56,48,47,55,95,139,181,208,211,217,218,218,225,219,218,218,218,220,221,221,221,222,221,220,221,220,220,220,220,220,220,220,220,219,219,219,219,219,219,219,218,219,216,219,221,216,218,220,217,218,218,217,218,219,219,218,219,221,221,215,222,211,196,161,116,68,53,56,58,59,55,54,55,55,56,58,56,53,52,52,52,72,100,133,147,141,130,0,0,0
0,0,93,105,110,154,185,160,101,49,44,48,54,55,56,55,52,54,56,53,56,54,50,53,47,49,99,163,209,217,224,222,213,211,219,224,224,220,218,229,234,223,194,157,98,40,19,17,23,30,28,17,10,7,4,3,6,8,14,20,21,26,27,20,20,22,19,16,10,15,24,28,38,31,26,32,22,18,13,17,22,24,29,34,39,35,32,29,29,28,22,15,19,20,26,25,25,28,30,34,35,60,104,153,192,206,213,219,222,218,219,226,226,209,179,137,92,58,46,47,54,55,55,55,56,57,56,57,57,57,57,57,51,50,42,59,94,150,193,210,215,218,218,227,218,221,220,221,220,220,221,221,221,221,221,221,220,220,220,220,220,220,219,218,219,219,218,217,217,217,217,217,219,216,219,221,216,217,220,217,218,218,218,218,219,219,219,220,222,225,221,221,212,193,152,96,61,52,54,56,57,55,54,55,57,57,58,55,54,52,52,56,86,111,134,150,138,115,0,0,0
0,0,88,101,107,154,192,174,115,60,44,46,53,55,57,55,51,51,53,53,51,51,50,52,47,46,86,149,198,219,229,224,220,214,216,216,218,216,213,216,222,211,166,105,51,16,17,26,32,32,29,27,17,34,39,38,28,19,20,24,28,32,29,26,19,15,8,5,2,2,5,9,20,17,16,23,29,24,19,17,14,10,14,17,21,23,26,27,29,31,27,22,21,25,27,23,22,23,19,15,13,16,33,65,109,155,192,216,213,213,216,222,225,220,203,173,129,84,52,44,49,50,53,54,58,57,57,57,57,57,58,59,56,59,51,48,63,110,166,201,215,216,216,224,219,221,222,221,220,220,221,221,221,221,221,221,220,220,220,220,220,220,219,218,219,219,218,217,217,217,217,217,219,216,219,221,216,217,220,217,218,218,218,218,219,219,219,221,221,223,224,220,210,181,138,85,57,54,55,57,55,53,53,53,58,57,59,56,54,51,50,54,97,123,146,156,140,110,0,0,0
0,0,0,88,105,150,190,181,128,76,48,45,53,54,55,55,50,50,51,52,51,50,50,53,48,46,76,140,189,215,222,219,222,213,211,217,223,220,217,216,221,207,160,99,51,26,22,29,39,41,46,60,73,121,132,125,109,79,52,44,36,32,28,29,28,27,28,29,28,16,8,10,11,22,27,13,24,16,10,10,8,6,10,11,10,19,27,27,27,29,29,33,37,35,34,32,28,20,14,14,13,11,18,31,62,109,155,191,205,214,217,217,221,223,216,198,162,120,77,51,49,49,54,54,56,56,56,56,57,56,56,57,58,59,54,50,49,80,130,180,201,214,218,222,215,221,221,221,219,220,221,221,221,221,221,221,220,220,220,220,220,220,220,220,219,219,219,219,219,219,219,218,219,216,219,221,216,217,219,217,218,218,218,218,219,218,219,220,221,222,227,220,207,166,120,78,55,54,57,59,55,54,53,54,55,56,59,58,55,54,50,60,99,134,163,157,139,0,0,0,0
0,0,0,84,94,139,181,178,132,85,51,45,54,53,54,56,52,51,51,51,50,48,47,50,49,47,71,130,177,208,215,209,211,211,213,217,222,220,221,223,222,208,175,136,96,64,38,32,43,61,89,125,160,195,205,200,179,143,99,68,42,29,26,28,39,57,83,102,99,90,77,71,62,57,39,11,4,6,7,8,12,20,23,20,23,27,33,30,24,22,23,26,20,24,35,42,41,29,19,15,12,11,14,21,46,73,110,149,191,213,218,217,221,224,224,217,191,158,111,68,47,46,51,54,55,55,57,57,56,55,55,56,57,59,58,58,46,57,88,148,184,208,214,227,217,220,211,216,219,220,221,221,221,221,221,221,220,220,220,220,220,220,220,220,218,219,219,219,219,219,219,218,219,217,219,221,216,217,219,217,218,218,218,218,219,217,218,220,219,220,225,220,202,154,99,64,55,53,56,57,54,54,55,55,58,57,57,55,51,52,49,66,104,132,154,146,129,0,0,0,0
0,0,0,84,89,134,180,181,144,98,58,44,53,53,54,56,52,51,51,51,50,49,48,48,50,48,62,111,169,203,213,208,204,210,216,215,211,209,212,219,216,211,197,174,148,97,48,33,47,85,134,180,212,224,228,231,218,186,137,94,50,28,22,23,40,78,134,179,174,180,169,148,122,79,33,15,9,12,20,36,55,63,49,31,42,31,31,28,19,20,22,17,13,12,13,11,11,9,7,7,14,17,13,7,27,47,79,112,172,203,213,219,224,227,228,226,205,183,145,95,58,45,51,54,56,56,58,57,55,55,55,56,60,58,57,59,54,44,49,101,145,194,221,220,216,214,214,218,219,220,221,220,220,221,221,221,220,220,220,220,220,220,220,220,219,219,219,219,219,219,219,219,218,217,219,221,216,217,218,217,218,218,218,218,219,217,218,220,217,218,218,211,186,135,83,62,54,53,56,56,53,53,54,55,57,57,57,56,51,54,49,72,113,136,149,146,127,0,0,0,0
0,0,0,90,99,138,181,184,144,102,67,43,53,53,54,56,53,51,52,54,51,53,50,51,52,50,51,92,156,205,221,216,211,217,218,213,211,207,212,215,211,216,212,186,160,102,44,26,59,128,179,195,212,229,221,215,217,212,186,146,78,47,27,9,14,56,123,193,217,218,201,159,108,70,37,8,15,41,84,128,151,141,108,74,43,28,28,18,24,25,22,15,13,12,20,26,20,16,4,4,15,20,26,23,18,19,50,76,138,181,209,220,222,221,226,228,228,223,190,121,75,53,49,48,55,55,58,58,56,55,55,56,57,55,54,53,50,48,43,61,94,151,207,222,217,214,214,217,217,222,218,218,221,219,220,220,219,220,220,220,220,220,220,220,220,220,220,220,220,220,220,220,220,219,220,220,217,216,217,217,218,217,218,218,221,216,216,220,218,215,211,199,172,121,76,63,56,53,54,56,53,52,53,54,55,55,55,55,51,51,58,83,129,151,152,138,0,0,0,0,0
0,0,0,0,99,133,175,188,161,111,66,42,53,54,55,56,53,52,52,53,53,53,51,51,54,50,45,68,137,201,224,217,218,218,216,217,218,222,217,211,214,220,217,191,153,89,37,40,87,146,192,213,224,228,216,212,225,230,205,154,87,58,48,24,30,61,109,178,211,207,176,130,78,35,15,13,16,71,138,182,197,180,130,82,37,26,35,39,44,37,24,13,29,40,60,76,90,94,91,82,61,51,36,22,18,29,67,105,162,184,200,216,225,227,226,224,228,227,208,165,120,75,48,47,53,57,59,59,57,57,56,57,57,55,54,54,52,50,44,46,60,114,174,204,219,222,221,214,218,221,218,218,220,220,220,220,220,220,220,220,220,220,220,220,220,220,220,220,220,220,220,220,220,219,220,220,217,216,216,217,219,217,217,217,220,216,215,220,219,226,215,191,162,110,72,58,56,53,54,55,53,52,53,54,55,55,58,56,51,51,63,94,136,156,154,136,0,0,0,0,0
0,0,0,0,90,116,155,184,176,120,64,41,52,53,55,56,54,54,53,54,54,53,51,52,54,53,47,58,118,185,215,219,222,213,204,211,220,229,220,209,219,224,219,190,141,79,29,39,96,152,194,216,226,226,218,221,236,240,208,146,91,68,61,57,70,81,91,138,151,140,107,71,39,15,7,40,71,141,194,216,202,160,99,43,44,54,72,70,56,35,25,31,48,94,141,177,199,194,175,144,97,65,37,26,30,56,97,138,183,192,199,208,215,217,215,215,220,222,214,202,171,113,58,43,49,52,58,61,61,59,57,56,55,55,55,57,55,56,52,48,44,77,132,180,213,226,224,215,220,219,216,216,218,219,219,220,220,220,220,220,220,220,220,220,220,220,220,220,220,220,220,220,220,220,220,219,217,215,216,217,219,217,217,216,221,217,216,221,218,228,214,186,141,88,62,56,56,54,54,55,53,52,54,54,56,57,59,55,51,52,71,109,140,157,152,132,0,0,0,0,0
0,0,0,0,85,104,138,180,189,134,71,47,54,55,59,58,56,55,53,52,53,53,52,53,53,51,46,47,102,168,205,215,216,215,210,215,220,223,215,211,218,220,214,181,129,74,31,40,94,153,197,214,216,217,212,219,230,234,208,149,90,53,51,85,114,120,98,100,104,89,51,18,11,11,6,44,118,175,207,202,154,90,37,19,49,89,114,98,70,41,39,66,98,160,199,223,233,233,219,188,150,102,60,40,50,85,131,167,202,207,211,215,218,218,216,215,218,218,212,216,205,157,93,60,51,49,57,60,60,59,57,57,56,55,55,55,54,55,54,49,44,49,79,140,194,219,222,221,220,217,214,213,216,219,219,220,220,220,220,220,220,220,220,220,220,220,220,220,220,220,220,220,220,220,220,219,217,215,216,217,219,217,217,215,221,217,219,221,221,220,205,176,128,76,55,53,56,54,55,55,52,52,53,54,55,56,57,55,51,54,81,119,153,161,147,0,0,0,0,0,0
0,0,0,0,82,97,127,176,197,154,88,54,49,51,57,56,56,56,54,53,52,52,52,53,56,52,47,47,81,148,196,211,212,214,213,216,217,209,209,216,218,221,217,181,129,78,37,35,74,145,199,210,208,214,212,219,229,226,205,149,80,29,38,99,142,161,126,85,60,43,18,10,9,7,9,55,115,155,168,147,92,32,16,46,106,144,144,103,60,35,49,95,154,199,216,225,221,224,227,220,203,150,88,50,53,88,143,188,208,210,212,216,220,221,215,210,216,213,213,220,219,188,137,94,59,45,52,56,60,61,60,56,55,54,54,53,53,55,54,54,50,45,42,91,155,197,218,224,220,218,214,212,216,220,220,220,221,221,221,220,220,220,220,220,220,220,220,220,220,220,220,220,220,220,220,219,217,216,216,217,219,217,217,216,220,215,220,217,223,214,203,157,110,62,53,54,55,55,55,54,52,52,53,53,55,55,56,56,51,58,93,127,162,162,140,0,0,0,0,0,0
0,0,0,0,82,93,121,171,198,172,109,60,48,50,56,56,56,57,54,53,53,53,52,52,55,52,48,48,58,125,184,212,225,217,209,213,211,202,209,222,222,227,223,190,139,86,44,31,52,121,179,195,218,228,232,235,236,218,190,132,60,17,27,99,154,192,167,115,73,56,44,32,28,19,15,32,83,96,91,66,17,4,10,72,140,166,156,118,68,46,65,115,168,202,217,223,222,223,227,225,215,168,107,61,45,68,124,176,197,208,212,211,211,214,212,210,214,211,215,219,221,208,179,133,86,52,51,54,58,58,58,57,55,54,54,53,52,52,52,55,61,47,39,60,111,166,201,214,218,221,217,213,217,221,220,220,221,221,221,220,220,220,220,220,220,220,220,220,220,220,220,220,220,220,220,219,218,216,216,217,219,217,218,217,218,213,218,216,227,209,195,140,91,55,54,54,55,55,55,53,52,51,53,53,55,55,55,55,50,66,104,133,159,158,134,0,0,0,0,0,0
0,0,0,0,0,88,115,158,186,179,128,66,44,47,52,53,54,57,54,53,52,54,54,54,55,54,50,50,46,103,165,205,226,216,206,207,210,208,212,221,222,224,220,195,161,101,49,27,35,75,125,165,214,228,236,235,218,179,135,78,27,9,34,103,164,205,204,174,139,116,115,109,95,74,59,57,47,41,36,16,8,26,73,131,194,190,152,110,56,41,70,129,189,208,215,219,221,220,224,222,217,181,127,74,42,58,113,164,196,213,217,216,216,218,220,222,215,210,214,214,213,216,212,172,127,76,48,49,54,56,57,57,55,54,54,54,53,53,52,56,63,53,45,43,69,129,176,198,210,222,220,215,219,221,220,220,220,220,219,219,219,220,220,220,220,220,220,220,220,220,220,220,220,220,220,219,219,217,216,217,219,217,217,218,217,213,215,221,227,202,181,130,77,52,56,55,55,56,54,53,52,52,53,53,55,55,54,54,51,79,114,138,156,152,0,0,0,0,0,0,0
0,0,0,0,0,83,109,146,176,183,144,77,49,47,54,53,55,57,53,53,53,54,55,54,54,55,51,50,39,79,142,194,218,214,210,211,212,216,213,215,220,218,216,202,181,125,64,31,27,37,66,121,172,183,193,192,161,116,65,15,5,8,77,134,186,206,222,215,214,189,185,190,178,164,164,156,147,142,133,110,103,127,161,181,214,195,143,103,48,37,71,137,193,210,213,211,215,220,224,214,217,179,122,63,34,50,113,178,205,213,209,210,217,221,220,220,217,212,219,217,208,216,227,199,165,116,73,55,54,53,55,55,56,54,53,54,55,55,52,52,52,52,48,50,52,81,133,178,201,219,219,216,220,222,221,221,220,220,219,219,220,221,220,220,220,220,220,220,220,220,220,220,220,220,219,219,219,218,216,217,218,216,216,218,215,214,213,227,224,195,164,109,65,48,55,56,56,57,55,53,52,53,55,53,55,54,53,56,59,94,124,144,147,140,0,0,0,0,0,0,0
0,0,0,0,0,86,101,136,175,181,148,92,51,40,54,52,57,55,52,51,51,52,54,53,56,55,51,50,43,60,122,189,208,215,217,214,214,215,213,212,216,222,225,214,201,164,108,55,18,8,12,29,47,65,76,80,68,46,16,6,6,34,114,166,200,214,219,217,224,230,228,225,220,220,226,227,209,204,202,196,196,211,221,217,215,197,138,100,43,35,69,131,177,208,217,214,218,224,228,209,214,167,106,48,15,35,95,159,207,214,210,211,217,219,222,222,220,217,219,217,215,217,220,217,216,159,108,46,48,48,50,52,55,55,54,55,56,56,53,52,52,56,53,55,52,54,92,142,180,207,215,215,219,221,221,220,220,220,219,218,218,218,218,218,218,218,218,218,219,219,219,220,220,220,219,219,220,219,217,217,216,215,215,214,214,215,218,226,214,186,144,90,56,50,54,55,55,54,53,52,51,51,54,54,55,54,53,54,67,99,129,148,143,131,0,0,0,0,0,0,0
0,0,0,0,0,94,91,112,163,196,173,108,60,37,51,53,55,55,52,51,51,52,53,52,53,53,53,52,45,44,84,146,194,214,223,218,215,216,212,208,212,221,224,216,213,191,143,87,38,12,3,6,25,37,36,31,17,12,6,7,35,87,157,196,207,213,219,219,224,228,228,228,227,228,232,231,227,225,226,225,225,231,233,224,215,200,151,110,50,32,50,105,165,207,220,219,227,232,232,208,190,141,80,34,30,71,131,180,205,212,213,215,218,220,224,223,221,219,220,217,215,217,221,221,216,176,137,83,59,47,51,53,56,56,55,56,54,55,54,54,53,57,54,56,49,45,61,99,152,192,209,215,218,220,220,220,220,219,218,218,218,218,218,218,218,218,218,218,219,219,219,219,220,220,220,220,220,219,218,218,214,215,215,209,215,217,223,219,196,157,111,70,52,50,53,54,54,54,52,51,50,51,54,55,56,55,54,59,78,110,139,153,138,0,0,0,0,0,0,0,0
0,0,0,0,0,0,87,98,149,196,186,125,74,45,48,50,54,54,51,51,52,52,54,54,55,54,53,52,49,48,67,123,174,208,219,217,216,216,213,210,214,219,219,218,215,208,182,139,92,53,23,5,12,15,8,7,6,5,7,30,95,155,195,214,211,215,220,215,215,216,216,217,220,223,226,225,228,228,228,228,227,228,229,224,229,209,160,127,70,34,17,40,107,161,200,221,231,230,214,183,152,99,47,23,46,105,159,184,208,216,220,219,218,218,219,218,219,219,220,216,214,215,218,222,222,203,175,142,88,47,49,52,60,59,56,57,54,55,56,56,56,56,53,56,54,50,44,62,112,165,198,215,219,219,220,220,219,218,218,218,218,218,218,218,218,218,218,218,219,219,219,219,219,220,221,221,219,217,218,219,217,216,216,211,215,218,220,211,186,136,89,64,60,55,56,55,54,53,51,50,49,50,53,55,57,56,53,64,94,126,146,146,138,0,0,0,0,0,0,0,0
0,0,0,0,0,0,81,97,142,184,190,150,93,61,46,47,54,52,52,52,51,51,51,51,51,52,52,52,50,47,55,103,156,199,216,214,214,213,215,216,216,215,216,217,215,213,206,182,149,111,72,47,19,9,4,4,9,32,60,100,152,201,215,219,209,213,218,213,211,212,215,216,219,220,221,222,222,226,225,223,221,221,223,223,228,218,183,162,104,52,22,27,74,118,167,192,201,202,177,139,91,44,9,9,55,127,180,195,209,218,223,222,222,219,215,216,217,219,219,215,215,213,215,222,224,220,205,171,112,66,51,50,55,56,56,58,55,53,53,54,54,53,54,53,55,51,44,44,79,128,175,207,217,219,219,218,218,217,218,218,218,218,218,218,217,217,217,216,217,217,217,217,217,220,223,222,217,215,218,220,216,216,219,212,212,221,215,202,164,110,65,54,57,56,54,55,56,55,52,51,49,50,53,54,56,55,51,75,113,142,150,138,130,0,0,0,0,0,0,0,0
0,0,0,0,0,0,76,97,132,166,186,173,111,68,44,46,52,52,53,51,52,51,51,51,51,53,53,55,53,47,47,83,137,188,209,211,213,212,215,217,214,212,213,215,215,213,215,210,198,175,147,129,91,70,61,63,83,119,149,173,195,219,219,216,211,216,218,213,210,214,220,219,216,213,215,220,216,222,223,217,216,217,215,215,223,228,210,186,113,47,20,19,17,30,59,76,84,92,76,50,21,4,3,34,98,162,196,204,206,213,219,222,223,220,215,216,219,220,219,215,217,215,214,221,226,225,216,196,154,96,57,43,54,54,56,58,56,54,53,53,53,54,57,56,57,54,51,51,56,87,140,187,209,215,217,218,216,216,217,218,218,218,218,219,217,217,217,217,217,217,217,217,217,220,223,222,217,215,218,221,219,220,220,215,214,223,210,188,139,87,53,50,58,60,55,57,57,57,53,51,50,51,54,54,56,55,57,88,127,153,153,136,0,0,0,0,0,0,0,0,0
0,0,0,0,0,0,76,88,114,150,181,187,129,77,48,45,53,54,53,51,50,51,52,51,51,52,53,55,52,49,43,65,115,174,205,212,215,212,214,219,215,210,209,212,215,217,219,223,222,211,201,191,176,163,160,165,172,192,213,216,215,221,222,216,212,215,217,216,214,219,224,223,218,213,215,220,217,221,220,215,218,222,217,212,217,221,218,202,151,98,65,46,13,11,23,31,35,39,28,11,3,3,20,67,127,174,199,209,209,208,213,218,219,218,218,218,220,220,219,216,219,217,213,217,220,224,215,212,196,143,96,56,54,51,57,57,57,55,53,53,55,54,57,58,57,56,54,52,44,52,96,153,195,212,215,215,216,216,216,217,218,218,218,219,217,218,218,218,219,219,219,219,219,220,221,221,219,218,219,220,221,220,217,215,218,218,200,163,113,70,53,51,60,60,57,58,59,59,55,52,51,52,54,54,55,56,63,92,131,159,155,134,0,0,0,0,0,0,0,0,0
0,0,0,0,0,0,0,72,93,140,176,197,147,96,58,44,52,53,51,50,51,51,51,51,51,52,53,55,55,52,44,50,91,148,200,214,215,214,214,221,218,210,208,211,217,221,221,222,222,218,220,220,223,229,227,221,217,219,228,226,218,218,223,219,215,216,215,213,215,218,221,222,221,218,216,215,216,218,217,216,221,225,220,213,217,214,217,208,188,150,105,57,32,13,14,9,7,6,4,6,7,32,81,135,181,206,217,220,214,211,212,216,217,220,224,223,221,220,219,217,222,219,211,211,215,218,216,221,216,190,142,91,59,48,55,57,56,55,53,54,54,53,57,59,59,60,59,58,49,45,64,111,167,203,214,215,216,215,215,216,216,216,217,218,216,218,218,218,219,219,219,220,220,220,220,220,220,220,220,220,220,222,219,217,222,216,187,135,89,60,56,53,60,59,62,63,62,62,57,55,53,54,54,53,52,56,73,99,136,159,150,127,0,0,0,0,0,0,0,0,0
0,0,0,0,0,0,0,67,79,127,164,195,164,119,72,48,54,53,53,51,51,52,51,51,51,52,53,54,53,52,46,49,65,118,184,213,212,216,216,221,219,212,210,212,216,217,216,215,216,218,220,225,233,231,228,222,217,220,225,220,216,217,224,221,216,216,215,213,216,217,217,221,221,219,217,215,219,219,216,216,221,224,222,215,212,214,225,222,223,197,154,94,74,47,46,25,18,19,22,29,35,76,126,163,195,211,222,225,218,216,214,216,218,220,223,223,223,220,219,218,223,220,211,208,214,216,214,223,217,212,175,119,86,53,52,53,56,54,53,54,55,54,54,55,58,58,57,56,50,48,50,75,127,176,203,216,217,215,214,214,215,215,215,216,217,218,218,218,219,219,219,220,220,220,219,219,221,221,220,220,224,221,221,222,223,205,165,111,69,50,54,54,60,59,62,61,63,62,57,57,55,54,53,52,52,58,86,113,144,155,140,0,0,0,0,0,0,0,0,0,0
0,0,0,0,0,0,0,0,83,111,146,177,191,148,93,56,52,53,51,50,51,51,52,50,51,54,54,56,56,56,53,56,64,99,158,201,210,217,218,221,219,216,214,214,217,218,215,215,215,218,220,221,223,225,224,220,219,222,222,219,216,220,222,221,215,215,217,218,217,218,220,219,216,216,217,218,220,217,216,219,220,219,218,217,214,213,227,225,228,224,205,160,129,97,81,45,42,51,65,93,140,161,198,222,217,215,220,220,217,217,218,219,219,220,221,220,217,217,216,216,216,216,217,217,215,215,213,215,217,219,203,180,96,61,47,50,57,54,55,56,56,56,54,54,55,56,54,54,62,61,48,51,72,131,175,209,215,217,215,217,217,215,214,212,216,218,218,218,219,219,219,219,220,220,218,220,220,221,221,221,222,223,224,222,210,174,126,80,56,49,51,53,57,58,59,61,61,60,57,56,56,56,52,52,50,66,87,127,159,157,127,0,0,0,0,0,0,0,0,0,0
0,0,0,0,0,0,0,0,81,89,122,174,200,162,112,58,51,51,52,51,53,50,50,51,52,53,54,56,56,57,54,56,49,66,131,186,206,218,221,221,219,217,215,215,218,220,218,218,217,216,216,217,220,219,220,221,221,220,219,219,217,220,222,220,215,214,217,218,216,219,221,220,216,215,217,219,221,218,218,219,220,219,218,218,212,210,217,211,225,234,234,208,206,192,166,145,135,143,163,187,204,217,231,233,228,220,215,216,218,218,219,219,219,219,219,218,217,217,216,216,216,216,217,217,216,216,213,215,223,227,214,193,141,95,61,50,55,53,56,57,58,58,55,55,56,56,53,53,58,57,50,46,49,86,135,180,208,214,216,224,221,218,215,214,217,218,219,219,220,219,219,219,221,220,219,220,220,222,222,221,222,223,226,218,190,151,104,64,50,49,52,53,55,57,58,58,58,57,56,56,55,54,52,51,50,74,113,147,162,157,127,0,0,0,0,0,0,0,0,0,0
0,0,0,0,0,0,0,0,0,83,106,155,203,179,133,72,47,45,48,52,52,51,51,54,52,53,56,55,55,57,56,58,47,49,101,157,195,214,220,219,218,218,215,214,215,218,217,217,217,217,218,218,221,215,216,223,223,217,217,222,218,219,220,219,216,215,217,219,216,219,221,220,216,215,217,219,219,220,220,218,218,220,221,218,218,216,216,218,216,217,219,221,226,221,218,220,215,217,224,224,234,238,231,222,224,218,212,217,218,218,218,218,218,218,217,217,217,217,216,216,217,217,217,216,216,217,216,219,228,233,225,211,184,139,90,56,47,48,53,55,58,57,56,56,56,56,53,52,57,58,55,51,44,53,96,145,192,213,211,223,223,221,220,218,218,217,218,219,219,219,219,219,220,220,218,219,220,221,222,221,222,224,224,208,168,127,83,52,52,51,55,54,55,57,57,56,55,55,55,54,52,51,51,52,61,92,140,166,161,146,0,0,0,0,0,0,0,0,0,0,0
0,0,0,0,0,0,0,0,0,77,86,137,187,190,147,83,47,45,47,50,51,52,53,51,51,52,57,54,58,57,56,56,48,46,73,120,181,208,217,217,217,217,211,210,210,212,212,214,215,217,218,218,219,217,218,219,218,218,218,219,218,218,219,218,217,217,217,218,217,218,218,218,217,216,217,217,217,222,222,216,216,222,223,218,217,217,217,217,218,217,216,217,223,219,227,227,225,224,227,225,227,223,210,203,211,215,217,221,217,217,217,217,217,217,217,217,216,216,216,216,217,217,217,216,216,218,218,222,228,229,225,218,212,176,125,78,53,47,53,52,55,56,57,57,57,56,54,54,57,59,58,52,49,43,68,108,164,195,208,221,221,219,224,221,219,218,218,219,218,219,219,219,220,220,218,218,219,221,221,221,220,222,212,187,145,100,63,47,50,50,52,53,55,55,55,55,56,56,56,55,52,52,51,57,79,113,148,167,162,0,0,0,0,0,0,0,0,0,0,0,0
0,0,0,0,0,0,0,0,0,0,71,107,173,197,174,110,55,47,54,51,53,51,52,51,51,51,53,55,54,54,54,55,49,49,58,99,158,195,212,216,215,216,210,210,211,212,213,213,214,214,216,216,217,218,218,216,215,218,219,216,218,218,217,217,218,219,218,217,218,217,216,217,218,218,217,216,217,222,222,217,216,222,222,217,219,218,218,217,217,215,216,218,220,224,221,222,227,224,219,222,227,215,207,205,207,215,220,218,217,217,217,217,217,217,217,217,216,216,216,216,216,216,216,217,218,219,218,222,224,221,217,215,224,201,163,115,69,45,47,50,54,55,57,57,57,57,54,56,58,59,58,55,56,51,56,80,124,167,197,217,217,219,218,222,222,221,220,219,218,219,220,220,220,220,218,218,218,219,220,220,220,216,194,162,121,77,52,48,52,50,54,55,58,56,56,56,55,55,57,56,54,54,51,62,100,136,160,174,163,0,0,0,0,0,0,0,0,0,0,0,0
0,0,0,0,0,0,0,0,0,0,71,83,153,197,189,135,78,57,51,53,53,51,51,50,54,51,51,53,57,57,53,53,50,49,50,77,125,173,203,213,214,217,213,214,214,216,216,215,214,214,216,216,215,221,220,213,212,220,221,215,219,218,216,215,218,220,219,217,218,217,216,217,219,219,218,217,218,219,220,219,218,220,220,217,216,217,216,217,216,220,219,220,222,227,221,220,226,225,218,225,228,217,213,213,208,215,219,214,217,218,218,218,218,218,218,217,217,217,217,216,216,216,217,218,219,220,220,223,219,212,210,214,230,217,193,153,102,63,51,49,54,53,56,56,57,56,55,55,58,58,59,61,55,52,45,55,84,136,180,211,214,215,220,221,223,222,220,219,218,219,220,220,220,219,217,218,218,220,222,221,218,208,177,134,92,59,49,49,52,52,54,54,56,56,56,55,55,55,56,55,54,54,51,72,116,153,176,174,0,0,0,0,0,0,0,0,0,0,0,0,0
0,0,0,0,0,0,0,0,0,0,0,85,130,186,201,168,103,64,50,47,53,52,50,49,51,51,51,51,52,54,52,54,54,52,44,47,88,141,185,206,215,217,215,216,216,216,216,215,215,214,217,216,216,216,216,215,214,216,217,217,219,218,215,215,218,219,218,217,218,217,216,217,219,219,218,218,218,217,218,220,219,219,219,218,217,216,217,216,217,216,219,219,217,214,218,216,219,221,220,223,225,221,217,214,212,215,217,215,217,218,218,218,219,219,218,217,217,217,217,217,217,217,218,218,219,220,223,224,219,210,212,217,224,223,213,183,135,88,60,49,53,52,56,56,56,56,55,55,57,57,58,62,56,56,49,53,52,92,145,210,213,213,215,219,220,220,219,218,218,218,219,220,220,220,218,218,218,222,224,220,213,196,157,106,66,49,50,50,51,52,52,53,55,57,58,56,56,55,57,56,54,55,62,95,137,162,174,164,0,0,0,0,0,0,0,0,0,0,0,0,0
0,0,0,0,0,0,0,0,0,0,0,82,109,161,199,191,132,73,61,47,52,54,50,52,51,52,52,51,53,52,53,53,53,53,46,42,55,108,161,195,213,216,216,217,217,216,217,217,217,217,218,215,216,213,214,219,218,215,215,218,220,218,215,216,219,219,217,217,218,217,216,217,219,219,218,217,218,217,218,219,218,218,217,217,217,217,215,216,217,219,219,220,220,216,220,220,214,218,225,225,225,228,222,215,218,216,214,216,218,218,218,218,218,218,218,217,217,217,217,217,217,217,218,218,220,219,222,223,221,213,216,220,219,222,219,203,170,124,82,61,50,50,56,56,57,57,55,57,56,57,57,57,57,56,50,49,43,69,118,156,198,215,219,220,218,218,217,217,218,218,219,221,219,219,217,217,216,221,221,214,204,175,127,79,53,50,51,51,52,52,53,53,56,56,57,56,55,55,57,57,54,57,75,117,151,167,168,0,0,0,0,0,0,0,0,0,0,0,0,0,0
0,0,0,0,0,0,0,0,0,0,0,0,72,135,191,209,178,103,61,51,49,52,50,52,51,52,51,50,52,52,55,54,57,57,52,50,41,68,122,177,208,212,211,213,216,216,217,216,215,219,215,210,213,215,219,221,220,218,218,218,218,217,216,216,217,218,217,216,218,218,217,217,218,219,218,217,218,218,218,218,217,218,219,220,219,218,216,216,217,218,219,219,220,217,220,219,215,216,219,221,221,220,220,218,217,217,217,218,218,218,218,218,218,218,218,218,218,217,217,217,217,217,217,218,219,219,220,219,218,217,218,219,217,222,222,216,205,170,118,74,49,48,55,58,56,57,55,54,54,55,56,56,55,55,53,52,50,49,71,109,167,198,212,218,220,220,215,218,222,217,216,224,221,218,215,213,214,218,219,206,180,139,95,62,54,52,55,53,53,53,55,54,55,56,55,55,53,53,57,55,52,55,96,140,172,179,153,0,0,0,0,0,0,0,0,0,0,0,0,0,0
0,0,0,0,0,0,0,0,0,0,0,0,68,112,170,199,188,132,75,62,50,51,50,51,52,54,52,51,51,52,55,56,56,56,54,53,43,41,86,152,196,213,214,218,214,217,219,217,213,215,213,211,214,216,219,221,220,218,218,218,218,217,216,216,217,217,217,217,217,217,217,217,218,218,218,218,218,217,217,218,218,217,218,220,219,218,216,216,216,218,219,220,220,217,218,218,217,218,218,219,219,219,219,219,218,218,218,218,218,218,218,218,218,218,218,218,218,218,217,217,217,217,218,218,218,218,218,218,218,218,218,219,217,219,220,221,223,204,160,108,70,48,54,54,56,57,56,54,55,54,56,55,55,56,55,55,50,47,51,75,125,173,203,217,219,221,220,223,222,215,216,224,220,215,213,213,213,219,217,193,152,112,75,52,53,53,54,54,53,53,55,54,56,55,54,54,53,54,55,54,55,76,116,157,176,174,0,0,0,0,0,0,0,0,0,0,0,0,0,0,0
0,0,0,0,0,0,0,0,0,0,0,0,0,82,145,195,206,164,91,67,39,44,52,50,52,54,52,51,49,50,53,54,54,55,56,53,46,45,61,114,169,202,213,219,213,217,218,216,210,209,213,216,215,217,219,221,219,218,218,218,218,217,216,216,216,217,217,217,217,217,217,217,217,218,218,218,219,215,215,220,220,215,215,220,220,219,217,216,216,217,219,220,221,218,218,218,219,220,219,218,218,218,218,218,218,218,218,218,218,218,218,218,218,218,218,218,218,218,217,217,217,217,218,218,219,218,218,218,218,219,219,220,218,216,215,217,224,221,194,147,98,62,53,53,53,54,53,53,54,54,54,54,54,56,57,58,53,51,48,52,87,138,189,214,215,219,224,226,220,215,221,225,221,215,215,216,213,217,210,172,124,87,63,49,53,52,53,54,52,53,54,54,55,55,54,54,52,52,50,51,66,101,139,171,161,137,0,0,0,0,0,0,0,0,0,0,0,0,0,0,0
0,0,0,0,0,0,0,0,0,0,0,0,0,78,124,182,212,191,122,76,43,41,52,50,51,54,52,50,48,49,54,54,53,55,58,58,48,44,39,74,132,181,208,215,217,215,214,213,210,210,214,215,217,218,219,219,218,218,217,217,218,217,216,216,216,216,216,216,217,217,217,217,217,217,217,218,219,216,216,219,219,216,216,220,221,219,217,216,216,217,219,220,220,218,218,218,219,219,218,219,217,217,217,217,217,217,217,217,217,217,217,217,217,217,217,217,217,217,217,217,217,217,217,217,217,217,217,217,217,217,218,219,218,218,215,215,218,222,215,185,139,94,59,51,53,52,52,53,54,54,54,53,54,56,56,57,55,55,49,46,55,100,155,190,215,219,224,224,216,218,226,222,218,214,217,219,210,205,187,141,88,57,49,48,51,53,55,53,52,52,52,52,55,55,54,54,52,53,49,53,76,111,146,165,154,0,0,0,0,0,0,0,0,0,0,0,0,0,0,0,0
0,0,0,0,0,0,0,0,0,0,0,0,0,0,86,149,198,204,163,108,66,43,48,48,48,53,51,50,49,49,53,53,55,55,57,61,51,48,38,50,95,149,187,210,217,210,209,210,212,214,215,214,217,218,218,217,217,217,217,217,217,217,216,216,216,216,216,216,217,217,217,217,217,217,217,217,217,220,219,215,215,219,220,218,220,218,216,215,215,216,217,219,218,217,217,217,217,217,217,218,218,217,217,217,217,217,217,217,217,217,217,217,217,217,217,217,216,217,217,217,217,217,217,216,217,217,217,217,216,216,217,218,217,219,216,219,219,220,221,209,183,130,73,48,53,52,53,54,54,55,53,53,54,55,55,56,56,60,54,48,41,65,111,157,204,218,220,215,215,222,226,219,217,215,218,217,201,182,153,108,62,44,48,49,53,54,56,53,52,51,50,51,53,54,54,54,53,54,51,65,97,131,159,163,0,0,0,0,0,0,0,0,0,0,0,0,0,0,0,0,0
0,0,0,0,0,0,0,0,0,0,0,0,0,0,71,118,173,210,195,131,98,51,46,47,50,49,51,51,50,49,51,52,56,58,55,57,52,52,41,39,65,109,159,201,220,211,208,211,215,218,217,216,217,218,217,216,216,217,217,217,217,217,216,216,216,216,217,217,217,217,217,217,217,217,217,217,217,220,220,215,215,220,221,217,220,218,216,215,215,216,217,218,217,217,217,217,217,217,217,217,218,218,218,218,218,218,218,218,218,218,217,217,217,217,218,218,217,218,218,218,218,218,218,217,219,218,218,218,218,218,218,218,220,222,219,220,220,217,220,220,210,170,113,64,51,53,53,55,54,54,53,54,56,55,56,56,54,56,55,52,45,42,67,116,173,208,219,216,220,222,221,218,216,217,219,213,188,151,112,74,46,45,48,49,52,53,55,56,53,53,50,50,53,53,54,54,54,54,57,87,124,155,166,159,0,0,0,0,0,0,0,0,0,0,0,0,0,0,0,0,0
0,0,0,0,0,0,0,0,0,0,0,0,0,0,0,80,130,192,217,175,124,59,41,46,52,50,54,55,51,51,52,52,54,57,54,55,55,55,48,51,48,67,125,181,212,213,212,217,220,217,214,216,217,218,217,216,216,217,217,217,217,217,216,216,216,216,217,217,217,217,217,217,217,217,217,217,218,218,218,217,218,218,218,218,220,218,216,216,216,216,217,218,217,218,218,218,218,218,218,218,218,218,218,218,218,218,218,218,219,218,217,217,217,217,218,219,217,218,218,218,218,218,218,217,219,218,218,218,218,218,218,218,219,222,219,216,219,215,219,224,223,202,158,100,52,49,54,60,54,53,53,55,56,55,56,55,54,54,54,60,52,47,44,82,126,180,212,219,223,218,216,220,218,219,217,202,166,117,75,50,48,48,50,50,54,55,55,56,52,51,48,48,50,50,50,52,51,53,73,111,147,172,163,0,0,0,0,0,0,0,0,0,0,0,0,0,0,0,0,0,0
0,0,0,0,0,0,0,0,0,0,0,0,0,0,0,0,118,175,216,191,147,81,52,59,53,51,51,54,52,52,50,52,53,56,53,55,54,54,50,52,42,44,82,146,185,205,216,224,220,210,208,218,219,220,218,216,216,217,217,217,217,217,216,216,216,216,217,217,217,217,217,217,217,217,217,217,218,216,216,219,219,217,216,218,220,218,216,216,216,216,217,218,217,218,218,219,217,217,218,218,218,218,218,218,218,218,218,218,218,218,217,217,217,217,218,218,217,218,219,219,219,219,218,217,219,218,218,218,218,217,218,218,218,223,222,218,224,220,221,223,225,211,187,142,83,56,61,57,54,53,52,56,56,55,55,54,53,52,56,57,53,50,43,62,82,144,193,215,220,215,216,222,219,215,203,176,134,83,49,42,48,48,51,52,53,54,54,54,51,51,50,49,50,50,50,52,53,61,93,129,166,189,162,0,0,0,0,0,0,0,0,0,0,0,0,0,0,0,0,0,0
0,0,0,0,0,0,0,0,0,0,0,0,0,0,0,0,83,126,176,210,179,112,63,49,51,49,53,55,54,52,52,51,51,53,53,51,52,51,48,49,59,53,52,77,160,202,219,223,221,205,209,222,217,219,217,217,216,217,217,217,217,217,217,217,217,217,217,217,216,217,217,217,217,217,217,217,217,217,218,220,220,217,216,217,218,217,216,216,216,216,217,218,217,218,218,218,218,218,218,218,218,218,218,218,218,218,218,218,218,218,217,216,216,217,218,218,216,218,219,218,218,219,218,216,217,218,219,218,217,218,218,218,218,220,221,219,228,217,217,220,221,221,209,185,139,85,47,45,50,51,51,52,56,55,53,52,50,51,53,54,57,56,50,53,44,95,153,196,216,220,222,227,210,193,173,137,97,56,51,49,50,52,53,52,54,55,53,53,52,54,56,56,56,53,56,56,60,77,108,149,187,203,0,0,0,0,0,0,0,0,0,0,0,0,0,0,0,0,0,0,0
0,0,0,0,0,0,0,0,0,0,0,0,0,0,0,0,0,100,160,211,203,155,98,62,48,47,54,53,54,53,52,51,51,53,52,50,52,52,50,49,50,47,42,44,107,158,201,215,221,217,219,217,217,219,218,215,215,218,217,217,217,217,217,217,217,217,217,217,216,217,217,217,217,217,217,218,214,217,222,223,219,216,216,217,218,217,216,216,216,216,217,218,217,218,218,218,218,218,218,218,218,218,218,218,218,218,218,218,219,218,217,216,216,217,218,218,216,218,220,218,218,220,218,216,218,219,219,218,218,218,218,218,217,218,221,219,221,210,212,221,223,219,216,210,178,127,73,44,51,50,51,52,56,54,53,53,51,52,54,55,55,53,51,50,38,67,122,173,204,220,226,224,213,179,149,106,67,42,47,51,53,53,54,53,54,54,53,53,53,52,55,56,55,54,55,60,80,106,142,175,186,179,0,0,0,0,0,0,0,0,0,0,0,0,0,0,0,0,0,0,0
0,0,0,0,0,0,0,0,0,0,0,0,0,0,0,0,0,69,133,200,218,197,139,81,43,42,50,52,53,53,52,52,52,52,51,49,51,54,54,52,47,50,49,45,57,108,168,199,220,233,226,207,217,218,217,219,217,216,218,217,217,217,217,217,217,217,217,217,216,216,216,216,216,216,216,217,218,220,223,217,208,209,218,224,218,217,216,216,216,216,216,217,218,218,218,218,218,218,218,218,218,218,218,218,218,218,218,218,218,218,217,216,216,217,218,218,216,218,220,218,218,220,218,216,217,218,218,218,217,218,218,218,218,218,219,219,212,214,217,220,222,222,220,223,208,168,110,63,47,48,53,54,58,56,55,54,54,55,58,58,58,56,55,55,47,55,85,125,166,216,227,216,194,144,102,68,46,45,49,50,51,52,54,55,56,55,55,54,55,52,53,55,51,51,49,63,100,139,175,194,194,0,0,0,0,0,0,0,0,0,0,0,0,0,0,0,0,0,0,0,0
0,0,0,0,0,0,0,0,0,0,0,0,0,0,0,0,0,0,100,166,203,220,180,110,48,39,52,53,53,52,52,54,55,51,49,49,50,52,51,51,48,51,53,46,46,64,118,176,207,223,223,217,218,217,217,216,217,218,215,217,217,217,217,217,217,217,217,217,216,216,216,216,216,216,216,217,218,220,221,216,209,210,219,225,217,216,216,216,216,216,216,216,217,217,217,217,217,217,217,217,217,217,217,217,217,217,217,217,217,217,217,217,217,217,217,217,216,217,219,219,219,219,217,216,217,217,217,217,217,217,217,217,217,217,218,219,205,220,224,220,221,222,220,226,220,197,155,100,59,46,52,53,57,56,56,55,55,55,56,56,58,57,57,58,49,44,48,78,127,174,198,188,154,108,74,47,43,45,50,52,52,52,54,55,55,55,55,55,55,52,52,52,50,47,54,78,115,161,192,194,166,0,0,0,0,0,0,0,0,0,0,0,0,0,0,0,0,0,0,0,0
0,0,0,0,0,0,0,0,0,0,0,0,0,0,0,0,0,0,0,115,169,214,206,145,77,48,49,49,53,51,52,53,54,51,49,49,49,51,50,52,54,56,55,50,41,39,78,136,172,198,212,212,210,208,213,211,216,220,210,217,216,216,216,216,216,216,216,216,216,216,216,216,216,216,216,216,213,216,221,223,223,220,216,213,215,215,216,216,216,216,216,216,217,217,217,217,217,217,217,217,217,217,217,217,217,217,217,217,217,217,218,218,218,218,217,216,216,216,218,220,220,218,216,216,217,217,217,217,217,217,217,217,217,215,218,219,208,221,225,220,219,219,217,220,226,217,189,145,86,53,50,52,57,56,57,61,59,56,55,56,60,59,57,59,54,52,46,62,94,131,145,138,104,70,47,42,48,49,50,52,51,51,53,53,54,54,55,55,55,54,51,51,45,46,71,106,148,183,197,178,0,0,0,0,0,0,0,0,0,0,0,0,0,0,0,0,0,0,0,0,0
0,0,0,0,0,0,0,0,0,0,0,0,0,0,0,0,0,0,0,75,130,188,215,185,124,71,47,46,49,50,55,53,52,51,50,49,49,51,50,51,54,54,52,50,43,38,49,84,123,165,202,216,215,211,215,218,214,209,209,213,216,216,216,216,216,216,216,216,216,216,216,216,216,216,216,216,215,216,219,222,224,221,216,213,216,216,216,216,216,216,217,217,218,218,218,218,218,218,218,218,218,218,218,218,218,218,218,218,218,218,218,219,219,218,217,216,216,215,218,220,220,218,215,216,218,218,218,218,218,218,218,218,217,217,219,219,217,221,223,221,219,219,220,216,220,222,210,184,124,78,57,49,53,55,57,59,60,58,55,55,59,57,55,55,53,53,50,60,74,77,86,76,65,45,41,43,52,49,51,50,51,52,53,54,54,54,55,54,55,55,54,52,45,54,98,135,163,189,181,0,0,0,0,0,0,0,0,0,0,0,0,0,0,0,0,0,0,0,0,0,0
0,0,0,0,0,0,0,0,0,0,0,0,0,0,0,0,0,0,0,0,100,154,209,213,167,104,55,41,43,47,58,53,52,52,51,50,49,50,50,51,54,55,54,53,49,47,39,44,64,120,188,227,223,221,219,223,214,204,216,217,217,217,217,217,217,217,217,217,218,218,218,218,218,218,218,218,219,219,219,217,214,214,217,221,217,217,217,217,217,217,217,218,217,218,218,218,218,218,218,218,218,218,218,218,218,218,218,218,218,218,218,218,219,219,217,216,217,216,217,220,220,217,216,217,218,218,218,218,218,218,218,218,216,218,220,221,222,219,220,222,222,220,224,221,214,219,223,206,160,115,75,49,49,52,58,58,58,58,56,56,56,56,54,53,55,53,52,55,47,41,42,44,46,42,43,45,48,50,54,53,55,55,54,53,52,52,54,54,55,55,50,50,51,84,130,167,181,186,0,0,0,0,0,0,0,0,0,0,0,0,0,0,0,0,0,0,0,0,0,0,0
0,0,0,0,0,0,0,0,0,0,0,0,0,0,0,0,0,0,0,0,0,113,181,223,203,145,81,52,39,43,56,52,53,55,51,49,49,49,51,50,50,52,54,53,50,50,44,40,31,79,155,201,221,224,222,219,216,212,216,216,218,218,219,219,218,218,218,219,218,218,218,218,218,218,218,218,218,219,222,220,214,212,217,221,217,217,217,217,217,217,217,217,217,218,218,218,218,218,218,218,218,218,218,218,218,218,218,218,218,217,217,218,219,219,218,216,217,216,217,219,219,217,216,217,218,218,218,218,218,218,218,218,217,214,213,221,221,218,216,216,221,224,216,215,216,216,221,218,191,152,101,64,53,50,56,56,57,58,57,56,55,55,55,54,53,52,53,51,46,42,39,41,44,45,48,47,48,50,53,56,55,54,53,54,54,52,54,54,55,54,47,53,74,121,154,183,195,0,0,0,0,0,0,0,0,0,0,0,0,0,0,0,0,0,0,0,0,0,0,0,0
0,0,0,0,0,0,0,0,0,0,0,0,0,0,0,0,0,0,0,0,0,0,126,212,239,189,106,50,42,34,44,48,53,59,52,49,49,50,50,49,49,50,52,54,53,56,53,50,47,46,73,126,186,210,216,215,222,221,208,210,217,219,218,218,218,219,218,218,218,218,218,218,218,218,218,218,218,220,220,219,217,216,218,220,216,217,217,217,217,217,217,217,219,218,218,218,218,218,218,218,218,218,218,218,218,218,218,218,218,217,216,217,219,219,218,216,218,216,216,218,218,216,216,217,218,218,218,218,218,218,218,218,217,216,219,220,220,216,216,217,217,214,213,215,220,217,221,218,224,195,146,97,64,45,51,52,55,57,57,56,54,54,54,54,55,55,56,58,55,54,49,49,50,52,53,52,49,52,54,54,58,56,56,55,53,53,51,49,46,49,50,71,106,155,179,199,0,0,0,0,0,0,0,0,0,0,0,0,0,0,0,0,0,0,0,0,0,0,0,0,0
0,0,0,0,0,0,0,0,0,0,0,0,0,0,0,0,0,0,0,0,0,0,86,162,212,201,157,97,82,41,47,49,58,54,51,52,50,50,50,50,50,50,52,53,53,54,53,56,49,40,42,69,140,187,206,204,216,221,215,217,218,217,217,216,216,216,216,216,218,218,218,218,218,218,218,218,219,219,219,219,218,218,218,218,217,217,217,217,217,217,218,218,218,218,218,218,218,218,218,218,218,218,218,218,218,218,218,218,218,217,216,217,219,220,218,217,218,217,216,217,217,217,217,218,218,218,218,218,218,218,218,218,217,216,227,220,214,217,220,222,218,213,212,217,226,223,218,213,227,215,181,131,83,50,50,53,57,57,56,56,55,55,53,54,58,57,58,58,56,54,51,51,52,52,51,50,49,51,54,54,58,58,57,56,54,53,49,48,43,52,70,106,137,166,180,185,0,0,0,0,0,0,0,0,0,0,0,0,0,0,0,0,0,0,0,0,0,0,0,0,0
0,0,0,0,0,0,0,0,0,0,0,0,0,0,0,0,0,0,0,0,0,0,0,116,183,222,208,151,113,48,36,43,55,55,54,54,52,52,51,51,51,51,53,52,52,54,53,53,50,50,42,41,59,130,188,212,223,222,219,218,219,216,216,216,216,216,217,217,217,217,217,217,217,217,217,217,219,218,217,218,218,218,218,217,217,217,217,217,217,217,218,218,218,218,218,218,218,218,218,218,218,218,218,218,218,218,218,218,218,217,216,217,219,219,218,217,219,218,217,217,217,217,217,218,218,218,218,218,218,218,218,218,219,216,229,220,214,221,222,220,224,224,217,215,220,223,215,215,222,220,203,167,118,74,51,47,52,53,55,55,55,55,53,53,53,53,53,53,52,52,52,53,54,54,55,55,54,54,53,52,56,57,57,56,54,52,48,47,45,68,99,133,173,197,189,0,0,0,0,0,0,0,0,0,0,0,0,0,0,0,0,0,0,0,0,0,0,0,0,0,0
0,0,0,0,0,0,0,0,0,0,0,0,0,0,0,0,0,0,0,0,0,0,0,0,133,216,237,200,145,78,44,41,54,53,57,60,56,55,52,52,50,51,52,51,53,52,52,51,49,52,45,40,31,73,127,175,209,217,218,215,221,218,218,218,215,211,214,216,216,216,217,217,217,216,217,217,217,217,217,217,217,217,217,217,217,217,217,217,217,217,217,217,217,217,217,217,217,217,217,217,217,217,217,217,217,217,217,217,218,217,217,217,218,218,218,217,218,218,218,217,217,217,217,217,217,217,217,217,217,217,217,217,216,214,223,222,221,219,216,215,214,224,216,215,216,220,213,217,220,219,215,198,162,117,76,49,51,51,52,53,55,56,54,53,53,53,53,53,53,52,53,53,55,54,55,55,54,54,55,54,55,56,57,57,53,53,47,48,63,90,118,153,189,202,0,0,0,0,0,0,0,0,0,0,0,0,0,0,0,0,0,0,0,0,0,0,0,0,0,0,0
0,0,0,0,0,0,0,0,0,0,0,0,0,0,0,0,0,0,0,0,0,0,0,0,0,167,226,230,205,136,65,35,49,51,64,61,57,56,54,54,50,51,51,51,51,50,49,51,50,51,50,49,44,42,58,107,167,212,228,220,217,217,219,219,216,211,215,218,217,217,217,217,217,217,217,217,217,217,217,217,217,217,217,217,217,217,217,217,217,217,217,217,217,217,217,217,217,217,217,217,217,217,217,217,217,217,217,217,217,218,218,218,217,217,217,218,217,217,218,218,218,218,217,217,217,217,217,217,217,217,217,217,217,220,221,215,216,218,218,215,213,216,211,215,216,216,213,218,215,213,217,212,191,153,105,62,49,50,53,54,55,56,55,55,53,53,52,52,51,50,50,50,51,51,53,54,54,55,55,54,54,54,54,54,49,47,44,54,89,117,155,185,206,0,0,0,0,0,0,0,0,0,0,0,0,0,0,0,0,0,0,0,0,0,0,0,0,0,0,0,0
0,0,0,0,0,0,0,0,0,0,0,0,0,0,0,0,0,0,0,0,0,0,0,0,0,115,192,232,221,183,107,52,48,48,62,61,58,57,55,55,50,50,53,51,51,50,51,50,49,50,53,54,44,38,30,51,108,166,195,206,216,217,215,213,213,212,215,218,218,218,218,218,218,218,218,218,218,218,218,218,218,218,218,218,217,217,218,218,218,218,218,218,218,218,218,218,218,218,218,218,217,217,217,217,217,217,217,217,217,218,219,218,217,216,217,218,217,217,218,219,219,218,218,218,218,218,218,218,218,218,218,218,220,219,221,220,216,216,216,218,215,210,210,219,223,218,219,217,208,207,214,215,209,187,145,95,61,51,54,54,55,55,54,54,52,52,51,51,50,50,50,49,51,50,51,52,53,55,56,55,53,54,52,51,47,45,49,79,125,156,186,205,0,0,0,0,0,0,0,0,0,0,0,0,0,0,0,0,0,0,0,0,0,0,0,0,0,0,0,0,0
0,0,0,0,0,0,0,0,0,0,0,0,0,0,0,0,0,0,0,0,0,0,0,0,0,0,131,203,231,221,164,98,64,44,53,55,58,58,56,56,50,50,55,53,51,50,51,52,50,50,53,54,55,53,46,47,58,93,133,179,209,219,218,215,214,214,216,217,218,218,218,218,218,218,218,219,219,218,218,218,218,218,218,218,217,218,218,218,218,218,218,218,218,218,218,218,218,217,217,217,217,217,217,217,217,217,217,217,216,218,219,218,216,216,217,218,217,217,218,219,219,218,218,218,218,218,218,218,218,218,218,218,219,219,221,221,215,217,219,221,222,216,214,217,220,218,219,218,209,209,214,218,224,218,189,143,91,63,55,53,54,54,53,52,52,53,51,51,49,49,49,49,49,49,50,51,54,56,57,56,53,54,52,49,44,42,63,104,144,167,190,191,0,0,0,0,0,0,0,0,0,0,0,0,0,0,0,0,0,0,0,0,0,0,0,0,0,0,0,0,0
0,0,0,0,0,0,0,0,0,0,0,0,0,0,0,0,0,0,0,0,0,0,0,0,0,0,0,146,212,238,221,149,91,50,54,53,57,58,57,57,51,51,54,52,51,50,50,50,50,52,53,53,53,53,55,51,33,29,68,146,174,202,218,223,222,220,217,216,217,217,217,217,217,217,218,220,220,219,218,218,217,216,217,217,217,217,218,218,218,218,218,218,218,218,218,218,218,218,217,217,217,217,217,217,217,217,217,217,216,218,219,218,217,216,217,218,217,217,218,219,219,218,218,218,218,218,218,218,218,218,218,218,219,218,215,221,222,224,224,223,223,221,212,212,216,222,219,224,215,212,213,220,233,233,205,160,104,68,57,54,54,52,52,52,52,53,51,51,50,50,49,49,49,49,51,51,52,54,56,55,54,54,52,51,44,54,98,145,166,174,186,0,0,0,0,0,0,0,0,0,0,0,0,0,0,0,0,0,0,0,0,0,0,0,0,0,0,0,0,0,0
0,0,0,0,0,0,0,0,0,0,0,0,0,0,0,0,0,0,0,0,0,0,0,0,0,0,0,92,144,216,242,239,162,84,37,39,48,52,59,55,54,58,52,51,49,48,49,51,52,54,54,53,54,57,53,53,49,45,35,51,91,142,186,211,216,216,216,214,216,216,215,214,215,216,217,218,219,219,218,217,216,215,216,216,217,217,217,217,217,217,217,217,217,217,217,217,217,217,217,217,216,216,216,216,216,216,216,216,216,217,218,218,217,216,217,217,217,217,218,220,220,218,219,218,220,220,220,218,218,219,218,218,220,220,217,221,217,219,218,219,221,214,214,219,222,217,216,221,214,210,209,209,210,224,214,197,149,104,62,53,52,52,53,53,52,53,53,52,51,51,51,50,50,52,53,52,53,53,56,56,56,53,46,46,65,105,149,187,190,195,0,0,0,0,0,0,0,0,0,0,0,0,0,0,0,0,0,0,0,0,0,0,0,0,0,0,0,0,0,0,0
0,0,0,0,0,0,0,0,0,0,0,0,0,0,0,0,0,0,0,0,0,0,0,0,0,0,0,0,101,174,220,242,208,147,87,55,43,46,54,54,56,56,53,52,50,49,52,53,54,56,58,58,54,53,53,54,52,47,42,53,55,96,137,172,196,212,218,218,218,219,219,217,215,213,212,211,217,218,218,218,215,213,214,215,217,217,217,217,217,217,217,218,217,217,217,217,217,217,217,217,216,216,215,216,216,215,216,216,216,217,217,217,216,216,216,217,218,217,218,220,220,219,219,219,220,220,220,217,217,217,217,217,220,220,220,222,220,213,213,213,219,213,207,220,224,220,216,222,221,213,218,217,214,221,207,176,118,83,57,51,52,52,53,53,53,54,53,52,52,52,52,51,51,51,53,53,53,52,53,53,58,52,46,66,102,140,172,196,194,0,0,0,0,0,0,0,0,0,0,0,0,0,0,0,0,0,0,0,0,0,0,0,0,0,0,0,0,0,0,0,0
0,0,0,0,0,0,0,0,0,0,0,0,0,0,0,0,0,0,0,0,0,0,0,0,0,0,0,0,0,113,169,226,230,202,144,84,37,38,46,50,58,59,57,56,52,52,55,54,52,52,52,53,55,54,54,53,50,47,44,43,40,42,57,100,153,197,219,221,221,220,217,215,213,211,211,214,214,217,219,222,222,222,221,219,216,216,217,217,217,217,217,217,217,217,217,217,217,217,216,216,215,216,214,215,215,214,216,215,215,216,217,217,216,216,217,217,217,216,217,219,219,218,219,219,220,220,221,217,217,217,218,217,220,220,218,221,218,211,211,217,222,216,212,217,221,216,213,222,221,219,222,225,217,184,149,113,65,50,51,52,52,51,53,54,52,52,53,53,54,54,54,54,54,53,53,53,53,52,50,49,47,44,55,98,146,176,196,203,0,0,0,0,0,0,0,0,0,0,0,0,0,0,0,0,0,0,0,0,0,0,0,0,0,0,0,0,0,0,0,0,0
0,0,0,0,0,0,0,0,0,0,0,0,0,0,0,0,0,0,0,0,0,0,0,0,0,0,0,0,0,0,110,185,227,229,184,124,77,47,44,47,57,58,55,53,52,52,54,53,51,51,51,52,52,54,56,57,55,53,53,52,51,42,35,57,102,149,185,209,209,215,220,224,225,222,214,211,213,215,216,216,215,215,215,214,215,215,216,216,216,216,216,216,216,216,216,216,216,216,215,215,214,214,212,212,212,212,214,214,214,215,216,215,215,215,215,216,216,216,216,218,218,218,219,218,218,218,219,214,214,214,215,214,214,214,213,207,216,218,219,219,221,220,222,211,210,210,219,225,230,221,210,195,173,131,91,61,44,44,49,50,51,51,53,52,53,52,54,54,55,54,53,53,53,53,52,52,54,55,50,49,49,58,91,142,180,191,191,0,0,0,0,0,0,0,0,0,0,0,0,0,0,0,0,0,0,0,0,0,0,0,0,0,0,0,0,0,0,0,0,0,0
0,0,0,0,0,0,0,0,0,0,0,0,0,0,0,0,0,0,0,0,0,0,0,0,0,0,0,0,0,0,0,114,175,239,249,195,126,71,43,41,52,51,51,54,54,54,54,53,52,51,50,51,52,54,54,57,55,54,54,54,51,47,41,38,34,52,93,137,194,210,222,227,226,225,221,220,219,220,218,217,216,216,218,217,216,216,216,216,215,216,216,216,216,216,216,216,216,216,215,215,214,214,212,212,212,212,214,214,214,215,215,215,215,215,215,216,216,216,216,218,218,218,219,218,218,218,218,215,214,215,215,215,215,214,215,208,213,213,215,218,219,220,220,220,219,218,229,218,226,203,172,131,94,68,45,42,45,46,49,49,50,51,53,52,52,52,54,55,55,53,53,54,54,54,52,51,51,49,43,43,68,93,135,176,199,197,175,0,0,0,0,0,0,0,0,0,0,0,0,0,0,0,0,0,0,0,0,0,0,0,0,0,0,0,0,0,0,0,0,0,0
0,0,0,0,0,0,0,0,0,0,0,0,0,0,0,0,0,0,0,0,0,0,0,0,0,0,0,0,0,0,0,0,120,193,245,238,194,138,83,48,48,49,52,57,54,54,55,55,53,54,53,53,55,56,55,55,54,55,55,54,54,55,50,45,35,33,44,78,130,160,189,208,216,221,221,221,220,219,216,216,217,217,218,217,217,217,217,217,216,216,216,216,216,216,216,216,216,216,215,215,214,214,212,212,212,212,214,214,214,215,216,215,215,215,216,216,216,216,217,218,218,218,218,218,216,217,217,216,215,216,215,216,216,216,217,213,212,215,212,216,219,218,222,222,222,221,229,206,182,146,105,67,37,35,38,41,46,49,52,52,53,52,53,55,52,52,54,55,55,53,54,56,56,55,52,52,49,46,42,58,95,131,167,188,195,0,0,0,0,0,0,0,0,0,0,0,0,0,0,0,0,0,0,0,0,0,0,0,0,0,0,0,0,0,0,0,0,0,0,0,0
0,0,0,0,0,0,0,0,0,0,0,0,0,0,0,0,0,0,0,0,0,0,0,0,0,0,0,0,0,0,0,0,0,125,199,236,246,208,139,67,36,38,46,48,53,53,55,56,55,56,55,55,58,57,56,55,54,57,55,54,52,52,51,51,48,48,38,36,47,76,114,154,187,210,217,220,220,221,219,218,216,214,214,215,216,216,217,217,217,216,216,216,216,216,216,216,216,216,215,215,214,214,212,212,212,212,214,214,214,215,215,215,215,215,215,215,216,216,216,217,217,217,217,216,216,215,216,216,217,217,217,217,218,216,217,217,215,212,213,217,223,224,228,218,211,205,191,154,106,73,46,40,42,43,47,49,53,56,56,55,55,54,53,54,54,54,56,55,55,54,54,55,53,52,50,48,43,46,59,91,139,174,199,204,0,0,0,0,0,0,0,0,0,0,0,0,0,0,0,0,0,0,0,0,0,0,0,0,0,0,0,0,0,0,0,0,0,0,0,0,0
0,0,0,0,0,0,0,0,0,0,0,0,0,0,0,0,0,0,0,0,0,0,0,0,0,0,0,0,0,0,0,0,0,0,154,212,244,242,202,129,70,41,51,46,51,51,53,54,53,54,55,55,57,56,55,56,55,55,54,54,52,51,52,53,53,55,44,41,34,39,56,92,131,166,190,208,218,220,222,225,224,221,219,218,215,215,215,215,215,216,217,218,217,216,216,216,216,216,216,216,215,215,214,214,214,214,215,215,215,216,216,216,216,216,216,216,216,215,215,216,216,216,216,215,215,212,213,212,214,213,214,214,215,216,211,217,216,222,222,218,221,221,212,205,176,145,111,71,48,33,39,41,44,46,49,50,55,55,55,54,54,54,54,55,53,54,57,55,56,55,57,56,52,51,50,50,43,60,92,137,177,196,202,0,0,0,0,0,0,0,0,0,0,0,0,0,0,0,0,0,0,0,0,0,0,0,0,0,0,0,0,0,0,0,0,0,0,0,0,0,0
0,0,0,0,0,0,0,0,0,0,0,0,0,0,0,0,0,0,0,0,0,0,0,0,0,0,0,0,0,0,0,0,0,0,0,0,224,238,243,201,136,73,34,38,43,45,48,51,51,52,53,54,56,56,55,55,55,56,55,53,53,54,53,52,52,53,52,49,46,43,36,35,42,77,119,161,188,198,214,223,224,223,223,221,216,213,212,211,214,217,218,218,219,217,216,217,216,216,215,216,216,215,217,215,216,216,217,216,216,219,218,218,218,218,218,217,215,215,213,216,216,216,217,215,211,208,207,209,211,209,211,215,216,218,213,217,216,224,223,210,204,190,172,136,101,72,46,38,40,43,49,49,54,55,55,54,56,55,56,55,55,54,55,56,54,55,58,57,56,55,54,53,46,45,45,61,68,104,152,195,209,211,0,0,0,0,0,0,0,0,0,0,0,0,0,0,0,0,0,0,0,0,0,0,0,0,0,0,0,0,0,0,0,0,0,0,0,0,0,0,0
0,0,0,0,0,0,0,0,0,0,0,0,0,0,0,0,0,0,0,0,0,0,0,0,0,0,0,0,0,0,0,0,0,0,0,0,0,209,240,243,202,150,84,60,53,47,47,52,50,54,53,55,56,56,55,55,54,55,54,54,52,53,52,52,53,52,51,50,47,46,42,39,36,43,61,88,135,148,171,195,211,221,224,222,217,214,214,216,217,216,220,222,220,221,220,216,219,217,216,216,215,214,211,213,213,211,212,213,215,212,215,214,215,214,215,217,219,220,221,222,222,223,223,222,220,217,211,215,212,212,216,224,224,228,229,224,217,217,210,189,161,130,99,68,51,43,37,38,44,49,55,54,54,52,53,55,56,56,58,57,55,54,56,58,55,56,58,56,57,57,55,51,46,47,61,96,114,168,193,203,209,0,0,0,0,0,0,0,0,0,0,0,0,0,0,0,0,0,0,0,0,0,0,0,0,0,0,0,0,0,0,0,0,0,0,0,0,0,0,0,0
0,0,0,0,0,0,0,0,0,0,0,0,0,0,0,0,0,0,0,0,0,0,0,0,0,0,0,0,0,0,0,0,0,0,0,0,0,0,197,234,245,227,162,84,40,36,42,44,50,50,52,53,58,59,57,55,54,55,52,52,52,52,52,53,53,53,53,53,49,48,50,50,46,43,41,44,42,57,83,119,152,179,199,214,221,222,224,227,220,215,223,222,228,222,220,222,214,214,215,212,211,211,210,208,209,209,209,211,211,211,211,213,211,212,212,211,214,213,214,214,215,215,214,216,217,224,227,216,224,225,221,218,219,221,222,215,195,168,145,124,83,60,44,34,35,39,46,48,46,48,49,50,51,50,51,52,52,53,55,55,54,54,56,59,55,55,54,54,52,53,48,45,41,52,83,126,160,201,209,194,0,0,0,0,0,0,0,0,0,0,0,0,0,0,0,0,0,0,0,0,0,0,0,0,0,0,0,0,0,0,0,0,0,0,0,0,0,0,0,0,0
0,0,0,0,0,0,0,0,0,0,0,0,0,0,0,0,0,0,0,0,0,0,0,0,0,0,0,0,0,0,0,0,0,0,0,0,0,0,0,199,234,240,210,166,113,70,48,43,46,47,53,54,55,56,55,54,55,56,52,51,52,52,52,52,52,52,53,51,51,50,51,55,57,47,40,38,35,34,39,57,79,106,135,161,194,209,215,222,225,222,234,227,224,217,215,214,216,218,217,216,216,216,211,215,214,221,215,216,214,212,215,202,204,209,215,218,215,216,213,212,214,217,214,210,217,225,217,220,219,224,222,212,208,190,169,163,138,104,71,49,38,32,34,36,40,42,46,48,50,50,50,50,51,50,50,51,53,52,53,54,54,54,54,54,55,54,56,51,50,47,43,44,63,89,129,173,208,218,214,0,0,0,0,0,0,0,0,0,0,0,0,0,0,0,0,0,0,0,0,0,0,0,0,0,0,0,0,0,0,0,0,0,0,0,0,0,0,0,0,0,0
0,0,0,0,0,0,0,0,0,0,0,0,0,0,0,0,0,0,0,0,0,0,0,0,0,0,0,0,0,0,0,0,0,0,0,0,0,0,0,0,0,232,245,231,181,116,53,33,39,42,45,50,52,53,53,54,54,55,52,52,52,53,53,53,53,54,54,53,53,51,50,50,49,52,51,49,45,45,42,41,39,42,51,66,105,131,148,168,184,217,216,225,231,231,229,224,223,223,221,220,219,220,216,213,213,214,217,211,205,210,213,214,215,217,222,225,229,231,226,225,225,225,227,223,229,235,218,208,198,191,177,159,152,119,86,76,50,34,36,37,39,39,42,46,50,49,51,51,55,55,56,54,54,53,52,53,54,52,52,53,54,54,52,51,50,49,47,46,41,40,43,67,103,148,185,214,215,0,0,0,0,0,0,0,0,0,0,0,0,0,0,0,0,0,0,0,0,0,0,0,0,0,0,0,0,0,0,0,0,0,0,0,0,0,0,0,0,0,0,0,0
0,0,0,0,0,0,0,0,0,0,0,0,0,0,0,0,0,0,0,0,0,0,0,0,0,0,0,0,0,0,0,0,0,0,0,0,0,0,0,0,0,0,239,245,232,188,131,85,52,37,43,49,50,50,54,55,56,56,53,54,51,52,52,52,52,53,54,54,53,53,51,51,51,50,48,48,47,51,49,44,38,36,35,35,52,75,90,107,125,157,168,175,201,209,208,210,220,229,221,219,216,216,221,223,223,224,224,227,227,224,223,215,218,219,220,219,220,223,223,227,222,216,214,204,194,193,175,174,157,137,120,95,84,59,40,43,36,35,39,40,41,43,45,47,52,52,52,52,53,54,55,53,54,55,53,52,52,52,53,55,56,55,51,51,51,51,44,44,41,46,72,119,156,189,208,218,0,0,0,0,0,0,0,0,0,0,0,0,0,0,0,0,0,0,0,0,0,0,0,0,0,0,0,0,0,0,0,0,0,0,0,0,0,0,0,0,0,0,0,0,0
0,0,0,0,0,0,0,0,0,0,0,0,0,0,0,0,0,0,0,0,0,0,0,0,0,0,0,0,0,0,0,0,0,0,0,0,0,0,0,0,0,0,0,226,244,244,229,168,94,37,34,37,42,42,46,47,50,51,53,53,54,54,53,53,52,53,53,53,51,52,53,54,52,53,53,51,52,52,49,47,46,49,49,45,42,41,36,35,37,56,77,91,107,121,132,159,173,172,196,202,193,205,217,213,211,210,209,211,214,207,202,215,217,216,215,214,209,208,203,197,186,179,169,148,148,132,107,91,75,61,50,45,35,33,35,38,41,47,50,48,50,51,52,50,51,50,51,52,56,57,57,56,56,56,54,54,52,52,52,52,49,49,47,48,46,46,38,37,50,103,134,168,190,223,208,0,0,0,0,0,0,0,0,0,0,0,0,0,0,0,0,0,0,0,0,0,0,0,0,0,0,0,0,0,0,0,0,0,0,0,0,0,0,0,0,0,0,0,0,0,0
0,0,0,0,0,0,0,0,0,0,0,0,0,0,0,0,0,0,0,0,0,0,0,0,0,0,0,0,0,0,0,0,0,0,0,0,0,0,0,0,0,0,0,0,231,241,245,214,166,118,79,49,44,40,43,45,47,50,52,53,54,54,53,53,53,53,52,52,52,53,54,55,53,52,51,51,52,51,52,52,54,60,60,55,44,43,40,39,39,34,33,42,47,57,68,85,103,115,122,131,150,159,150,165,170,171,172,174,173,170,169,180,175,172,165,157,154,146,139,129,113,103,94,77,74,62,54,42,39,37,43,49,48,50,55,55,46,48,48,49,50,49,50,50,52,50,52,53,55,57,56,56,56,55,55,54,53,54,53,51,47,46,45,50,43,40,52,78,100,160,180,206,224,210,0,0,0,0,0,0,0,0,0,0,0,0,0,0,0,0,0,0,0,0,0,0,0,0,0,0,0,0,0,0,0,0,0,0,0,0,0,0,0,0,0,0,0,0,0,0,0
0,0,0,0,0,0,0,0,0,0,0,0,0,0,0,0,0,0,0,0,0,0,0,0,0,0,0,0,0,0,0,0,0,0,0,0,0,0,0,0,0,0,0,0,0,219,240,242,249,213,138,66,36,39,45,44,45,47,53,54,54,53,52,52,51,52,52,52,53,54,55,54,53,53,54,53,53,53,54,57,56,53,50,50,51,52,51,50,48,50,49,47,47,45,43,43,40,40,39,41,53,56,61,66,72,77,80,82,81,84,84,79,69,63,63,63,49,45,43,42,39,38,39,38,37,38,44,50,51,47,46,44,47,49,50,51,54,55,52,52,53,53,51,51,51,50,51,52,54,55,56,58,57,57,55,54,54,57,53,51,45,44,42,42,34,44,87,134,168,194,207,220,206,0,0,0,0,0,0,0,0,0,0,0,0,0,0,0,0,0,0,0,0,0,0,0,0,0,0,0,0,0,0,0,0,0,0,0,0,0,0,0,0,0,0,0,0,0,0,0,0
0,0,0,0,0,0,0,0,0,0,0,0,0,0,0,0,0,0,0,0,0,0,0,0,0,0,0,0,0,0,0,0,0,0,0,0,0,0,0,0,0,0,0,0,0,0,0,240,248,244,217,162,109,78,56,45,44,45,50,51,51,52,54,56,55,54,52,53,55,54,53,54,53,53,54,54,53,52,54,57,57,55,53,53,51,52,51,50,49,49,50,48,45,44,43,42,41,41,41,40,38,38,40,41,43,45,46,46,47,50,51,48,43,40,42,43,45,44,44,44,43,43,43,42,42,43,45,47,49,49,50,49,49,50,54,57,54,52,51,52,54,55,53,51,51,50,51,51,54,54,58,58,57,55,57,54,52,51,52,52,44,43,43,47,64,102,133,172,201,213,220,201,0,0,0,0,0,0,0,0,0,0,0,0,0,0,0,0,0,0,0,0,0,0,0,0,0,0,0,0,0,0,0,0,0,0,0,0,0,0,0,0,0,0,0,0,0,0,0,0,0
0,0,0,0,0,0,0,0,0,0,0,0,0,0,0,0,0,0,0,0,0,0,0,0,0,0,0,0,0,0,0,0,0,0,0,0,0,0,0,0,0,0,0,0,0,0,0,0,227,245,253,237,201,123,58,34,37,38,43,46,51,54,55,52,51,52,51,52,55,54,54,54,55,55,54,52,54,52,53,54,54,54,54,54,52,53,53,52,50,52,52,50,47,47,46,47,47,48,47,47,42,42,42,41,40,40,40,40,40,41,43,43,42,42,45,46,47,46,48,48,49,50,51,50,52,51,52,53,55,56,58,59,56,54,56,57,55,53,53,53,54,54,54,54,55,53,53,54,52,53,55,56,54,52,52,51,46,45,40,38,36,37,65,103,141,176,205,217,216,206,183,0,0,0,0,0,0,0,0,0,0,0,0,0,0,0,0,0,0,0,0,0,0,0,0,0,0,0,0,0,0,0,0,0,0,0,0,0,0,0,0,0,0,0,0,0,0,0,0,0,0
0,0,0,0,0,0,0,0,0,0,0,0,0,0,0,0,0,0,0,0,0,0,0,0,0,0,0,0,0,0,0,0,0,0,0,0,0,0,0,0,0,0,0,0,0,0,0,0,0,0,246,249,236,204,163,125,86,54,48,44,49,48,51,50,51,51,51,53,55,55,55,54,54,54,56,55,53,52,55,55,55,54,54,52,52,52,52,52,50,51,51,49,48,49,50,51,51,52,52,52,53,53,51,49,46,45,45,44,45,47,48,49,49,50,52,51,48,47,48,49,50,52,54,54,54,54,54,54,55,56,56,56,56,55,55,53,53,53,53,53,54,54,54,55,55,53,52,53,54,57,55,57,52,50,48,54,47,42,37,37,38,72,113,156,187,206,218,210,201,0,0,0,0,0,0,0,0,0,0,0,0,0,0,0,0,0,0,0,0,0,0,0,0,0,0,0,0,0,0,0,0,0,0,0,0,0,0,0,0,0,0,0,0,0,0,0,0,0,0,0,0
0,0,0,0,0,0,0,0,0,0,0,0,0,0,0,0,0,0,0,0,0,0,0,0,0,0,0,0,0,0,0,0,0,0,0,0,0,0,0,0,0,0,0,0,0,0,0,0,0,0,0,0,253,252,243,204,147,97,51,34,39,40,44,48,55,57,57,58,56,57,57,58,56,54,54,54,54,55,56,55,56,55,55,55,54,54,53,53,51,53,53,51,50,51,52,53,53,53,53,52,52,52,52,51,51,52,52,53,53,53,53,54,54,54,55,53,52,51,53,54,55,56,57,58,57,58,56,55,55,55,54,54,54,56,55,54,54,55,55,53,52,53,54,55,56,56,57,57,53,54,51,53,56,53,44,42,37,36,44,74,106,141,175,197,224,223,206,0,0,0,0,0,0,0,0,0,0,0,0,0,0,0,0,0,0,0,0,0,0,0,0,0,0,0,0,0,0,0,0,0,0,0,0,0,0,0,0,0,0,0,0,0,0,0,0,0,0,0,0,0,0
0,0,0,0,0,0,0,0,0,0,0,0,0,0,0,0,0,0,0,0,0,0,0,0,0,0,0,0,0,0,0,0,0,0,0,0,0,0,0,0,0,0,0,0,0,0,0,0,0,0,0,0,0,252,250,244,219,191,145,105,60,44,41,43,51,53,57,57,60,59,58,57,54,54,54,54,55,56,55,54,54,54,53,54,53,53,53,52,52,54,53,52,51,52,53,55,54,53,53,52,50,49,50,51,51,52,53,53,56,55,54,54,53,53,53,52,53,52,53,54,55,54,55,56,59,58,55,54,53,54,54,55,55,55,55,57,54,55,56,53,52,53,54,54,55,57,57,57,52,52,48,48,44,42,38,37,36,61,94,130,175,204,218,224,224,0,0,0,0,0,0,0,0,0,0,0,0,0,0,0,0,0,0,0,0,0,0,0,0,0,0,0,0,0,0,0,0,0,0,0,0,0,0,0,0,0,0,0,0,0,0,0,0,0,0,0,0,0,0,0,0
0,0,0,0,0,0,0,0,0,0,0,0,0,0,0,0,0,0,0,0,0,0,0,0,0,0,0,0,0,0,0,0,0,0,0,0,0,0,0,0,0,0,0,0,0,0,0,0,0,0,0,0,0,0,0,247,254,250,239,206,140,86,43,32,35,38,43,45,50,53,55,54,54,54,54,53,53,54,55,55,54,52,51,51,52,53,53,53,52,54,54,53,53,54,55,57,56,55,53,52,50,50,50,51,51,52,53,54,57,56,54,53,53,53,53,51,51,51,51,51,51,51,52,52,53,53,52,51,51,52,53,54,58,55,55,57,55,55,57,54,54,54,54,55,55,57,56,55,49,48,41,41,35,32,31,45,77,118,150,194,229,232,214,0,0,0,0,0,0,0,0,0,0,0,0,0,0,0,0,0,0,0,0,0,0,0,0,0,0,0,0,0,0,0,0,0,0,0,0,0,0,0,0,0,0,0,0,0,0,0,0,0,0,0,0,0,0,0,0,0,0
0,0,0,0,0,0,0,0,0,0,0,0,0,0,0,0,0,0,0,0,0,0,0,0,0,0,0,0,0,0,0,0,0,0,0,0,0,0,0,0,0,0,0,0,0,0,0,0,0,0,0,0,0,0,0,0,0,245,241,238,224,181,138,96,63,41,41,38,41,44,49,54,54,54,55,56,55,53,54,54,52,53,52,52,51,53,54,53,52,54,54,54,53,54,55,56,55,53,52,51,50,49,50,50,51,52,52,53,54,54,53,53,53,53,53,51,52,52,51,51,51,51,51,51,51,51,52,54,53,53,52,54,54,55,55,55,55,54,55,54,54,55,55,55,53,58,55,52,44,40,37,36,40,42,68,106,158,194,220,213,221,0,0,0,0,0,0,0,0,0,0,0,0,0,0,0,0,0,0,0,0,0,0,0,0,0,0,0,0,0,0,0,0,0,0,0,0,0,0,0,0,0,0,0,0,0,0,0,0,0,0,0,0,0,0,0,0,0,0,0,0
0,0,0,0,0,0,0,0,0,0,0,0,0,0,0,0,0,0,0,0,0,0,0,0,0,0,0,0,0,0,0,0,0,0,0,0,0,0,0,0,0,0,0,0,0,0,0,0,0,0,0,0,0,0,0,0,0,0,0,254,254,250,230,179,113,60,29,30,34,37,40,42,46,48,52,51,52,52,54,54,53,52,53,51,50,52,56,54,52,53,54,55,54,55,55,55,54,53,53,52,52,52,52,52,52,52,52,53,53,53,53,53,52,52,52,52,52,52,52,52,52,52,51,50,50,51,51,53,52,51,50,50,52,53,52,52,52,52,54,53,52,52,51,50,45,44,41,40,40,38,36,58,90,126,171,207,213,229,237,0,0,0,0,0,0,0,0,0,0,0,0,0,0,0,0,0,0,0,0,0,0,0,0,0,0,0,0,0,0,0,0,0,0,0,0,0,0,0,0,0,0,0,0,0,0,0,0,0,0,0,0,0,0,0,0,0,0,0,0,0,0
0,0,0,0,0,0,0,0,0,0,0,0,0,0,0,0,0,0,0,0,0,0,0,0,0,0,0,0,0,0,0,0,0,0,0,0,0,0,0,0,0,0,0,0,0,0,0,0,0,0,0,0,0,0,0,0,0,0,0,0,243,253,248,234,209,177,133,92,54,43,42,39,41,46,50,52,54,54,56,57,54,51,51,50,50,54,57,55,52,51,52,53,54,55,55,54,54,54,54,54,53,54,54,55,55,54,54,53,54,53,53,53,53,53,53,53,52,53,52,52,52,52,51,51,51,51,51,52,51,50,49,50,51,50,49,50,51,53,54,52,51,52,49,48,47,39,35,33,43,65,93,127,158,190,210,223,225,0,0,0,0,0,0,0,0,0,0,0,0,0,0,0,0,0,0,0,0,0,0,0,0,0,0,0,0,0,0,0,0,0,0,0,0,0,0,0,0,0,0,0,0,0,0,0,0,0,0,0,0,0,0,0,0,0,0,0,0,0,0,0,0
0,0,0,0,0,0,0,0,0,0,0,0,0,0,0,0,0,0,0,0,0,0,0,0,0,0,0,0,0,0,0,0,0,0,0,0,0,0,0,0,0,0,0,0,0,0,0,0,0,0,0,0,0,0,0,0,0,0,0,0,0,0,246,248,251,250,241,201,153,86,45,30,31,34,39,41,44,46,47,48,49,48,50,51,54,60,62,57,52,51,52,52,54,54,54,55,55,55,55,54,54,55,55,56,56,56,55,55,55,55,55,55,55,54,54,54,54,54,53,53,52,52,51,51,49,49,49,51,51,52,52,52,51,52,51,50,49,53,51,46,41,38,34,35,40,30,44,81,109,154,196,215,231,240,230,0,0,0,0,0,0,0,0,0,0,0,0,0,0,0,0,0,0,0,0,0,0,0,0,0,0,0,0,0,0,0,0,0,0,0,0,0,0,0,0,0,0,0,0,0,0,0,0,0,0,0,0,0,0,0,0,0,0,0,0,0,0,0,0,0,0
0,0,0,0,0,0,0,0,0,0,0,0,0,0,0,0,0,0,0,0,0,0,0,0,0,0,0,0,0,0,0,0,0,0,0,0,0,0,0,0,0,0,0,0,0,0,0,0,0,0,0,0,0,0,0,0,0,0,0,0,0,0,0,0,248,248,253,252,234,215,169,133,106,73,47,38,42,44,45,43,44,45,48,50,51,51,53,54,53,52,53,55,54,54,55,56,56,56,55,54,54,54,54,54,54,55,55,55,55,55,56,56,56,55,55,54,53,53,52,52,51,51,50,50,48,48,48,49,48,49,48,48,52,50,54,53,52,49,45,39,35,35,31,41,60,91,144,178,202,219,232,227,228,223,0,0,0,0,0,0,0,0,0,0,0,0,0,0,0,0,0,0,0,0,0,0,0,0,0,0,0,0,0,0,0,0,0,0,0,0,0,0,0,0,0,0,0,0,0,0,0,0,0,0,0,0,0,0,0,0,0,0,0,0,0,0,0,0,0,0,0
0,0,0,0,0,0,0,0,0,0,0,0,0,0,0,0,0,0,0,0,0,0,0,0,0,0,0,0,0,0,0,0,0,0,0,0,0,0,0,0,0,0,0,0,0,0,0,0,0,0,0,0,0,0,0,0,0,0,0,0,0,0,0,0,0,0,243,249,252,251,251,232,197,144,84,44,28,29,33,36,40,41,42,44,44,45,45,46,51,56,58,57,55,55,55,55,55,55,55,55,54,54,54,54,54,54,54,55,55,54,54,54,54,53,53,53,52,52,51,51,50,50,49,49,46,46,46,47,46,46,45,45,42,42,41,41,37,36,34,32,39,59,88,117,155,187,208,232,232,236,235,219,0,0,0,0,0,0,0,0,0,0,0,0,0,0,0,0,0,0,0,0,0,0,0,0,0,0,0,0,0,0,0,0,0,0,0,0,0,0,0,0,0,0,0,0,0,0,0,0,0,0,0,0,0,0,0,0,0,0,0,0,0,0,0,0,0,0,0,0,0
0,0,0,0,0,0,0,0,0,0,0,0,0,0,0,0,0,0,0,0,0,0,0,0,0,0,0,0,0,0,0,0,0,0,0,0,0,0,0,0,0,0,0,0,0,0,0,0,0,0,0,0,0,0,0,0,0,0,0,0,0,0,0,0,0,0,0,0,245,249,251,254,249,240,217,187,141,110,88,69,48,42,43,42,43,41,40,43,47,49,50,51,51,51,52,52,52,53,53,54,54,55,56,57,57,56,55,55,55,54,54,54,54,54,53,53,52,52,52,52,51,51,50,50,49,48,47,47,45,43,40,39,38,39,38,41,35,38,56,78,117,144,168,194,222,231,240,243,238,0,0,0,0,0,0,0,0,0,0,0,0,0,0,0,0,0,0,0,0,0,0,0,0,0,0,0,0,0,0,0,0,0,0,0,0,0,0,0,0,0,0,0,0,0,0,0,0,0,0,0,0,0,0,0,0,0,0,0,0,0,0,0,0,0,0,0,0,0,0,0,0
0,0,0,0,0,0,0,0,0,0,0,0,0,0,0,0,0,0,0,0,0,0,0,0,0,0,0,0,0,0,0,0,0,0,0,0,0,0,0,0,0,0,0,0,0,0,0,0,0,0,0,0,0,0,0,0,0,0,0,0,0,0,0,0,0,0,0,0,0,0,0,242,249,252,252,251,248,233,194,153,112,73,38,27,42,38,36,38,43,46,45,45,45,45,46,46,47,47,48,48,49,49,51,52,52,52,51,50,50,50,49,49,49,50,49,48,47,46,45,45,44,44,43,43,45,41,38,35,34,33,33,34,33,41,55,72,104,129,167,188,208,229,239,241,242,240,0,0,0,0,0,0,0,0,0,0,0,0,0,0,0,0,0,0,0,0,0,0,0,0,0,0,0,0,0,0,0,0,0,0,0,0,0,0,0,0,0,0,0,0,0,0,0,0,0,0,0,0,0,0,0,0,0,0,0,0,0,0,0,0,0,0,0,0,0,0,0,0,0,0,0
0,0,0,0,0,0,0,0,0,0,0,0,0,0,0,0,0,0,0,0,0,0,0,0,0,0,0,0,0,0,0,0,0,0,0,0,0,0,0,0,0,0,0,0,0,0,0,0,0,0,0,0,0,0,0,0,0,0,0,0,0,0,0,0,0,0,0,0,0,0,0,0,0,0,250,253,253,254,249,244,234,225,201,167,124,100,80,77,76,65,51,44,42,43,44,44,44,44,45,45,47,47,47,46,47,47,48,48,48,48,48,48,48,48,47,47,44,43,41,41,40,40,39,39,36,35,33,31,31,38,50,62,99,124,145,169,194,211,225,231,240,242,241,0,0,0,0,0,0,0,0,0,0,0,0,0,0,0,0,0,0,0,0,0,0,0,0,0,0,0,0,0,0,0,0,0,0,0,0,0,0,0,0,0,0,0,0,0,0,0,0,0,0,0,0,0,0,0,0,0,0,0,0,0,0,0,0,0,0,0,0,0,0,0,0,0,0,0,0,0,0
0,0,0,0,0,0,0,0,0,0,0,0,0,0,0,0,0,0,0,0,0,0,0,0,0,0,0,0,0,0,0,0,0,0,0,0,0,0,0,0,0,0,0,0,0,0,0,0,0,0,0,0,0,0,0,0,0,0,0,0,0,0,0,0,0,0,0,0,0,0,0,0,0,0,0,0,0,245,250,250,254,250,250,246,249,233,202,166,138,132,112,89,110,97,73,52,42,41,45,44,42,39,38,37,37,39,43,39,39,39,40,39,39,40,39,38,35,33,32,31,31,32,38,45,50,60,69,79,99,124,147,174,183,210,229,234,244,242,244,249,0,0,0,0,0,0,0,0,0,0,0,0,0,0,0,0,0,0,0,0,0,0,0,0,0,0,0,0,0,0,0,0,0,0,0,0,0,0,0,0,0,0,0,0,0,0,0,0,0,0,0,0,0,0,0,0,0,0,0,0,0,0,0,0,0,0,0,0,0,0,0,0,0,0,0,0,0,0,0,0,0
0,0,0,0,0,0,0,0,0,0,0,0,0,0,0,0,0,0,0,0,0,0,0,0,0,0,0,0,0,0,0,0,0,0,0,0,0,0,0,0,0,0,0,0,0,0,0,0,0,0,0,0,0,0,0,0,0,0,0,0,0,0,0,0,0,0,0,0,0,0,0,0,0,0,0,0,0,0,0,0,248,250,251,251,253,255,253,250,248,250,248,246,239,234,219,205,189,169,142,109,91,66,50,38,34,35,36,37,35,37,35,33,34,36,32,33,34,42,50,58,70,83,104,128,140,148,165,185,212,222,228,236,238,243,246,252,252,0,0,0,0,0,0,0,0,0,0,0,0,0,0,0,0,0,0,0,0,0,0,0,0,0,0,0,0,0,0,0,0,0,0,0,0,0,0,0,0,0,0,0,0,0,0,0,0,0,0,0,0,0,0,0,0,0,0,0,0,0,0,0,0,0,0,0,0,0,0,0,0,0,0,0,0,0,0,0,0,0,0,0,0
0,0,0,0,0,0,0,0,0,0,0,0,0,0,0,0,0,0,0,0,0,0,0,0,0,0,0,0,0,0,0,0,0,0,0,0,0,0,0,0,0,0,0,0,0,0,0,0,0,0,0,0,0,0,0,0,0,0,0,0,0,0,0,0,0,0,0,0,0,0,0,0,0,0,0,0,0,0,0,0,0,0,0,246,250,252,253,252,254,255,254,253,253,252,252,251,249,248,234,211,190,167,149,135,131,127,117,117,124,131,132,127,124,121,118,121,163,158,164,174,188,203,220,228,231,232,241,245,251,250,252,252,247,240,0,0,0,0,0,0,0,0,0,0,0,0,0,0,0,0,0,0,0,0,0,0,0,0,0,0,0,0,0,0,0,0,0,0,0,0,0,0,0,0,0,0,0,0,0,0,0,0,0,0,0,0,0,0,0,0,0,0,0,0,0,0,0,0,0,0,0,0,0,0,0,0,0,0,0,0,0,0,0,0,0,0,0,0,0,0,0
0,0,0,0,0,0,0,0,0,0,0,0,0,0,0,0,0,0,0,0,0,0,0,0,0,0,0,0,0,0,0,0,0,0,0,0,0,0,0,0,0,0,0,0,0,0,0,0,0,0,0,0,0,0,0,0,0,0,0,0,0,0,0,0,0,0,0,0,0,0,0,0,0,0,0,0,0,0,0,0,0,0,0,0,0,0,248,249,252,252,253,253,254,254,253,255,254,253,252,246,247,241,237,234,231,233,234,233,229,229,227,226,223,222,224,227,231,233,239,242,244,245,245,244,241,235,242,246,250,251,245,0,0,0,0,0,0,0,0,0,0,0,0,0,0,0,0,0,0,0,0,0,0,0,0,0,0,0,0,0,0,0,0,0,0,0,0,0,0,0,0,0,0,0,0,0,0,0,0,0,0,0,0,0,0,0,0,0,0,0,0,0,0,0,0,0,0,0,0,0,0,0,0,0,0,0,0,0,0,0,0,0,0,0,0,0,0,0,0,0,0
0,0,0,0,0,0,0,0,0,0,0,0,0,0,0,0,0,0,0,0,0,0,0,0,0,0,0,0,0,0,0,0,0,0,0,0,0,0,0,0,0,0,0,0,0,0,0,0,0,0,0,0,0,0,0,0,0,0,0,0,0,0,0,0,0,0,0,0,0,0,0,0,0,0,0,0,0,0,0,0,0,0,0,0,0,0,0,0,0,0,0,0,0,0,0,0,0,254,254,254,254,254,253,253,253,252,252,252,251,251,250,251,250,250,250,251,250,250,251,253,253,0,0,0,0,0,0,0,0,0,0,0,0,0,0,0,0,0,0,0,0,0,0,0,0,0,0,0,0,0,0,0,0,0,0,0,0,0,0,0,0,0,0,0,0,0,0,0,0,0,0,0,0,0,0,0,0,0,0,0,0,0,0,0,0,0,0,0,0,0,0,0,0,0,0,0,0,0,0,0,0,0,0,0,0,0,0,0,0,0,0,0,0,0,0,0,0,0,0,0,0
0,0,0,0,0,0,0,0,0,0,0,0,0,0,0,0,0,0,0,0,0,0,0,0,0,0,0,0,0,0,0,0,0,0,0,0,0,0,0,0,0,0,0,0,0,0,0,0,0,0,0,0,0,0,0,0,0,0,0,0,0,0,0,0,0,0,0,0,0,0,0,0,0,0,0,0,0,0,0,0,0,0,0,0,0,0,0,0,0,0,0,0,0,0,0,0,0,0,0,0,0,0,0,0,0,0,0,0,249,250,0,0,0,0,0,0,0,0,0,0,0,0,0,0,0,0,0,0,0,0,0,0,0,0,0,0,0,0,0,0,0,0,0,0,0,0,0,0,0,0,0,0,0,0,0,0,0,0,0,0,0,0,0,0,0,0,0,0,0,0,0,0,0,0,0,0,0,0,0,0,0,0,0,0,0,0,0,0,0,0,0,0,0,0,0,0,0,0,0,0,0,0,0,0,0,0,0,0,0,0,0,0,0,0,0,0,0,0,0,0,0
