0,0,0,0,0,0,0,0,0,0,0,0,0,0,0,0,0,0,0,0,0,0,0,0,0,0,0,0,0,0,0,0,0,0,0,0,0,0,0,0,0,0,0,0,0,0,0,0,0,0,0,0,0,0,0,0,0,0,0,0,0,0,0,0,0,0,0,0,0,0,0,0,0,0,0,0,0,0,0,0,0,0,0,0,0,0,0,0,0,0,0
0,78,57,51,31,27,19,22,18,16,20,23,23,21,22,23,22,21,22,18,17,21,21,23,28,30,29,29,29,28,30,32,30,31,31,35,39,40,38,39,36,37,39,35,33,32,31,37,41,41,42,41,41,45,46,50,55,58,63,65,66,69,72,74,77,79,77,76,76,76,77,78,79,81,84,82,82,84,83,86,95,115,124,111,113,119,152,111,100,0,0
0,94,86,79,79,79,79,71,65,69,73,73,72,74,72,72,72,71,70,71,72,73,73,75,77,77,77,73,71,72,72,72,68,65,69,78,78,78,78,79,75,74,74,75,78,78,78,83,83,81,81,81,87,92,94,96,96,95,98,101,102,103,104,105,104,102,106,105,103,103,102,103,104,104,107,95,102,108,106,104,103,103,111,115,111,137,186,129,95,0,0
0,101,101,94,91,94,98,95,92,94,93,94,94,94,93,95,94,94,94,94,93,93,92,91,94,92,93,96,96,95,91,89,89,88,89,90,87,87,87,84,86,86,87,89,91,92,93,97,97,98,99,98,98,97,99,105,103,100,97,97,102,104,108,108,104,103,104,106,104,107,107,105,107,106,107,114,115,105,107,109,111,114,109,108,116,117,179,119,95,0,0
0,96,101,105,103,100,98,95,98,100,94,94,95,95,96,97,98,98,98,97,98,97,95,93,92,92,94,96,94,91,93,94,92,92,92,92,90,93,94,91,89,88,89,91,92,94,95,98,99,101,101,101,99,98,98,104,102,101,98,99,106,104,107,105,105,106,106,108,101,104,104,100,101,98,103,106,107,108,104,105,112,110,118,110,114,132,194,114,97,0,0
0,93,95,102,103,100,95,96,98,102,92,93,95,97,98,96,98,98,98,99,99,100,99,97,97,98,100,101,100,100,100,98,96,94,94,97,97,97,97,96,93,92,95,96,97,98,98,99,99,100,98,98,101,104,101,102,102,103,101,101,107,105,105,104,103,103,106,105,98,101,103,101,101,101,98,109,110,106,109,106,106,108,114,112,112,124,187,127,97,0,0
0,89,90,95,100,104,99,99,101,103,93,96,97,100,100,99,97,96,98,100,100,100,100,98,99,98,98,98,100,102,101,99,100,99,99,101,101,99,99,99,97,97,100,102,101,100,99,98,101,101,99,99,102,105,102,101,104,105,103,101,107,108,104,105,104,100,107,106,105,109,111,108,109,108,106,109,112,112,114,112,107,107,104,112,118,121,187,141,95,0,0
0,95,101,102,98,94,93,100,103,100,94,98,99,100,99,99,99,96,98,101,103,103,100,96,97,95,98,99,99,99,98,101,99,101,101,97,96,98,101,103,100,98,100,102,102,101,100,100,101,102,104,104,103,103,101,103,104,103,102,104,111,111,105,107,103,99,108,105,106,109,111,108,106,104,104,109,112,107,108,106,111,114,106,110,116,122,183,154,96,0,0
0,94,102,105,100,91,92,97,103,97,98,101,103,101,99,99,98,97,99,101,102,101,99,94,93,93,100,103,103,100,93,97,100,101,99,94,93,94,98,101,97,94,96,98,100,100,100,102,101,102,105,105,104,103,103,104,106,104,103,104,111,109,106,109,104,102,109,105,103,108,112,111,111,110,105,111,110,103,110,106,104,115,107,112,113,123,179,153,99,0,0
0,96,97,94,91,92,98,101,99,93,100,100,104,101,98,96,96,99,104,103,98,97,98,97,96,94,100,99,99,98,92,100,101,98,96,97,99,97,99,103,101,98,99,102,104,102,101,102,102,101,103,102,103,105,105,101,104,108,107,101,106,104,105,105,103,105,111,110,105,110,111,108,108,104,97,106,106,104,109,99,99,104,104,110,111,118,176,158,103,0,0
0,97,95,96,101,93,93,97,98,94,97,93,102,102,93,89,92,101,106,103,105,98,96,100,97,94,100,103,98,93,93,96,94,88,91,94,88,91,91,101,85,103,105,100,99,95,95,101,101,95,95,92,104,105,105,90,97,105,109,104,99,96,98,93,91,90,100,107,104,115,106,99,95,91,90,97,106,111,110,88,85,92,104,108,110,119,181,170,100,0,0
0,97,98,99,100,87,78,81,84,87,74,73,89,97,75,68,77,100,100,98,90,68,65,68,75,75,87,95,93,77,69,73,71,64,78,89,88,83,56,63,64,65,68,70,64,55,67,94,99,72,65,74,102,98,78,58,46,61,81,93,97,78,52,52,57,68,70,85,100,110,89,69,59,53,48,54,94,106,105,73,58,71,104,112,115,120,176,175,95,0,0
0,99,97,97,91,70,55,58,58,66,51,54,76,91,55,45,64,96,95,91,78,45,46,48,46,45,50,74,73,45,38,48,44,45,47,77,85,65,45,47,52,54,72,79,54,39,58,79,82,45,34,61,100,86,58,37,40,46,51,64,79,79,43,43,40,41,48,42,85,109,85,45,49,46,44,51,73,99,105,65,40,50,84,111,109,125,166,196,98,0,0
0,98,93,94,91,66,44,42,40,44,38,39,64,85,49,37,53,87,95,91,78,41,44,48,68,49,44,61,71,41,41,58,69,45,33,54,85,52,33,49,70,84,97,94,61,40,61,84,79,48,37,53,86,72,47,40,50,55,38,46,78,87,38,38,45,63,48,45,62,102,88,38,44,40,38,38,68,90,98,69,44,56,88,111,116,122,162,194,103,0,0
0,89,89,94,93,71,47,39,36,35,36,37,62,88,53,35,51,86,98,98,87,44,38,39,49,49,42,54,65,44,42,41,37,39,41,60,86,62,43,49,39,57,83,87,55,39,50,51,50,44,38,56,87,61,46,52,62,68,46,43,78,90,36,36,50,85,49,43,57,95,69,34,43,59,55,40,43,78,93,81,51,57,94,105,107,117,157,198,99,0,0
0,90,100,105,102,79,54,45,41,42,35,36,63,91,59,39,44,83,93,98,91,50,38,39,42,40,49,70,85,47,34,39,37,39,34,65,102,65,27,37,36,57,86,86,58,37,36,44,48,43,43,54,80,68,53,42,58,54,37,43,75,94,46,54,48,76,42,45,60,88,68,41,47,61,61,46,36,65,90,101,70,69,106,115,110,114,156,206,95,0,0
0,97,105,108,104,83,54,41,39,43,36,37,61,85,51,35,45,82,92,96,90,53,41,43,62,79,90,100,97,54,37,45,53,61,40,50,76,70,45,55,68,83,91,81,65,49,52,78,79,60,40,48,85,78,56,29,43,46,42,58,88,97,40,39,42,49,41,48,70,78,58,44,40,48,54,48,37,55,81,97,67,68,103,114,108,118,151,212,101,0,0
0,0,98,93,90,78,50,36,45,50,47,44,64,82,49,42,55,82,94,96,95,63,46,42,71,90,98,98,96,62,47,59,77,68,40,37,65,69,45,41,39,42,49,59,55,35,42,79,98,62,44,55,91,95,74,37,39,38,50,72,101,96,53,43,44,36,55,61,82,71,40,50,62,85,100,82,56,62,86,97,70,77,102,113,109,116,148,214,111,0,0
0,0,96,92,94,84,64,54,59,61,61,56,68,89,78,56,62,81,94,93,90,77,63,67,80,95,99,97,100,76,57,68,80,79,60,62,77,79,61,56,58,58,65,75,74,69,69,81,84,77,68,77,92,98,86,73,71,68,83,91,100,98,86,76,77,78,82,89,100,91,81,88,97,104,109,104,88,88,96,100,92,92,101,106,109,118,146,208,119,0,0
0,0,98,99,101,96,87,83,86,90,93,89,89,98,93,83,84,92,97,95,94,91,86,88,90,98,102,96,100,86,84,92,98,94,90,91,103,94,93,90,92,93,97,99,99,99,98,102,108,103,99,105,111,110,102,96,99,99,100,99,105,99,109,99,96,109,99,110,104,104,103,103,104,108,106,102,99,102,103,102,101,101,103,104,108,118,143,205,118,0,0
0,0,101,101,99,99,98,96,99,101,103,99,94,96,98,99,98,98,99,97,96,99,102,100,98,102,104,99,104,103,101,97,95,93,96,97,104,100,104,98,101,102,105,106,106,106,106,106,105,102,100,100,104,106,104,102,105,103,104,104,104,99,109,104,104,114,106,107,108,104,103,104,104,106,104,104,106,108,108,109,105,104,102,101,106,117,140,198,115,0,0
0,0,100,98,97,99,98,98,98,97,97,97,96,98,100,99,100,98,99,100,97,100,103,99,97,95,100,96,102,103,100,97,98,98,100,101,105,105,106,104,103,102,103,105,105,105,106,106,100,99,99,98,103,109,109,109,103,101,105,103,106,105,106,100,99,105,110,107,106,107,105,104,103,102,104,108,108,107,109,109,107,105,105,106,107,119,141,192,119,0,0
0,0,102,106,105,100,97,100,103,100,98,99,99,100,103,101,102,99,99,99,98,100,103,99,97,95,101,97,98,96,101,103,105,106,111,103,104,103,105,105,104,102,101,101,101,101,103,102,102,102,102,101,104,107,105,106,105,104,105,100,107,104,110,106,102,107,111,111,107,108,106,106,104,101,103,109,110,109,109,108,107,107,109,110,108,118,138,187,143,103,0
0,0,95,101,100,97,98,101,99,100,104,105,101,98,99,100,100,101,103,103,101,102,102,100,97,96,97,102,101,98,103,103,100,101,108,101,98,101,99,99,101,104,103,103,101,99,101,100,102,103,104,104,104,105,103,100,99,104,108,108,104,101,104,106,111,111,110,105,107,105,105,106,107,110,107,105,107,109,107,104,106,109,111,110,109,115,133,184,144,104,0
0,0,90,94,95,98,99,97,94,94,98,98,94,92,94,97,99,98,99,98,96,93,92,95,98,96,94,97,97,94,98,104,106,107,109,104,94,98,98,105,107,108,102,101,98,97,102,105,105,101,100,100,99,103,104,97,91,96,102,111,93,92,88,98,100,98,94,89,89,97,105,103,96,108,105,102,107,113,111,108,106,110,112,112,112,117,133,180,153,115,0
0,0,101,99,95,97,101,101,99,96,99,97,97,99,99,98,92,78,69,64,62,62,66,77,85,93,97,70,69,63,72,83,93,99,93,75,56,59,65,79,81,76,59,52,50,56,65,70,62,50,48,51,55,66,82,81,70,58,59,82,63,54,57,81,95,79,48,37,47,66,97,110,87,105,109,106,108,114,112,109,105,107,111,111,111,116,131,171,144,119,0
0,0,101,99,96,101,100,100,98,99,100,101,99,100,102,97,81,56,31,22,25,22,25,39,83,95,64,17,23,31,35,49,80,87,52,29,19,18,34,34,83,60,22,22,21,31,67,68,26,8,21,33,22,22,60,87,55,18,32,52,25,25,47,84,76,53,18,21,14,26,71,116,91,111,113,104,100,107,111,106,104,109,106,105,111,117,126,160,157,106,0
0,0,92,94,100,105,100,98,99,99,101,103,103,102,100,94,83,75,67,50,29,21,38,71,87,91,65,6,15,19,14,39,79,91,53,21,24,52,77,80,96,57,6,21,54,73,88,69,35,18,26,41,33,20,48,79,49,14,4,17,19,19,34,68,66,30,16,29,25,14,37,74,92,106,105,102,101,103,105,104,105,106,104,104,113,119,124,149,151,87,0
0,0,83,88,96,100,96,96,98,98,97,99,101,102,102,99,98,100,97,66,29,18,46,89,101,88,46,4,21,34,14,24,74,83,52,18,24,35,55,65,70,67,32,22,28,40,78,91,38,12,22,38,20,11,48,69,53,11,13,17,24,9,25,64,71,20,21,46,33,23,27,50,97,108,109,108,105,106,106,106,104,106,107,105,111,117,125,146,166,89,0
0,0,89,94,96,96,93,94,97,97,97,98,99,101,102,100,98,100,85,44,16,24,58,92,107,85,28,6,16,32,23,20,40,79,81,49,30,10,22,35,59,62,25,9,21,38,71,82,35,9,9,29,35,23,43,70,58,9,11,18,16,14,22,51,69,25,23,32,26,22,27,51,108,111,107,105,103,107,107,105,106,108,107,104,108,115,123,143,173,94,0
0,0,100,105,104,98,93,95,98,97,99,100,101,102,102,100,100,97,72,30,21,44,76,92,77,65,19,9,16,21,25,19,49,68,74,72,56,23,14,29,69,65,29,29,58,74,87,81,44,17,35,51,29,13,37,55,56,22,8,18,26,26,21,56,79,39,14,13,14,16,33,69,113,107,102,104,103,107,109,108,109,111,107,105,107,114,118,137,175,91,0
0,0,98,103,104,95,91,98,99,97,99,102,104,104,102,99,96,89,55,17,15,24,36,43,41,42,9,13,42,44,43,21,18,43,53,35,19,12,13,27,56,58,32,20,20,23,49,62,51,32,21,19,21,21,34,53,59,26,25,38,51,36,26,59,95,76,39,28,10,31,59,89,109,104,104,107,106,108,108,106,108,112,108,106,107,112,116,136,184,92,0
0,0,89,97,100,93,92,99,99,97,100,104,105,104,100,96,84,76,52,32,32,31,29,35,51,55,43,48,86,88,76,50,40,39,43,40,41,37,39,59,88,79,52,42,33,32,51,56,54,48,51,52,48,55,77,94,79,50,63,75,72,64,58,71,108,105,79,68,57,67,89,98,108,107,107,106,109,110,107,103,105,108,105,102,105,110,115,133,177,87,0
0,0,87,101,105,98,96,98,99,96,99,103,103,104,102,98,94,92,93,93,92,95,93,92,91,86,98,81,105,107,99,97,103,106,103,94,90,91,89,98,113,106,93,98,90,85,97,95,95,100,98,99,103,97,94,101,106,106,100,101,108,108,99,108,104,104,98,97,104,95,108,103,99,103,105,103,108,109,106,106,105,107,105,101,103,108,114,129,179,93,0
0,0,92,102,104,98,98,98,99,96,99,102,101,102,102,100,102,99,104,106,98,98,103,103,92,98,102,96,97,102,102,99,98,103,95,100,109,106,102,111,108,103,99,99,98,101,103,98,99,100,105,109,101,96,105,109,105,95,101,96,101,95,108,102,106,109,114,108,105,109,108,100,98,103,107,105,105,109,109,108,106,108,109,108,106,109,114,120,182,98,0
0,0,97,103,106,110,103,97,98,97,97,97,100,101,100,101,100,102,101,103,98,95,96,99,100,91,103,95,90,96,96,95,95,96,98,100,102,92,93,101,100,101,101,104,98,97,103,96,103,102,103,98,94,106,106,79,64,69,93,108,97,97,78,66,64,84,99,104,105,100,103,98,97,104,109,106,106,109,109,107,106,107,109,108,106,109,114,121,194,112,0
0,0,0,107,104,103,97,89,97,98,96,96,100,102,102,101,101,101,100,96,94,99,97,91,98,90,86,101,90,95,97,90,87,84,91,101,96,92,102,102,97,95,112,107,99,105,97,88,86,98,94,88,93,95,88,85,57,70,85,102,99,96,75,70,76,90,100,95,81,76,76,87,95,103,109,107,105,108,109,107,106,107,109,108,106,109,114,120,191,115,0
0,0,0,98,97,103,103,94,97,95,96,100,101,103,105,100,96,97,60,28,33,37,40,44,72,57,29,32,36,53,72,55,33,43,75,66,43,30,59,71,36,32,49,94,107,92,76,35,31,70,69,29,34,86,90,42,15,11,30,64,92,75,26,23,26,45,68,61,27,20,28,41,94,104,110,107,105,108,109,106,106,107,109,108,106,109,114,120,188,124,0
0,0,0,103,107,102,97,101,98,95,98,104,101,100,103,99,98,88,64,38,24,15,25,49,61,68,34,24,40,40,56,33,14,16,27,36,16,11,45,82,41,32,65,99,110,92,56,29,47,48,29,22,47,59,41,26,31,57,69,73,63,28,11,18,24,37,71,56,20,27,67,93,94,105,110,107,105,108,109,106,106,108,109,108,106,110,115,121,191,143,0
0,0,0,84,99,101,100,102,100,99,100,101,98,95,96,97,98,91,85,83,52,28,48,78,94,67,19,25,57,80,91,47,18,18,16,18,19,20,41,90,38,21,49,103,117,99,76,29,22,51,52,22,30,65,63,31,17,25,61,79,85,28,16,38,65,70,90,56,11,13,47,73,94,104,109,107,105,108,109,106,106,108,109,108,106,109,115,121,178,148,0
0,0,0,96,109,99,96,98,99,101,100,97,96,95,94,96,102,103,95,68,32,25,57,92,95,75,20,20,40,42,73,59,14,7,33,30,21,24,38,83,42,15,51,93,104,95,65,25,25,57,63,29,27,60,73,54,25,21,15,28,48,30,29,44,56,59,82,68,25,13,42,67,94,104,109,106,105,108,109,106,108,108,109,109,106,108,114,121,166,148,0
0,0,0,87,98,100,95,97,100,102,101,97,99,102,99,99,103,109,92,55,34,35,68,91,87,65,19,13,41,64,95,59,22,39,69,71,44,28,39,83,51,23,36,76,96,88,69,23,21,47,65,42,33,57,76,64,60,28,27,40,76,38,21,23,20,21,68,57,21,24,54,67,94,104,109,107,105,108,109,106,108,108,109,110,107,108,113,122,171,160,0
0,0,0,94,97,101,99,97,101,104,100,101,103,102,103,101,101,99,84,50,19,15,21,36,57,69,44,15,20,24,55,60,27,34,70,86,45,21,35,72,56,35,25,27,31,39,38,23,35,60,65,41,35,55,58,41,28,22,29,58,87,65,42,26,12,33,68,65,18,14,26,43,103,103,104,106,108,110,111,112,109,106,108,110,107,106,113,120,170,175,0
0,0,0,93,92,93,95,101,102,101,97,102,105,101,99,99,96,95,81,63,56,57,59,69,75,71,61,57,62,72,83,69,63,78,94,88,76,73,81,80,75,67,63,68,73,77,77,74,78,92,89,76,76,83,82,81,81,82,87,93,101,99,89,84,81,82,88,90,85,84,84,92,100,103,105,106,108,109,109,111,108,106,108,110,107,106,112,120,175,189,0
0,0,0,99,99,99,99,100,103,102,98,103,109,104,99,97,96,97,95,98,101,91,90,100,104,102,105,92,98,91,97,102,99,97,97,99,92,102,109,99,99,98,97,99,102,98,94,94,100,101,100,101,102,99,98,101,101,103,100,98,115,102,102,111,112,109,101,94,102,105,105,104,104,106,105,106,108,109,108,110,108,106,108,110,108,105,111,120,166,188,0
0,0,0,92,100,103,99,96,99,105,107,110,114,110,105,103,102,103,99,98,102,102,105,104,105,101,105,104,103,103,98,101,104,110,115,99,101,99,106,108,106,104,102,100,99,99,101,104,107,105,105,108,104,100,102,102,104,105,106,106,107,106,103,106,105,105,105,107,109,105,106,108,107,107,106,106,107,107,107,108,108,106,107,110,108,105,111,120,162,189,0
0,0,0,106,103,98,96,96,97,97,96,101,106,103,98,99,100,100,99,99,97,98,99,97,98,97,97,96,104,104,102,98,99,101,107,105,107,108,105,106,106,105,104,103,101,102,104,106,104,108,106,104,105,107,109,106,106,104,103,102,113,112,109,106,107,108,106,104,108,109,109,109,108,108,109,108,106,105,106,107,108,106,107,110,108,105,111,120,158,193,0
0,0,0,99,99,97,99,103,102,101,99,98,97,92,90,96,104,104,101,99,98,104,104,104,100,100,97,101,105,103,104,102,101,104,103,102,108,106,103,105,106,104,102,101,102,102,104,109,108,108,105,106,109,107,106,107,109,110,106,106,110,109,112,108,107,106,105,102,106,106,107,108,109,108,109,109,106,105,106,105,107,106,108,110,107,105,111,121,153,202,98
0,0,0,98,98,99,101,100,106,107,107,105,103,98,94,95,99,105,106,105,103,106,106,107,104,103,99,105,105,99,99,100,105,111,104,98,104,100,99,104,103,104,103,100,98,99,103,109,109,103,104,110,106,97,99,109,109,106,111,110,107,108,107,111,110,108,109,108,108,107,110,109,108,108,107,106,106,105,104,105,108,106,108,110,107,105,111,119,160,222,123
0,0,0,98,97,97,101,100,101,101,103,104,105,103,99,100,99,104,106,104,99,99,103,104,98,98,98,105,107,103,100,99,102,105,101,101,108,103,99,104,105,104,103,99,98,101,105,105,105,107,109,106,103,103,103,103,104,106,108,106,105,105,106,110,110,111,108,107,108,108,109,108,106,110,109,107,108,106,105,108,109,106,108,110,108,106,111,117,150,217,126
0,0,0,89,92,94,97,98,95,94,94,100,109,110,107,100,98,103,105,100,89,90,99,101,96,94,100,104,104,102,103,104,105,105,102,96,105,102,103,102,103,104,103,101,99,100,105,105,104,102,104,103,102,104,101,100,104,104,105,105,102,103,106,108,110,110,106,106,106,106,108,108,109,106,107,106,107,110,110,110,109,108,108,111,110,111,113,110,146,198,130
0,0,0,95,100,104,106,104,106,102,99,96,98,102,102,103,106,104,103,98,92,94,103,104,99,94,100,109,96,97,100,101,98,104,103,100,103,106,106,106,109,110,105,101,102,100,103,104,103,100,100,103,106,107,104,104,105,105,101,102,103,104,105,104,103,104,103,106,110,112,111,112,113,105,102,105,111,114,111,107,108,110,110,110,109,112,115,110,147,175,128
0,0,0,98,102,101,97,96,98,98,100,99,98,99,98,99,101,103,106,99,94,99,105,102,101,92,91,90,82,88,97,100,95,98,101,104,116,118,117,118,114,108,101,96,101,104,108,104,92,85,82,87,92,90,86,88,90,96,106,111,106,101,99,102,106,106,101,96,95,97,101,109,110,105,104,107,112,115,114,112,109,108,106,105,104,105,107,105,124,138,112
0,0,0,0,0,0,0,0,0,0,0,0,0,0,0,0,0,0,0,0,0,0,0,0,0,0,0,0,0,0,0,0,0,0,0,0,0,0,0,0,0,0,0,0,0,0,0,0,0,0,0,0,0,0,0,0,0,0,0,0,122,132,133,126,122,118,106,94,89,91,97,106,113,117,118,114,108,104,104,104,103,101,98,97,98,101,104,103,115,121,112
