0,0,0,0,0,0,0,0,0,0,0,0,0,0,0,0,0,0,0,0,0,0,0,0,0,0,0,0,0,0,0,0,0,0,0,0,0,0,0,0,0,0,0,0,0,0,0,0,0,0,0,0,0,0,0,0,0,0,0,0,0,0,0,0,0,0,0,0,0,0,0,0,0,0,0,0,0,0,0,0,0,0,0,0,0,0,0,0,0,0,0,0,0,0,0,0,0,0,0,0,0,0,0,0,0,0,0,0,0,0,0,0,0,0,0,0,0,0,0,0,0,0,0,0,0,0,0,0,0,0,0,0,0,0,0,0,0,0,0,0,0,0,0,0,0,0,0,0,0,0,0,0,0,0,0,0,0,0,0,0,0,0,0,0,0,0,0,0,0,0,0,0,0,0,0
0,0,0,0,0,0,0,0,0,0,0,0,0,0,0,0,0,0,0,0,0,0,0,0,0,0,0,0,0,0,0,0,0,0,0,0,0,0,0,0,0,0,0,0,0,0,0,0,0,0,0,0,0,0,0,0,0,0,0,0,0,0,0,0,0,0,0,0,0,0,0,0,0,0,0,0,0,0,0,0,0,0,0,0,0,156,0,0,0,0,0,0,0,0,0,0,0,0,0,0,0,0,0,0,0,0,0,0,0,0,0,0,0,0,0,0,0,0,0,0,0,0,0,0,0,0,0,0,0,0,0,0,0,0,0,0,0,0,0,0,0,0,0,0,0,0,0,0,0,0,0,0,0,0,0,0,0,0,0,0,0,0,0,0,0,0,0,0,0,0,0,0,0,0,0
0,0,0,0,0,0,0,0,0,0,0,0,0,0,0,0,0,0,0,0,0,0,0,0,0,0,0,0,0,0,0,0,0,0,0,0,0,0,0,0,0,0,0,0,0,0,0,0,0,0,0,0,0,0,0,0,0,0,0,0,0,0,0,0,0,0,0,0,0,0,0,0,0,0,0,0,0,0,0,0,0,0,0,0,156,156,156,0,0,0,0,0,0,0,0,0,0,0,0,0,0,0,0,0,0,0,0,0,0,0,0,0,0,0,0,0,0,0,0,0,0,0,0,0,0,0,0,0,0,0,0,0,0,0,0,0,0,0,0,0,0,0,0,0,0,0,0,0,0,0,0,0,0,0,0,0,0,0,0,0,0,0,0,0,0,0,0,0,0,0,0,0,0,0,0
0,0,0,0,0,0,0,0,0,0,0,0,0,0,0,0,0,0,0,0,0,0,0,0,0,0,0,0,0,0,0,0,0,0,0,0,0,0,0,0,0,0,0,0,0,0,0,0,0,0,0,0,0,0,0,0,0,0,0,0,0,0,0,0,0,0,0,0,0,0,0,0,0,0,0,0,0,0,0,0,0,0,0,0,156,156,156,156,0,0,0,0,0,0,0,0,0,0,0,0,0,0,0,0,0,0,0,0,0,0,0,0,0,0,0,0,0,0,0,0,0,0,0,0,0,0,0,0,0,0,0,0,0,0,0,0,0,0,0,0,0,0,0,0,0,0,0,0,0,0,0,0,0,0,0,0,0,0,0,0,0,0,0,0,0,0,0,0,0,0,0,0,0,0,0
0,0,0,0,0,0,0,0,0,0,0,0,0,0,0,0,0,0,0,0,0,0,0,0,0,0,0,0,0,0,0,0,0,0,0,0,0,0,0,0,0,0,0,0,0,0,0,0,0,0,0,0,0,0,0,0,0,0,0,0,0,0,0,0,0,0,0,0,0,0,0,0,0,0,0,0,0,0,0,0,0,0,0,157,156,156,156,156,0,0,0,0,0,0,0,0,0,0,0,0,0,0,0,0,0,0,0,0,0,0,0,0,0,0,0,0,0,0,0,0,0,0,0,0,0,0,0,0,0,0,0,0,0,0,0,0,0,0,0,0,0,0,0,0,0,0,0,0,0,0,0,0,0,0,0,0,0,0,0,0,0,0,0,0,0,0,0,0,0,0,0,0,0,0,0
0,0,0,0,0,0,0,0,0,0,0,0,0,0,0,0,0,0,0,0,0,0,0,0,0,0,0,0,0,0,0,0,0,0,0,0,0,0,0,0,0,0,0,0,0,0,0,0,0,0,0,0,0,0,0,0,0,0,0,0,0,0,0,0,0,0,0,0,0,0,0,0,0,0,0,0,0,0,0,0,0,0,0,156,155,155,155,155,155,0,0,0,0,0,0,0,0,0,0,0,0,0,0,0,0,0,0,0,0,0,0,0,0,0,0,0,0,0,0,0,0,0,0,0,0,0,0,0,0,0,0,0,0,0,0,0,0,0,0,0,0,0,0,0,0,0,0,0,0,0,0,0,0,0,0,0,0,0,0,0,0,0,0,0,0,0,0,0,0,0,0,0,0,0,0
0,0,0,0,0,0,0,0,0,0,0,0,0,0,0,0,0,0,0,0,0,0,0,0,0,0,0,0,0,0,0,0,0,0,0,0,0,0,0,0,0,0,0,0,0,0,0,0,0,0,0,0,0,0,0,0,0,0,0,0,0,0,0,0,0,0,0,0,0,0,0,0,0,0,0,0,0,0,0,0,0,0,156,155,155,155,155,155,155,155,0,0,0,0,0,0,0,0,0,0,0,0,0,0,0,0,0,0,0,0,0,0,0,0,0,0,0,0,0,0,0,0,0,0,0,0,0,0,0,0,0,0,0,0,0,0,0,0,0,0,0,0,0,0,0,0,0,0,0,0,0,0,0,0,0,0,0,0,0,0,0,0,0,0,0,0,0,0,0,0,0,0,0,0,0
0,0,0,0,0,0,0,0,0,0,0,0,0,0,0,0,0,0,0,0,0,0,0,0,0,0,0,0,0,0,0,0,0,0,0,0,0,0,0,0,0,0,0,0,0,0,0,0,0,0,0,0,0,0,0,0,0,0,0,0,0,0,0,0,0,0,0,0,0,0,0,0,0,0,0,0,0,0,0,0,0,155,155,155,154,154,154,154,154,155,0,0,0,0,0,0,0,0,0,0,0,0,0,0,0,0,0,0,0,0,0,0,0,0,0,0,0,0,0,0,0,0,0,0,0,0,0,0,0,0,0,0,0,0,0,0,0,0,0,0,0,0,0,0,0,0,0,0,0,0,0,0,0,0,0,0,0,0,0,0,0,0,0,0,0,0,0,0,0,0,0,0,0,0,0
0,0,0,0,0,0,0,0,0,0,0,0,0,0,0,0,0,0,0,0,0,0,0,0,0,0,0,0,0,0,0,0,0,0,0,0,0,0,0,0,0,0,0,0,0,0,0,0,0,0,0,0,0,0,0,0,0,0,0,0,0,0,0,0,0,0,0,0,0,0,0,0,0,0,0,0,0,0,0,0,0,155,155,154,154,154,154,154,154,155,155,0,0,0,0,0,0,0,0,0,0,0,0,0,0,0,0,0,0,0,0,0,0,0,0,0,0,0,0,0,0,0,0,0,0,0,0,0,0,0,0,0,0,0,0,0,0,0,0,0,0,0,0,0,0,0,0,0,0,0,0,0,0,0,0,0,0,0,0,0,0,0,0,0,0,0,0,0,0,0,0,0,0,0,0
0,0,0,0,0,0,0,0,0,0,0,0,0,0,0,0,0,0,0,0,0,0,0,0,0,0,0,0,0,0,0,0,0,0,0,0,0,0,0,0,0,0,0,0,0,0,0,0,0,0,0,0,0,0,0,0,0,0,0,0,0,0,0,0,0,0,0,0,0,0,0,0,0,0,0,0,0,0,0,0,155,155,155,155,154,154,155,155,154,154,154,154,0,0,0,0,0,0,0,0,0,0,0,0,0,0,0,0,0,0,0,0,0,0,0,0,0,0,0,0,0,0,0,0,0,0,0,0,0,0,0,0,0,0,0,0,0,0,0,0,0,0,0,0,0,0,0,0,0,0,0,0,0,0,0,0,0,0,0,0,0,0,0,0,0,0,0,0,0,0,0,0,0,0,0
0,0,0,0,0,0,0,0,0,0,0,0,0,0,0,0,0,0,0,0,0,0,0,0,0,0,0,0,0,0,0,0,0,0,0,0,0,0,0,0,0,0,0,0,0,0,0,0,0,0,0,0,0,0,0,0,0,0,0,0,0,0,0,0,0,0,0,0,0,0,0,0,0,0,0,0,0,0,0,0,154,154,154,153,153,153,153,153,153,154,154,154,0,0,0,0,0,0,0,0,0,0,0,0,0,0,0,0,0,0,0,0,0,0,0,0,0,0,0,0,0,0,0,0,0,0,0,0,0,0,0,0,0,0,0,0,0,0,0,0,0,0,0,0,0,0,0,0,0,0,0,0,0,0,0,0,0,0,0,0,0,0,0,0,0,0,0,0,0,0,0,0,0,0,0
0,0,0,0,0,0,0,0,0,0,0,0,0,0,0,0,0,0,0,0,0,0,0,0,0,0,0,0,0,0,0,0,0,0,0,0,0,0,0,0,0,0,0,0,0,0,0,0,0,0,0,0,0,0,0,0,0,0,0,0,0,0,0,0,0,0,0,0,0,0,0,0,0,0,0,0,0,0,0,158,159,149,134,125,121,119,124,131,136,138,147,152,154,0,0,0,0,0,0,0,0,0,0,0,0,0,0,0,0,0,0,0,0,0,0,0,0,0,0,0,0,0,0,0,0,0,0,0,0,0,0,0,0,0,0,0,0,0,0,0,0,0,0,0,0,0,0,0,0,0,0,0,0,0,0,0,0,0,0,0,0,0,0,0,0,0,0,0,0,0,0,0,0,0,0
0,0,0,0,0,0,0,0,0,0,0,0,0,0,0,0,0,0,0,0,0,0,0,0,0,0,0,0,0,0,0,0,0,0,0,0,0,0,0,0,0,0,0,0,0,0,0,0,0,0,0,0,0,0,0,0,0,0,0,0,0,0,0,0,0,0,0,0,0,0,0,0,0,0,0,0,0,0,162,155,143,120,104,94,89,84,86,92,103,113,128,141,148,0,0,0,0,0,0,0,0,0,0,0,0,0,0,0,0,0,0,0,0,0,0,0,0,0,0,0,0,0,0,0,0,0,0,0,0,0,0,0,0,0,0,0,0,0,0,0,0,0,0,0,0,0,0,0,0,0,0,0,0,0,0,0,0,0,0,0,0,0,0,0,0,0,0,0,0,0,0,0,0,0,0
0,0,0,0,0,0,0,0,0,0,0,0,0,0,0,0,0,0,0,0,0,0,0,0,0,0,0,0,0,0,0,0,0,0,0,0,0,0,0,0,0,0,0,0,0,0,0,0,0,0,0,0,0,0,0,0,0,0,0,0,0,0,0,0,0,0,0,0,0,0,0,0,0,0,0,0,0,0,155,134,112,84,71,65,58,54,59,65,78,89,105,126,141,148,0,0,0,0,0,0,0,0,0,0,0,0,0,0,0,0,0,0,0,0,0,0,0,0,0,0,0,0,0,0,0,0,0,0,0,0,0,0,0,0,0,0,0,0,0,0,0,0,0,0,0,0,0,0,0,0,0,0,0,0,0,0,0,0,0,0,0,0,0,0,0,0,0,0,0,0,0,0,0,0,0
0,0,0,0,0,0,0,0,0,0,0,0,0,0,0,0,0,0,0,0,0,0,0,0,0,0,0,0,0,0,0,0,0,0,0,0,0,0,0,0,0,0,0,0,0,0,0,0,0,0,0,0,0,0,0,0,0,0,0,0,0,0,0,0,0,0,0,0,0,0,0,0,0,0,0,0,0,155,132,102,78,63,54,51,49,49,51,51,57,70,83,107,128,142,147,0,0,0,0,0,0,0,0,0,0,0,0,0,0,0,0,0,0,0,0,0,0,0,0,0,0,0,0,0,0,0,0,0,0,0,0,0,0,0,0,0,0,0,0,0,0,0,0,0,0,0,0,0,0,0,0,0,0,0,0,0,0,0,0,0,0,0,0,0,0,0,0,0,0,0,0,0,0,0,0
0,0,0,0,0,0,0,0,0,0,0,0,0,0,0,0,0,0,0,0,0,0,0,0,0,0,0,0,0,0,0,0,0,0,0,0,0,0,0,0,0,0,0,0,0,0,0,0,0,0,0,0,0,0,0,0,0,0,0,0,0,0,0,0,0,0,0,0,0,0,0,0,0,0,0,0,0,136,103,75,58,55,53,52,55,53,51,54,62,56,67,89,108,128,141,0,0,0,0,0,0,0,0,0,0,0,0,0,0,0,0,0,0,0,0,0,0,0,0,0,0,0,0,0,0,0,0,0,0,0,0,0,0,0,0,0,0,0,0,0,0,0,0,0,0,0,0,0,0,0,0,0,0,0,0,0,0,0,0,0,0,0,0,0,0,0,0,0,0,0,0,0,0,0,0
0,0,0,0,0,0,0,0,0,0,0,0,0,0,0,0,0,0,0,0,0,0,0,0,0,0,0,0,0,0,0,0,0,0,0,0,0,0,0,0,0,0,0,0,0,0,0,0,0,0,0,0,0,0,0,0,0,0,0,0,0,0,0,0,0,0,0,0,0,0,0,0,0,0,0,0,143,110,77,62,53,51,51,51,55,55,52,50,51,52,56,71,90,115,134,145,0,0,0,0,0,0,0,0,0,0,0,0,0,0,0,0,0,0,0,0,0,0,0,0,0,0,0,0,0,0,0,0,0,0,0,0,0,0,0,0,0,0,0,0,0,0,0,0,0,0,0,0,0,0,0,0,0,0,0,0,0,0,0,0,0,0,0,0,0,0,0,0,0,0,0,0,0,0,0
0,0,0,0,0,0,0,0,0,0,0,0,0,0,0,0,0,0,0,0,0,0,0,0,0,0,0,0,0,0,0,0,0,0,0,0,0,0,0,0,0,0,0,0,0,0,0,0,0,0,0,0,0,0,0,0,0,0,0,0,0,0,0,0,0,0,0,0,0,0,0,0,0,0,0,150,122,86,63,58,53,53,53,52,53,53,54,52,51,52,50,58,75,101,123,136,147,0,0,0,0,0,0,0,0,0,0,0,0,0,0,0,0,0,0,0,0,0,0,0,0,0,0,0,0,0,0,0,0,0,0,0,0,0,0,0,0,0,0,0,0,0,0,0,0,0,0,0,0,0,0,0,0,0,0,0,0,0,0,0,0,0,0,0,0,0,0,0,0,0,0,0,0,0,0
0,0,0,0,0,0,0,0,0,0,0,0,0,0,0,0,0,0,0,0,0,0,0,0,0,0,0,0,0,0,0,0,0,0,0,0,0,0,0,0,0,0,0,0,0,0,0,0,0,0,0,0,0,0,0,0,0,0,0,0,0,0,0,0,0,0,0,0,0,0,0,0,0,0,0,138,101,67,57,58,52,53,49,49,50,51,54,52,52,52,50,53,64,86,110,127,141,0,0,0,0,0,0,0,0,0,0,0,0,0,0,0,0,0,0,0,0,0,0,0,0,0,0,0,0,0,0,0,0,0,0,0,0,0,0,0,0,0,0,0,0,0,0,0,0,0,0,0,0,0,0,0,0,0,0,0,0,0,0,0,0,0,0,0,0,0,0,0,0,0,0,0,0,0,0
0,0,0,0,0,0,0,0,0,0,0,0,0,0,0,0,0,0,0,0,0,0,0,0,0,0,0,0,0,0,0,0,0,0,0,0,0,0,0,0,0,0,0,0,0,0,0,0,0,0,0,0,0,0,0,0,0,0,0,0,0,0,0,0,0,0,0,0,0,0,0,0,0,0,141,108,75,58,54,53,54,54,51,50,49,50,52,51,50,51,51,51,56,74,94,109,134,147,0,0,0,0,0,0,0,0,0,0,0,0,0,0,0,0,0,0,0,0,0,0,0,0,0,0,0,0,0,0,0,0,0,0,0,0,0,0,0,0,0,0,0,0,0,0,0,0,0,0,0,0,0,0,0,0,0,0,0,0,0,0,0,0,0,0,0,0,0,0,0,0,0,0,0,0,0
0,0,0,0,0,0,0,0,0,0,0,0,0,0,0,0,0,0,0,0,0,0,0,0,0,0,0,0,0,0,0,0,0,0,0,0,0,0,0,0,0,0,0,0,0,0,0,0,0,0,0,0,0,0,0,0,0,0,0,0,0,0,0,0,0,0,0,0,0,0,0,0,0,0,126,92,66,54,52,52,52,54,51,50,49,51,53,51,50,50,51,50,51,62,77,97,122,140,145,0,0,0,0,0,0,0,0,0,0,0,0,0,0,0,0,0,0,0,0,0,0,0,0,0,0,0,0,0,0,0,0,0,0,0,0,0,0,0,0,0,0,0,0,0,0,0,0,0,0,0,0,0,0,0,0,0,0,0,0,0,0,0,0,0,0,0,0,0,0,0,0,0,0,0,0
0,0,0,0,0,0,0,0,0,0,0,0,0,0,0,0,0,0,0,0,0,0,0,0,0,0,0,0,0,0,0,0,0,0,0,0,0,0,0,0,0,0,0,0,0,0,0,0,0,0,0,0,0,0,0,0,0,0,0,0,0,0,0,0,0,0,0,0,0,0,0,0,0,139,110,77,59,54,53,52,53,52,51,50,49,51,53,52,51,52,52,51,50,54,62,86,110,129,141,0,0,0,0,0,0,0,0,0,0,0,0,0,0,0,0,0,0,0,0,0,0,0,0,0,0,0,0,0,0,0,0,0,0,0,0,0,0,0,0,0,0,0,0,0,0,0,0,0,0,0,0,0,0,0,0,0,0,0,0,0,0,0,0,0,0,0,0,0,0,0,0,0,0,0,0
0,0,0,0,0,0,0,0,0,0,0,0,0,0,0,0,0,0,0,0,0,0,0,0,0,0,0,0,0,0,0,0,0,0,0,0,0,0,0,0,0,0,0,0,0,0,0,0,0,0,0,0,0,0,0,0,0,0,0,0,0,0,0,0,0,0,0,0,0,0,0,0,154,117,88,65,56,53,52,50,51,52,52,51,49,48,50,50,50,50,49,50,49,50,53,74,92,115,132,144,0,0,0,0,0,0,0,0,0,0,0,0,0,0,0,0,0,0,0,0,0,0,0,0,0,0,0,0,0,0,0,0,0,0,0,0,0,0,0,0,0,0,0,0,0,0,0,0,0,0,0,0,0,0,0,0,0,0,0,0,0,0,0,0,0,0,0,0,0,0,0,0,0,0,0
0,0,0,0,0,0,0,0,0,0,0,0,0,0,0,0,0,0,0,0,0,0,0,0,0,0,0,0,0,0,0,0,0,0,0,0,0,0,0,0,0,0,0,0,0,0,0,0,0,0,0,0,0,0,0,0,0,0,0,0,0,0,0,0,0,0,0,0,0,0,0,0,138,97,70,59,57,54,55,53,50,50,51,51,49,48,49,50,50,51,48,51,51,51,51,65,76,98,119,139,144,0,0,0,0,0,0,0,0,0,0,0,0,0,0,0,0,0,0,0,0,0,0,0,0,0,0,0,0,0,0,0,0,0,0,0,0,0,0,0,0,0,0,0,0,0,0,0,0,0,0,0,0,0,0,0,0,0,0,0,0,0,0,0,0,0,0,0,0,0,0,0,0,0,0
0,0,0,0,0,0,0,0,0,0,0,0,0,0,0,0,0,0,0,0,0,0,0,0,0,0,0,0,0,0,0,0,0,0,0,0,0,0,0,0,0,0,0,0,0,0,0,0,0,0,0,0,0,0,0,0,0,0,0,0,0,0,0,0,0,0,0,0,0,0,0,142,115,80,61,53,53,56,56,51,50,49,50,50,50,51,50,50,50,50,48,51,50,50,50,56,62,84,108,130,139,0,0,0,0,0,0,0,0,0,0,0,0,0,0,0,0,0,0,0,0,0,0,0,0,0,0,0,0,0,0,0,0,0,0,0,0,0,0,0,0,0,0,0,0,0,0,0,0,0,0,0,0,0,0,0,0,0,0,0,0,0,0,0,0,0,0,0,0,0,0,0,0,0,0
0,0,0,0,0,0,0,0,0,0,0,0,0,0,0,0,0,0,0,0,0,0,0,0,0,0,0,0,0,0,0,0,0,0,0,0,0,0,0,0,0,0,0,0,0,0,0,0,0,0,0,0,0,0,0,0,0,0,0,0,0,0,0,0,0,0,0,0,0,0,0,126,94,69,57,51,50,55,56,48,51,51,51,50,52,51,50,49,49,50,49,49,50,50,51,52,54,70,93,115,130,141,0,0,0,0,0,0,0,0,0,0,0,0,0,0,0,0,0,0,0,0,0,0,0,0,0,0,0,0,0,0,0,0,0,0,0,0,0,0,0,0,0,0,0,0,0,0,0,0,0,0,0,0,0,0,0,0,0,0,0,0,0,0,0,0,0,0,0,0,0,0,0,0,0
0,0,0,0,0,0,0,0,0,0,0,0,0,0,0,0,0,0,0,0,0,0,0,0,0,0,0,0,0,0,0,0,0,0,0,0,0,0,0,0,0,0,0,0,0,0,0,0,0,0,0,0,0,0,0,0,0,0,0,0,0,0,0,0,0,0,0,0,0,0,146,112,77,62,50,51,52,51,53,49,50,50,50,50,52,51,50,51,52,50,50,47,48,49,51,50,50,56,79,101,121,139,146,0,0,0,0,0,0,0,0,0,0,0,0,0,0,0,0,0,0,0,0,0,0,0,0,0,0,0,0,0,0,0,0,0,0,0,0,0,0,0,0,0,0,0,0,0,0,0,0,0,0,0,0,0,0,0,0,0,0,0,0,0,0,0,0,0,0,0,0,0,0,0,0
0,0,0,0,0,0,0,0,0,0,0,0,0,0,0,0,0,0,0,0,0,0,0,0,0,0,0,0,0,0,0,0,0,0,0,0,0,0,0,0,0,0,0,0,0,0,0,0,0,0,0,0,0,0,0,0,0,0,0,0,0,0,0,0,0,0,0,0,0,148,121,82,57,61,53,51,52,52,52,51,51,51,50,50,50,49,50,51,52,49,48,47,47,51,49,49,50,54,64,85,106,122,140,0,0,0,0,0,0,0,0,0,0,0,0,0,0,0,0,0,0,0,0,0,0,0,0,0,0,0,0,0,0,0,0,0,0,0,0,0,0,0,0,0,0,0,0,0,0,0,0,0,0,0,0,0,0,0,0,0,0,0,0,0,0,0,0,0,0,0,0,0,0,0,0
0,0,0,0,0,0,0,0,0,0,0,0,0,0,0,0,0,0,0,0,0,0,0,0,0,0,0,0,0,0,0,0,0,0,0,0,0,0,0,0,0,0,0,0,0,0,0,0,0,0,0,0,0,0,0,0,0,0,0,0,0,0,0,0,0,0,0,0,0,133,101,69,54,55,51,50,51,50,51,51,50,51,50,50,49,50,51,50,50,50,50,51,50,48,47,47,50,52,56,75,93,114,132,139,0,0,0,0,0,0,0,0,0,0,0,0,0,0,0,0,0,0,0,0,0,0,0,0,0,0,0,0,0,0,0,0,0,0,0,0,0,0,0,0,0,0,0,0,0,0,0,0,0,0,0,0,0,0,0,0,0,0,0,0,0,0,0,0,0,0,0,0,0,0,0
0,0,0,0,0,0,0,0,0,0,0,0,0,0,0,0,0,0,0,0,0,0,0,0,0,0,0,0,0,0,0,0,0,0,0,0,0,0,0,0,0,0,0,0,0,0,0,0,0,0,0,0,0,0,0,0,0,0,0,0,0,0,0,0,0,0,0,0,147,115,83,61,54,52,50,51,50,49,50,51,49,51,50,50,51,53,54,51,52,52,49,51,50,49,49,48,49,51,51,59,79,99,121,137,140,0,0,0,0,0,0,0,0,0,0,0,0,0,0,0,0,0,0,0,0,0,0,0,0,0,0,0,0,0,0,0,0,0,0,0,0,0,0,0,0,0,0,0,0,0,0,0,0,0,0,0,0,0,0,0,0,0,0,0,0,0,0,0,0,0,0,0,0,0,0
0,0,0,0,0,0,0,0,0,0,0,0,0,0,0,0,0,0,0,0,0,0,0,0,0,0,0,0,0,0,0,0,0,0,0,0,0,0,0,0,0,0,0,0,0,0,0,0,0,0,0,0,0,0,0,0,0,0,0,0,0,0,0,0,0,0,0,0,130,93,66,55,54,52,51,51,51,50,51,50,49,50,51,49,48,49,51,51,50,51,49,52,49,50,48,50,50,50,49,52,62,88,106,130,138,0,0,0,0,0,0,0,0,0,0,0,0,0,0,0,0,0,0,0,0,0,0,0,0,0,0,0,0,0,0,0,0,0,0,0,0,0,0,0,0,0,0,0,0,0,0,0,0,0,0,0,0,0,0,0,0,0,0,0,0,0,0,0,0,0,0,0,0,0,0
0,0,0,0,0,0,0,0,0,0,0,0,0,0,0,0,0,0,0,0,0,0,0,0,0,0,0,0,0,0,0,0,0,0,0,0,0,0,0,0,0,0,0,0,0,0,0,0,0,0,0,0,0,0,0,0,0,0,0,0,0,0,0,0,0,0,0,143,108,73,54,51,51,51,51,51,51,50,50,50,49,51,52,50,49,47,48,54,51,51,51,50,50,51,48,50,50,50,50,50,50,73,92,112,135,137,0,0,0,0,0,0,0,0,0,0,0,0,0,0,0,0,0,0,0,0,0,0,0,0,0,0,0,0,0,0,0,0,0,0,0,0,0,0,0,0,0,0,0,0,0,0,0,0,0,0,0,0,0,0,0,0,0,0,0,0,0,0,0,0,0,0,0,0,0
0,0,0,0,0,0,0,0,0,0,0,0,0,0,0,0,0,0,0,0,0,0,0,0,0,0,0,0,0,0,0,0,0,0,0,0,0,0,0,0,0,0,0,0,0,0,0,0,0,0,0,0,0,0,0,0,0,0,0,0,0,0,0,0,0,0,150,124,86,63,53,52,51,50,50,51,52,51,49,49,50,49,48,52,59,55,48,50,51,51,52,48,49,49,48,49,50,50,51,49,52,58,79,97,123,132,138,0,0,0,0,0,0,0,0,0,0,0,0,0,0,0,0,0,0,0,0,0,0,0,0,0,0,0,0,0,0,0,0,0,0,0,0,0,0,0,0,0,0,0,0,0,0,0,0,0,0,0,0,0,0,0,0,0,0,0,0,0,0,0,0,0,0,0,0
0,0,0,0,0,0,0,0,0,0,0,0,0,0,0,0,0,0,0,0,0,0,0,0,0,0,0,0,0,0,0,0,0,0,0,0,0,0,0,0,0,0,0,0,0,0,0,0,0,0,0,0,0,0,0,0,0,0,0,0,0,0,0,0,0,0,136,102,69,57,51,53,51,49,51,51,52,51,49,50,51,53,52,67,84,78,58,48,49,50,51,50,50,48,47,50,50,49,49,52,55,54,64,84,104,128,136,0,0,0,0,0,0,0,0,0,0,0,0,0,0,0,0,0,0,0,0,0,0,0,0,0,0,0,0,0,0,0,0,0,0,0,0,0,0,0,0,0,0,0,0,0,0,0,0,0,0,0,0,0,0,0,0,0,0,0,0,0,0,0,0,0,0,0,0
0,0,0,0,0,0,0,0,0,0,0,0,0,0,0,0,0,0,0,0,0,0,0,0,0,0,0,0,0,0,0,0,0,0,0,0,0,0,0,0,0,0,0,0,0,0,0,0,0,0,0,0,0,0,0,0,0,0,0,0,0,0,0,0,0,150,118,81,56,54,51,52,50,49,51,51,51,51,50,51,52,51,55,79,100,96,72,50,50,54,50,52,50,51,49,52,49,51,50,52,50,48,55,68,94,126,134,142,0,0,0,0,0,0,0,0,0,0,0,0,0,0,0,0,0,0,0,0,0,0,0,0,0,0,0,0,0,0,0,0,0,0,0,0,0,0,0,0,0,0,0,0,0,0,0,0,0,0,0,0,0,0,0,0,0,0,0,0,0,0,0,0,0,0,0
0,0,0,0,0,0,0,0,0,0,0,0,0,0,0,0,0,0,0,0,0,0,0,0,0,0,0,0,0,0,0,0,0,0,0,0,0,0,0,0,0,0,0,0,0,0,0,0,0,0,0,0,0,0,0,0,0,0,0,0,0,0,0,0,0,128,92,66,55,51,51,52,51,49,51,51,53,51,50,50,52,55,73,92,100,102,95,67,49,55,49,50,49,50,50,50,50,51,51,51,48,50,55,62,82,96,117,133,141,0,0,0,0,0,0,0,0,0,0,0,0,0,0,0,0,0,0,0,0,0,0,0,0,0,0,0,0,0,0,0,0,0,0,0,0,0,0,0,0,0,0,0,0,0,0,0,0,0,0,0,0,0,0,0,0,0,0,0,0,0,0,0,0,0,0
0,0,0,0,0,0,0,0,0,0,0,0,0,0,0,0,0,0,0,0,0,0,0,0,0,0,0,0,0,0,0,0,0,0,0,0,0,0,0,0,0,0,0,0,0,0,0,0,0,0,0,0,0,0,0,0,0,0,0,0,0,0,0,0,146,108,77,58,52,50,51,52,51,50,50,50,52,53,52,50,50,61,85,102,106,107,103,80,56,51,49,47,46,51,49,51,49,48,50,51,49,48,51,54,68,86,108,125,138,0,0,0,0,0,0,0,0,0,0,0,0,0,0,0,0,0,0,0,0,0,0,0,0,0,0,0,0,0,0,0,0,0,0,0,0,0,0,0,0,0,0,0,0,0,0,0,0,0,0,0,0,0,0,0,0,0,0,0,0,0,0,0,0,0,0
0,0,0,0,0,0,0,0,0,0,0,0,0,0,0,0,0,0,0,0,0,0,0,0,0,0,0,0,0,0,0,0,0,0,0,0,0,0,0,0,0,0,0,0,0,0,0,0,0,0,0,0,0,0,0,0,0,0,0,0,0,0,0,154,124,88,64,53,51,51,51,53,52,51,50,50,51,53,54,50,50,78,97,105,107,110,111,97,71,54,51,49,47,51,48,52,50,49,51,50,50,48,50,50,57,71,92,111,130,141,0,0,0,0,0,0,0,0,0,0,0,0,0,0,0,0,0,0,0,0,0,0,0,0,0,0,0,0,0,0,0,0,0,0,0,0,0,0,0,0,0,0,0,0,0,0,0,0,0,0,0,0,0,0,0,0,0,0,0,0,0,0,0,0,0
0,0,0,0,0,0,0,0,0,0,0,0,0,0,0,0,0,0,0,0,0,0,0,0,0,0,0,0,0,0,0,0,0,0,0,0,0,0,0,0,0,0,0,0,0,0,0,0,0,0,0,0,0,0,0,0,0,0,0,0,0,0,0,140,100,73,56,51,52,51,50,51,50,49,51,52,50,51,51,52,61,94,104,108,110,109,109,106,94,67,54,53,51,48,47,52,51,50,52,49,49,47,49,49,51,59,73,96,120,132,136,0,0,0,0,0,0,0,0,0,0,0,0,0,0,0,0,0,0,0,0,0,0,0,0,0,0,0,0,0,0,0,0,0,0,0,0,0,0,0,0,0,0,0,0,0,0,0,0,0,0,0,0,0,0,0,0,0,0,0,0,0,0,0,0
0,0,0,0,0,0,0,0,0,0,0,0,0,0,0,0,0,0,0,0,0,0,0,0,0,0,0,0,0,0,0,0,0,0,0,0,0,0,0,0,0,0,0,0,0,0,0,0,0,0,0,0,0,0,0,0,0,0,0,0,0,0,149,119,83,61,52,51,53,52,50,50,49,49,49,49,49,49,51,58,79,103,106,108,111,109,106,106,104,85,62,54,54,50,49,51,50,50,52,49,49,48,49,49,48,53,58,83,107,121,133,0,0,0,0,0,0,0,0,0,0,0,0,0,0,0,0,0,0,0,0,0,0,0,0,0,0,0,0,0,0,0,0,0,0,0,0,0,0,0,0,0,0,0,0,0,0,0,0,0,0,0,0,0,0,0,0,0,0,0,0,0,0,0,0
0,0,0,0,0,0,0,0,0,0,0,0,0,0,0,0,0,0,0,0,0,0,0,0,0,0,0,0,0,0,0,0,0,0,0,0,0,0,0,0,0,0,0,0,0,0,0,0,0,0,0,0,0,0,0,0,0,0,0,0,0,0,134,97,67,55,52,53,53,53,51,51,50,50,48,47,49,49,52,68,95,105,108,110,109,108,106,107,108,98,77,56,51,51,50,51,50,50,52,50,50,49,49,50,50,50,50,71,92,107,127,137,0,0,0,0,0,0,0,0,0,0,0,0,0,0,0,0,0,0,0,0,0,0,0,0,0,0,0,0,0,0,0,0,0,0,0,0,0,0,0,0,0,0,0,0,0,0,0,0,0,0,0,0,0,0,0,0,0,0,0,0,0,0,0
0,0,0,0,0,0,0,0,0,0,0,0,0,0,0,0,0,0,0,0,0,0,0,0,0,0,0,0,0,0,0,0,0,0,0,0,0,0,0,0,0,0,0,0,0,0,0,0,0,0,0,0,0,0,0,0,0,0,0,0,0,148,114,78,57,54,53,52,51,51,50,51,50,49,49,50,51,49,60,83,105,109,110,108,107,111,111,111,110,105,94,70,53,50,49,50,51,51,51,50,49,49,49,51,51,50,49,60,74,93,118,131,137,0,0,0,0,0,0,0,0,0,0,0,0,0,0,0,0,0,0,0,0,0,0,0,0,0,0,0,0,0,0,0,0,0,0,0,0,0,0,0,0,0,0,0,0,0,0,0,0,0,0,0,0,0,0,0,0,0,0,0,0,0,0
0,0,0,0,0,0,0,0,0,0,0,0,0,0,0,0,0,0,0,0,0,0,0,0,0,0,0,0,0,0,0,0,0,0,0,0,0,0,0,0,0,0,0,0,0,0,0,0,0,0,0,0,0,0,0,0,0,0,0,0,157,131,92,65,56,53,54,52,49,51,51,51,50,50,50,50,51,54,74,97,106,106,110,109,109,112,109,110,111,111,109,91,61,51,50,50,52,52,49,49,48,51,50,51,50,51,51,53,62,85,111,127,137,0,0,0,0,0,0,0,0,0,0,0,0,0,0,0,0,0,0,0,0,0,0,0,0,0,0,0,0,0,0,0,0,0,0,0,0,0,0,0,0,0,0,0,0,0,0,0,0,0,0,0,0,0,0,0,0,0,0,0,0,0,0
0,0,0,0,0,0,0,0,0,0,0,0,0,0,0,0,0,0,0,0,0,0,0,0,0,0,0,0,0,0,0,0,0,0,0,0,0,0,0,0,0,0,0,0,0,0,0,0,0,0,0,0,0,0,0,0,0,0,0,0,146,111,71,57,54,52,52,52,48,49,53,50,50,49,51,50,51,65,87,102,105,109,109,110,110,112,105,110,110,111,110,96,78,58,50,50,51,51,48,49,50,49,50,50,51,50,51,50,52,69,90,101,122,133,0,0,0,0,0,0,0,0,0,0,0,0,0,0,0,0,0,0,0,0,0,0,0,0,0,0,0,0,0,0,0,0,0,0,0,0,0,0,0,0,0,0,0,0,0,0,0,0,0,0,0,0,0,0,0,0,0,0,0,0,0
0,0,0,0,0,0,0,0,0,0,0,0,0,0,0,0,0,0,0,0,0,0,0,0,0,0,0,0,0,0,0,0,0,0,0,0,0,0,0,0,0,0,0,0,0,0,0,0,0,0,0,0,0,0,0,0,0,0,0,159,127,89,58,52,53,53,51,52,50,51,52,49,51,49,55,50,57,81,104,106,108,109,110,112,111,112,108,111,110,113,112,105,91,66,53,50,52,52,48,48,50,50,49,49,51,51,50,49,49,58,74,92,116,127,135,0,0,0,0,0,0,0,0,0,0,0,0,0,0,0,0,0,0,0,0,0,0,0,0,0,0,0,0,0,0,0,0,0,0,0,0,0,0,0,0,0,0,0,0,0,0,0,0,0,0,0,0,0,0,0,0,0,0,0,0
0,0,0,0,0,0,0,0,0,0,0,0,0,0,0,0,0,0,0,0,0,0,0,0,0,0,0,0,0,0,0,0,0,0,0,0,0,0,0,0,0,0,0,0,0,0,0,0,0,0,0,0,0,0,0,0,0,0,0,143,102,72,58,53,47,52,49,51,51,50,48,46,49,49,50,53,61,90,102,111,110,111,111,110,107,107,108,110,110,109,110,111,104,81,59,49,51,51,50,49,49,49,49,49,50,51,50,51,50,51,59,80,106,119,130,0,0,0,0,0,0,0,0,0,0,0,0,0,0,0,0,0,0,0,0,0,0,0,0,0,0,0,0,0,0,0,0,0,0,0,0,0,0,0,0,0,0,0,0,0,0,0,0,0,0,0,0,0,0,0,0,0,0,0,0
0,0,0,0,0,0,0,0,0,0,0,0,0,0,0,0,0,0,0,0,0,0,0,0,0,0,0,0,0,0,0,0,0,0,0,0,0,0,0,0,0,0,0,0,0,0,0,0,0,0,0,0,0,0,0,0,0,0,157,118,85,62,50,48,49,50,49,52,52,48,47,49,49,48,51,57,81,99,107,107,111,110,110,110,108,107,110,109,110,108,109,110,110,98,76,55,51,51,53,51,49,49,49,50,49,49,49,53,53,49,53,69,91,110,122,133,0,0,0,0,0,0,0,0,0,0,0,0,0,0,0,0,0,0,0,0,0,0,0,0,0,0,0,0,0,0,0,0,0,0,0,0,0,0,0,0,0,0,0,0,0,0,0,0,0,0,0,0,0,0,0,0,0,0,0
0,0,0,0,0,0,0,0,0,0,0,0,0,0,0,0,0,0,0,0,0,0,0,0,0,0,0,0,0,0,0,0,0,0,0,0,0,0,0,0,0,0,0,0,0,0,0,0,0,0,0,0,0,0,0,0,0,157,139,97,69,55,50,51,50,49,50,51,52,48,49,56,50,49,48,70,99,108,110,107,108,109,109,111,110,110,112,110,110,108,108,105,107,106,95,69,52,50,52,51,51,50,48,49,49,48,49,53,53,49,53,60,75,97,113,127,134,0,0,0,0,0,0,0,0,0,0,0,0,0,0,0,0,0,0,0,0,0,0,0,0,0,0,0,0,0,0,0,0,0,0,0,0,0,0,0,0,0,0,0,0,0,0,0,0,0,0,0,0,0,0,0,0,0,0
0,0,0,0,0,0,0,0,0,0,0,0,0,0,0,0,0,0,0,0,0,0,0,0,0,0,0,0,0,0,0,0,0,0,0,0,0,0,0,0,0,0,0,0,0,0,0,0,0,0,0,0,0,0,0,0,0,158,116,78,56,52,50,51,51,50,52,51,51,48,51,56,50,52,57,87,111,105,112,110,111,110,109,110,110,110,111,109,110,110,110,107,108,110,110,88,60,50,51,50,50,50,49,49,49,48,48,51,52,50,54,54,62,84,104,119,127,0,0,0,0,0,0,0,0,0,0,0,0,0,0,0,0,0,0,0,0,0,0,0,0,0,0,0,0,0,0,0,0,0,0,0,0,0,0,0,0,0,0,0,0,0,0,0,0,0,0,0,0,0,0,0,0,0,0
0,0,0,0,0,0,0,0,0,0,0,0,0,0,0,0,0,0,0,0,0,0,0,0,0,0,0,0,0,0,0,0,0,0,0,0,0,0,0,0,0,0,0,0,0,0,0,0,0,0,0,0,0,0,0,0,158,134,90,63,53,54,51,49,51,51,53,51,50,50,51,54,53,56,78,97,109,107,112,108,112,110,110,111,111,111,111,110,109,108,110,108,110,109,111,100,77,58,54,50,49,49,51,50,49,47,46,48,50,50,51,50,53,71,90,107,121,131,0,0,0,0,0,0,0,0,0,0,0,0,0,0,0,0,0,0,0,0,0,0,0,0,0,0,0,0,0,0,0,0,0,0,0,0,0,0,0,0,0,0,0,0,0,0,0,0,0,0,0,0,0,0,0,0,0
0,0,0,0,0,0,0,0,0,0,0,0,0,0,0,0,0,0,0,0,0,0,0,0,0,0,0,0,0,0,0,0,0,0,0,0,0,0,0,0,0,0,0,0,0,0,0,0,0,0,0,0,0,0,0,0,150,106,76,56,50,52,51,48,50,49,51,50,48,50,50,51,57,63,95,105,109,109,108,112,111,110,110,110,110,111,111,111,110,107,111,109,112,109,108,106,95,69,57,50,50,50,50,48,50,49,46,48,50,49,48,50,51,58,71,93,115,125,131,0,0,0,0,0,0,0,0,0,0,0,0,0,0,0,0,0,0,0,0,0,0,0,0,0,0,0,0,0,0,0,0,0,0,0,0,0,0,0,0,0,0,0,0,0,0,0,0,0,0,0,0,0,0,0,0
0,0,0,0,0,0,0,0,0,0,0,0,0,0,0,0,0,0,0,0,0,0,0,0,0,0,0,0,0,0,0,0,0,0,0,0,0,0,0,0,0,0,0,0,0,0,0,0,0,0,0,0,0,0,0,159,125,83,66,52,55,52,51,51,49,48,50,50,49,49,51,53,56,79,101,111,111,107,109,110,110,110,110,110,110,111,112,111,110,110,111,110,110,110,109,106,105,85,58,51,51,49,49,49,49,49,47,49,48,51,50,49,47,52,60,80,97,115,127,0,0,0,0,0,0,0,0,0,0,0,0,0,0,0,0,0,0,0,0,0,0,0,0,0,0,0,0,0,0,0,0,0,0,0,0,0,0,0,0,0,0,0,0,0,0,0,0,0,0,0,0,0,0,0,0
0,0,0,0,0,0,0,0,0,0,0,0,0,0,0,0,0,0,0,0,0,0,0,0,0,0,0,0,0,0,0,0,0,0,0,0,0,0,0,0,0,0,0,0,0,0,0,0,0,0,0,0,0,0,161,144,100,70,60,55,56,52,51,49,50,49,48,50,51,51,50,57,72,91,105,110,110,108,108,109,108,110,110,110,110,111,111,111,110,110,111,110,109,109,109,109,109,98,76,57,52,51,47,48,49,47,47,49,48,50,50,50,49,49,55,68,88,107,121,131,0,0,0,0,0,0,0,0,0,0,0,0,0,0,0,0,0,0,0,0,0,0,0,0,0,0,0,0,0,0,0,0,0,0,0,0,0,0,0,0,0,0,0,0,0,0,0,0,0,0,0,0,0,0,0
0,0,0,0,0,0,0,0,0,0,0,0,0,0,0,0,0,0,0,0,0,0,0,0,0,0,0,0,0,0,0,0,0,0,0,0,0,0,0,0,0,0,0,0,0,0,0,0,0,0,0,0,0,0,153,121,81,59,56,50,52,50,48,53,52,50,51,53,52,51,49,67,87,99,106,108,108,110,110,111,111,111,110,110,110,110,110,110,109,110,110,110,109,110,110,110,111,105,96,70,53,51,51,51,49,48,49,49,49,48,50,49,49,47,49,55,73,93,113,126,0,0,0,0,0,0,0,0,0,0,0,0,0,0,0,0,0,0,0,0,0,0,0,0,0,0,0,0,0,0,0,0,0,0,0,0,0,0,0,0,0,0,0,0,0,0,0,0,0,0,0,0,0,0,0
0,0,0,0,0,0,0,0,0,0,0,0,0,0,0,0,0,0,0,0,0,0,0,0,0,0,0,0,0,0,0,0,0,0,0,0,0,0,0,0,0,0,0,0,0,0,0,0,0,0,0,0,0,157,135,96,71,51,51,49,53,53,49,52,49,51,51,50,50,48,53,83,101,105,108,108,108,110,110,110,111,111,111,110,110,110,110,110,109,109,110,110,110,111,110,110,111,110,105,88,63,54,53,51,50,50,49,49,50,50,51,50,49,49,47,51,61,79,103,117,126,0,0,0,0,0,0,0,0,0,0,0,0,0,0,0,0,0,0,0,0,0,0,0,0,0,0,0,0,0,0,0,0,0,0,0,0,0,0,0,0,0,0,0,0,0,0,0,0,0,0,0,0,0,0
0,0,0,0,0,0,0,0,0,0,0,0,0,0,0,0,0,0,0,0,0,0,0,0,0,0,0,0,0,0,0,0,0,0,0,0,0,0,0,0,0,0,0,0,0,0,0,0,0,0,0,0,0,148,114,76,58,54,50,53,51,51,50,50,53,52,47,47,49,50,63,93,106,107,110,109,109,109,110,109,110,110,110,110,109,110,110,110,110,110,110,110,110,110,110,110,112,112,107,102,78,59,52,51,51,50,49,49,50,51,50,50,50,49,48,50,53,66,87,105,118,127,0,0,0,0,0,0,0,0,0,0,0,0,0,0,0,0,0,0,0,0,0,0,0,0,0,0,0,0,0,0,0,0,0,0,0,0,0,0,0,0,0,0,0,0,0,0,0,0,0,0,0,0,0
0,0,0,0,0,0,0,0,0,0,0,0,0,0,0,0,0,0,0,0,0,0,0,0,0,0,0,0,0,0,0,0,0,0,0,0,0,0,0,0,0,0,0,0,0,0,0,0,0,0,0,0,161,131,92,64,51,53,50,53,52,52,50,50,52,52,45,47,49,58,80,100,105,108,110,109,110,109,111,110,110,110,110,110,110,110,110,110,110,110,110,110,110,111,110,110,112,111,107,106,91,69,55,52,50,50,49,49,50,50,47,49,50,49,49,48,47,56,70,96,112,122,0,0,0,0,0,0,0,0,0,0,0,0,0,0,0,0,0,0,0,0,0,0,0,0,0,0,0,0,0,0,0,0,0,0,0,0,0,0,0,0,0,0,0,0,0,0,0,0,0,0,0,0,0
0,0,0,0,0,0,0,0,0,0,0,0,0,0,0,0,0,0,0,0,0,0,0,0,0,0,0,0,0,0,0,0,0,0,0,0,0,0,0,0,0,0,0,0,0,0,0,0,0,0,0,161,147,107,74,58,52,52,51,49,51,51,49,52,50,51,47,46,49,72,95,107,108,109,111,110,110,109,111,109,109,110,110,110,110,110,110,110,110,110,110,109,110,111,110,110,111,113,108,106,104,85,63,51,50,50,49,48,49,48,47,48,49,49,49,48,45,49,57,82,101,118,124,0,0,0,0,0,0,0,0,0,0,0,0,0,0,0,0,0,0,0,0,0,0,0,0,0,0,0,0,0,0,0,0,0,0,0,0,0,0,0,0,0,0,0,0,0,0,0,0,0,0,0,0
0,0,0,0,0,0,0,0,0,0,0,0,0,0,0,0,0,0,0,0,0,0,0,0,0,0,0,0,0,0,0,0,0,0,0,0,0,0,0,0,0,0,0,0,0,0,0,0,0,0,0,154,126,87,62,54,52,53,51,51,51,49,49,50,50,49,50,46,54,86,101,107,105,109,110,110,110,110,110,110,110,110,110,110,110,110,110,110,110,110,109,108,109,110,109,110,112,111,111,109,110,98,78,54,50,50,50,46,49,48,50,49,49,49,47,49,45,45,48,64,84,115,121,129,0,0,0,0,0,0,0,0,0,0,0,0,0,0,0,0,0,0,0,0,0,0,0,0,0,0,0,0,0,0,0,0,0,0,0,0,0,0,0,0,0,0,0,0,0,0,0,0,0,0,0
0,0,0,0,0,0,0,0,0,0,0,0,0,0,0,0,0,0,0,0,0,0,0,0,0,0,0,0,0,0,0,0,0,0,0,0,0,0,0,0,0,0,0,0,0,0,0,0,0,0,161,139,97,65,55,51,50,52,51,50,51,49,49,51,51,52,49,55,72,98,108,110,109,109,110,110,110,110,110,111,110,111,111,111,111,111,111,111,111,110,110,110,109,109,110,110,108,111,109,108,112,107,94,71,51,52,49,48,49,49,50,48,50,50,49,50,48,48,51,61,78,90,110,124,0,0,0,0,0,0,0,0,0,0,0,0,0,0,0,0,0,0,0,0,0,0,0,0,0,0,0,0,0,0,0,0,0,0,0,0,0,0,0,0,0,0,0,0,0,0,0,0,0,0,0
0,0,0,0,0,0,0,0,0,0,0,0,0,0,0,0,0,0,0,0,0,0,0,0,0,0,0,0,0,0,0,0,0,0,0,0,0,0,0,0,0,0,0,0,0,0,0,0,0,0,152,118,78,57,52,50,52,49,51,50,49,48,48,51,50,50,53,62,89,108,108,110,112,109,110,110,110,110,110,110,110,111,111,111,111,111,111,111,111,111,110,110,109,108,108,109,108,109,109,108,111,110,104,85,59,51,47,48,51,50,50,47,49,50,49,50,50,48,48,52,63,75,97,113,125,0,0,0,0,0,0,0,0,0,0,0,0,0,0,0,0,0,0,0,0,0,0,0,0,0,0,0,0,0,0,0,0,0,0,0,0,0,0,0,0,0,0,0,0,0,0,0,0,0,0
0,0,0,0,0,0,0,0,0,0,0,0,0,0,0,0,0,0,0,0,0,0,0,0,0,0,0,0,0,0,0,0,0,0,0,0,0,0,0,0,0,0,0,0,0,0,0,0,0,160,138,98,65,52,52,52,50,50,50,50,48,48,49,49,49,51,50,81,105,103,108,110,110,109,110,109,110,110,110,110,110,111,111,111,111,111,111,111,111,110,109,110,110,109,109,110,110,109,109,109,109,110,110,99,77,60,50,49,51,50,47,46,48,49,47,48,51,49,49,48,54,65,82,98,116,119,0,0,0,0,0,0,0,0,0,0,0,0,0,0,0,0,0,0,0,0,0,0,0,0,0,0,0,0,0,0,0,0,0,0,0,0,0,0,0,0,0,0,0,0,0,0,0,0,0
0,0,0,0,0,0,0,0,0,0,0,0,0,0,0,0,0,0,0,0,0,0,0,0,0,0,0,0,0,0,0,0,0,0,0,0,0,0,0,0,0,0,0,0,0,0,0,0,165,151,108,69,58,54,50,54,51,52,49,53,51,50,52,50,51,51,71,93,110,108,107,112,112,110,110,110,110,110,109,110,110,111,111,111,111,111,111,111,111,111,111,112,112,110,110,110,109,110,111,111,110,109,108,106,97,73,55,50,51,53,48,49,50,49,47,48,52,51,50,48,50,57,67,86,106,117,0,0,0,0,0,0,0,0,0,0,0,0,0,0,0,0,0,0,0,0,0,0,0,0,0,0,0,0,0,0,0,0,0,0,0,0,0,0,0,0,0,0,0,0,0,0,0,0,0
0,0,0,0,0,0,0,0,0,0,0,0,0,0,0,0,0,0,0,0,0,0,0,0,0,0,0,0,0,0,0,0,0,0,0,0,0,0,0,0,0,0,0,0,0,0,0,0,157,131,85,58,57,54,51,54,50,49,47,52,52,50,51,50,48,61,82,101,109,108,109,111,109,111,111,112,111,111,110,110,110,113,112,111,112,111,110,109,110,108,108,109,109,108,108,109,108,109,111,111,111,110,105,106,106,87,64,52,52,55,51,50,49,49,47,49,52,52,51,49,49,49,57,75,97,110,120,0,0,0,0,0,0,0,0,0,0,0,0,0,0,0,0,0,0,0,0,0,0,0,0,0,0,0,0,0,0,0,0,0,0,0,0,0,0,0,0,0,0,0,0,0,0,0,0
0,0,0,0,0,0,0,0,0,0,0,0,0,0,0,0,0,0,0,0,0,0,0,0,0,0,0,0,0,0,0,0,0,0,0,0,0,0,0,0,0,0,0,0,0,0,0,163,146,98,68,56,51,50,52,53,51,50,51,50,53,52,52,51,47,74,96,106,108,111,109,111,109,109,110,112,112,112,112,111,111,113,112,111,112,111,110,110,110,110,109,109,110,110,111,112,111,110,110,107,108,109,105,106,108,101,78,56,51,50,51,49,48,48,46,48,50,50,49,50,49,47,53,62,85,98,116,118,0,0,0,0,0,0,0,0,0,0,0,0,0,0,0,0,0,0,0,0,0,0,0,0,0,0,0,0,0,0,0,0,0,0,0,0,0,0,0,0,0,0,0,0,0,0,0
0,0,0,0,0,0,0,0,0,0,0,0,0,0,0,0,0,0,0,0,0,0,0,0,0,0,0,0,0,0,0,0,0,0,0,0,0,0,0,0,0,0,0,0,0,0,0,155,118,80,59,52,49,50,49,50,51,51,52,49,51,51,52,51,56,87,106,109,108,111,108,110,111,109,109,111,112,112,112,111,111,111,111,111,111,111,112,111,110,112,110,110,111,110,110,110,110,112,110,105,107,109,108,109,110,106,94,71,55,48,51,50,50,49,49,48,48,47,48,48,49,48,51,53,69,87,107,114,0,0,0,0,0,0,0,0,0,0,0,0,0,0,0,0,0,0,0,0,0,0,0,0,0,0,0,0,0,0,0,0,0,0,0,0,0,0,0,0,0,0,0,0,0,0,0
0,0,0,0,0,0,0,0,0,0,0,0,0,0,0,0,0,0,0,0,0,0,0,0,0,0,0,0,0,0,0,0,0,0,0,0,0,0,0,0,0,0,0,0,0,0,156,135,93,63,53,51,53,54,49,53,50,50,51,52,52,50,52,53,75,98,106,110,111,111,110,110,111,111,110,112,112,111,111,109,110,111,112,111,110,111,113,112,110,110,109,109,111,110,109,108,108,110,108,106,109,110,110,110,110,108,107,90,64,53,51,51,48,48,49,47,49,47,48,48,48,48,51,50,55,76,95,112,119,0,0,0,0,0,0,0,0,0,0,0,0,0,0,0,0,0,0,0,0,0,0,0,0,0,0,0,0,0,0,0,0,0,0,0,0,0,0,0,0,0,0,0,0,0,0
0,0,0,0,0,0,0,0,0,0,0,0,0,0,0,0,0,0,0,0,0,0,0,0,0,0,0,0,0,0,0,0,0,0,0,0,0,0,0,0,0,0,0,0,0,154,150,113,78,54,53,51,50,54,51,55,47,47,50,52,50,54,50,64,97,104,107,109,111,111,110,110,111,111,110,110,112,112,111,111,111,110,113,109,108,112,113,110,110,109,110,109,108,109,109,106,108,108,106,110,114,110,109,111,110,108,110,100,81,58,51,52,49,49,49,49,50,48,49,49,50,49,52,47,51,66,80,99,113,117,0,0,0,0,0,0,0,0,0,0,0,0,0,0,0,0,0,0,0,0,0,0,0,0,0,0,0,0,0,0,0,0,0,0,0,0,0,0,0,0,0,0,0,0,0
0,0,0,0,0,0,0,0,0,0,0,0,0,0,0,0,0,0,0,0,0,0,0,0,0,0,0,0,0,0,0,0,0,0,0,0,0,0,0,0,0,0,0,0,0,154,132,91,63,55,54,51,49,51,50,53,48,46,47,50,53,50,55,78,103,107,108,109,111,112,111,111,111,110,111,112,113,113,112,111,111,111,111,109,107,108,111,109,110,111,107,105,103,101,99,99,106,109,110,112,113,110,109,110,106,107,107,107,98,71,53,51,50,48,48,48,49,50,50,50,49,50,52,48,48,56,68,87,102,112,0,0,0,0,0,0,0,0,0,0,0,0,0,0,0,0,0,0,0,0,0,0,0,0,0,0,0,0,0,0,0,0,0,0,0,0,0,0,0,0,0,0,0,0,0
0,0,0,0,0,0,0,0,0,0,0,0,0,0,0,0,0,0,0,0,0,0,0,0,0,0,0,0,0,0,0,0,0,0,0,0,0,0,0,0,0,0,0,0,157,147,110,73,52,54,54,52,49,48,49,52,52,50,54,48,50,49,64,91,106,108,108,109,111,111,111,111,111,110,111,111,111,111,111,112,112,112,110,111,109,105,108,108,110,106,99,93,81,69,63,66,80,96,106,111,111,108,109,113,112,107,104,107,108,87,63,54,51,50,49,50,49,50,48,50,50,50,50,49,49,51,58,75,92,105,115,0,0,0,0,0,0,0,0,0,0,0,0,0,0,0,0,0,0,0,0,0,0,0,0,0,0,0,0,0,0,0,0,0,0,0,0,0,0,0,0,0,0,0,0
0,0,0,0,0,0,0,0,0,0,0,0,0,0,0,0,0,0,0,0,0,0,0,0,0,0,0,0,0,0,0,0,0,0,0,0,0,0,0,0,0,0,0,0,153,126,82,58,50,52,50,50,52,50,53,52,49,51,47,53,51,59,90,101,106,107,108,110,111,111,110,110,110,111,111,111,110,110,112,113,113,112,109,110,111,109,109,103,98,85,72,55,40,36,35,34,43,67,81,96,107,109,108,112,111,109,106,106,109,102,82,64,54,47,48,51,49,49,49,50,51,50,49,51,51,50,51,61,78,96,108,115,0,0,0,0,0,0,0,0,0,0,0,0,0,0,0,0,0,0,0,0,0,0,0,0,0,0,0,0,0,0,0,0,0,0,0,0,0,0,0,0,0,0,0
0,0,0,0,0,0,0,0,0,0,0,0,0,0,0,0,0,0,0,0,0,0,0,0,0,0,0,0,0,0,0,0,0,0,0,0,0,0,0,0,0,0,0,158,135,101,68,54,49,55,51,51,51,48,53,54,52,53,48,54,50,68,98,102,107,107,108,110,111,111,110,110,109,107,110,112,112,110,109,110,112,111,109,108,106,100,89,76,64,48,40,33,28,29,30,27,28,35,47,65,87,99,104,111,113,108,111,110,109,109,100,77,56,50,49,51,49,48,49,50,50,50,49,51,51,51,49,52,64,85,99,110,0,0,0,0,0,0,0,0,0,0,0,0,0,0,0,0,0,0,0,0,0,0,0,0,0,0,0,0,0,0,0,0,0,0,0,0,0,0,0,0,0,0,0
0,0,0,0,0,0,0,0,0,0,0,0,0,0,0,0,0,0,0,0,0,0,0,0,0,0,0,0,0,0,0,0,0,0,0,0,0,0,0,0,0,0,150,151,120,83,57,52,51,49,50,53,52,47,47,49,49,53,52,48,59,87,104,109,109,109,109,110,111,111,111,111,110,109,108,108,109,111,111,110,108,105,105,104,94,77,57,44,35,33,27,27,29,28,29,30,29,28,29,35,50,71,90,103,108,106,111,111,107,110,109,91,65,54,50,51,50,47,48,49,50,48,49,50,49,51,51,50,55,73,90,104,110,0,0,0,0,0,0,0,0,0,0,0,0,0,0,0,0,0,0,0,0,0,0,0,0,0,0,0,0,0,0,0,0,0,0,0,0,0,0,0,0,0,0
0,0,0,0,0,0,0,0,0,0,0,0,0,0,0,0,0,0,0,0,0,0,0,0,0,0,0,0,0,0,0,0,0,0,0,0,0,0,0,0,0,0,154,136,102,67,52,53,51,52,53,52,50,50,48,49,50,51,47,58,80,93,104,110,112,110,111,111,111,111,111,111,110,109,111,112,111,110,110,109,108,110,94,80,61,46,33,30,27,25,25,26,28,26,24,27,27,28,30,30,31,39,53,74,95,103,107,109,106,111,112,100,84,58,49,51,52,50,49,49,49,49,49,49,49,49,50,49,48,61,78,95,105,111,0,0,0,0,0,0,0,0,0,0,0,0,0,0,0,0,0,0,0,0,0,0,0,0,0,0,0,0,0,0,0,0,0,0,0,0,0,0,0,0,0
0,0,0,0,0,0,0,0,0,0,0,0,0,0,0,0,0,0,0,0,0,0,0,0,0,0,0,0,0,0,0,0,0,0,0,0,0,0,0,0,0,158,151,110,78,57,51,51,51,50,53,51,48,52,48,49,51,50,49,63,93,102,109,109,110,110,111,111,111,111,110,110,111,109,110,111,111,112,111,105,99,87,63,48,34,33,29,30,27,27,29,24,25,28,27,28,28,28,27,27,26,28,32,54,89,97,103,106,106,111,108,103,101,74,54,50,50,52,50,50,48,49,46,47,50,49,50,50,47,54,67,85,98,106,0,0,0,0,0,0,0,0,0,0,0,0,0,0,0,0,0,0,0,0,0,0,0,0,0,0,0,0,0,0,0,0,0,0,0,0,0,0,0,0,0
0,0,0,0,0,0,0,0,0,0,0,0,0,0,0,0,0,0,0,0,0,0,0,0,0,0,0,0,0,0,0,0,0,0,0,0,0,0,0,0,0,149,127,95,66,56,52,51,49,50,52,52,50,50,49,50,53,54,52,75,98,106,106,110,111,111,111,110,110,109,111,111,110,110,108,111,110,107,106,95,72,60,43,32,28,29,29,28,28,28,28,23,24,27,25,24,28,28,28,29,28,29,32,61,92,96,107,109,108,110,108,106,103,92,68,51,54,53,47,48,50,49,47,47,47,48,49,50,48,53,55,72,90,101,107,0,0,0,0,0,0,0,0,0,0,0,0,0,0,0,0,0,0,0,0,0,0,0,0,0,0,0,0,0,0,0,0,0,0,0,0,0,0,0,0
0,0,0,0,0,0,0,0,0,0,0,0,0,0,0,0,0,0,0,0,0,0,0,0,0,0,0,0,0,0,0,0,0,0,0,0,0,0,0,0,160,148,114,76,55,52,51,50,51,51,52,53,49,51,49,50,55,55,63,86,104,110,108,111,111,111,112,111,111,110,110,111,110,109,111,113,110,104,87,65,47,38,32,31,28,27,28,29,30,29,27,27,28,27,25,27,27,26,29,29,26,26,47,76,97,101,110,111,110,110,109,108,107,104,85,59,49,50,50,51,47,49,47,47,47,48,49,50,49,49,49,61,78,94,104,110,0,0,0,0,0,0,0,0,0,0,0,0,0,0,0,0,0,0,0,0,0,0,0,0,0,0,0,0,0,0,0,0,0,0,0,0,0,0,0
0,0,0,0,0,0,0,0,0,0,0,0,0,0,0,0,0,0,0,0,0,0,0,0,0,0,0,0,0,0,0,0,0,0,0,0,0,0,0,153,155,129,93,63,52,51,52,49,50,50,49,53,49,47,51,52,49,58,80,99,109,109,108,109,109,111,113,111,111,109,109,109,108,107,108,108,99,82,60,42,30,29,28,27,24,25,28,29,28,27,26,25,30,25,28,28,26,26,25,23,24,35,69,94,106,104,110,111,109,108,108,109,109,105,103,76,53,51,52,50,47,48,48,48,47,49,48,49,48,48,47,52,64,84,100,108,0,0,0,0,0,0,0,0,0,0,0,0,0,0,0,0,0,0,0,0,0,0,0,0,0,0,0,0,0,0,0,0,0,0,0,0,0,0,0
0,0,0,0,0,0,0,0,0,0,0,0,0,0,0,0,0,0,0,0,0,0,0,0,0,0,0,0,0,0,0,0,0,0,0,0,0,0,0,156,141,102,71,56,54,51,50,50,51,50,48,50,49,44,53,53,51,69,97,108,111,108,108,109,109,111,112,110,111,111,111,111,109,109,105,98,78,54,38,32,28,28,29,29,24,25,27,27,25,25,25,26,25,27,26,28,29,26,26,24,30,55,86,101,104,107,110,111,110,108,108,109,110,104,109,90,65,54,50,49,49,49,49,49,48,49,48,49,50,48,47,47,54,71,90,101,109,0,0,0,0,0,0,0,0,0,0,0,0,0,0,0,0,0,0,0,0,0,0,0,0,0,0,0,0,0,0,0,0,0,0,0,0,0,0
0,0,0,0,0,0,0,0,0,0,0,0,0,0,0,0,0,0,0,0,0,0,0,0,0,0,0,0,0,0,0,0,0,0,0,0,0,0,159,153,117,80,54,51,54,51,48,50,51,50,51,48,50,48,49,48,61,85,106,109,111,109,110,108,109,110,111,108,111,111,112,112,109,105,96,76,49,35,28,24,25,25,27,27,24,26,27,28,29,28,30,26,25,26,27,24,26,24,28,31,44,72,96,107,109,110,111,111,110,109,108,109,110,109,108,98,85,62,48,54,48,49,49,48,46,48,48,49,50,48,49,48,51,62,79,94,106,108,0,0,0,0,0,0,0,0,0,0,0,0,0,0,0,0,0,0,0,0,0,0,0,0,0,0,0,0,0,0,0,0,0,0,0,0,0
0,0,0,0,0,0,0,0,0,0,0,0,0,0,0,0,0,0,0,0,0,0,0,0,0,0,0,0,0,0,0,0,0,0,0,0,0,0,159,132,92,67,48,49,52,50,49,51,49,49,51,49,50,50,46,54,78,97,107,105,111,112,112,108,109,111,111,108,110,110,112,113,108,98,79,52,31,28,28,25,26,30,29,27,25,26,25,24,24,25,24,26,24,26,25,26,27,28,27,35,63,87,101,107,110,110,110,109,108,108,108,109,110,109,108,104,103,77,52,55,48,49,48,47,46,48,48,49,49,47,48,47,47,52,66,83,100,106,0,0,0,0,0,0,0,0,0,0,0,0,0,0,0,0,0,0,0,0,0,0,0,0,0,0,0,0,0,0,0,0,0,0,0,0,0
0,0,0,0,0,0,0,0,0,0,0,0,0,0,0,0,0,0,0,0,0,0,0,0,0,0,0,0,0,0,0,0,0,0,0,0,0,154,146,110,74,58,50,49,48,47,49,52,51,49,49,50,49,46,52,75,96,104,107,106,111,113,111,110,109,110,111,109,110,111,113,110,99,76,52,35,26,25,26,27,26,25,27,28,27,27,26,26,25,24,26,27,28,22,24,23,26,24,28,48,84,101,107,106,108,109,109,107,107,109,109,109,110,107,109,109,107,92,67,56,52,51,50,50,49,50,50,50,50,50,49,48,47,47,56,73,91,102,109,0,0,0,0,0,0,0,0,0,0,0,0,0,0,0,0,0,0,0,0,0,0,0,0,0,0,0,0,0,0,0,0,0,0,0,0
0,0,0,0,0,0,0,0,0,0,0,0,0,0,0,0,0,0,0,0,0,0,0,0,0,0,0,0,0,0,0,0,0,0,0,0,154,154,130,89,58,53,50,48,48,49,49,49,50,50,49,50,52,45,58,84,99,104,108,109,109,110,109,111,108,110,112,111,111,110,109,98,79,47,31,29,30,27,26,28,27,25,27,27,25,25,26,28,28,27,25,22,27,27,31,26,26,25,43,73,98,106,110,108,108,108,108,107,107,109,110,110,111,111,107,112,109,106,90,61,53,52,51,52,50,48,47,49,50,50,48,48,49,45,49,63,79,95,106,110,0,0,0,0,0,0,0,0,0,0,0,0,0,0,0,0,0,0,0,0,0,0,0,0,0,0,0,0,0,0,0,0,0,0,0
0,0,0,0,0,0,0,0,0,0,0,0,0,0,0,0,0,0,0,0,0,0,0,0,0,0,0,0,0,0,0,0,0,0,0,0,161,144,100,67,52,52,50,50,48,50,50,50,49,51,50,52,49,51,71,93,102,105,107,112,109,109,110,111,110,110,111,111,112,111,103,85,55,37,28,25,27,28,29,27,27,29,28,28,27,24,25,27,27,26,24,22,25,24,29,33,39,51,73,94,110,107,109,109,110,109,109,109,109,108,108,109,110,110,110,110,110,108,101,77,58,49,50,49,49,49,47,46,50,49,49,49,49,49,48,54,66,83,101,103,0,0,0,0,0,0,0,0,0,0,0,0,0,0,0,0,0,0,0,0,0,0,0,0,0,0,0,0,0,0,0,0,0,0,0
0,0,0,0,0,0,0,0,0,0,0,0,0,0,0,0,0,0,0,0,0,0,0,0,0,0,0,0,0,0,0,0,0,0,0,152,153,122,83,59,49,54,51,50,49,50,49,48,47,46,51,50,50,62,89,99,105,106,109,111,108,110,110,111,110,109,110,111,111,103,85,62,36,30,28,28,29,27,27,27,28,28,26,24,26,27,27,26,26,24,27,24,25,32,47,66,83,88,100,105,108,110,109,108,109,109,110,110,108,107,108,110,110,109,109,111,110,107,104,91,69,54,49,49,49,47,47,46,47,49,49,49,50,49,47,50,57,69,89,100,108,0,0,0,0,0,0,0,0,0,0,0,0,0,0,0,0,0,0,0,0,0,0,0,0,0,0,0,0,0,0,0,0,0,0
0,0,0,0,0,0,0,0,0,0,0,0,0,0,0,0,0,0,0,0,0,0,0,0,0,0,0,0,0,0,0,0,0,0,0,159,137,98,66,53,51,53,50,50,49,50,48,47,47,49,51,47,52,77,100,104,107,107,111,110,108,112,111,111,110,107,109,112,110,91,64,41,28,28,28,28,28,27,28,27,27,26,27,22,22,25,26,25,27,28,30,32,49,68,86,98,103,105,110,109,106,111,109,108,111,109,110,110,108,106,108,109,109,109,109,112,111,109,107,104,84,64,51,49,49,45,46,48,49,49,50,49,49,49,47,47,50,59,75,92,104,108,0,0,0,0,0,0,0,0,0,0,0,0,0,0,0,0,0,0,0,0,0,0,0,0,0,0,0,0,0,0,0,0,0
0,0,0,0,0,0,0,0,0,0,0,0,0,0,0,0,0,0,0,0,0,0,0,0,0,0,0,0,0,0,0,0,0,0,152,152,116,79,57,50,52,51,49,50,50,49,48,48,49,49,51,49,64,96,107,106,112,110,112,110,109,111,110,110,110,110,109,111,101,73,44,30,28,29,27,25,24,26,27,25,23,25,27,25,23,23,23,22,27,27,46,66,91,97,104,106,106,106,107,108,109,111,110,110,110,109,110,110,108,107,108,108,108,109,110,111,112,112,108,109,98,78,56,49,49,46,47,48,51,50,50,49,49,49,48,47,48,52,62,81,98,106,0,0,0,0,0,0,0,0,0,0,0,0,0,0,0,0,0,0,0,0,0,0,0,0,0,0,0,0,0,0,0,0,0
0,0,0,0,0,0,0,0,0,0,0,0,0,0,0,0,0,0,0,0,0,0,0,0,0,0,0,0,0,0,0,0,0,145,159,137,95,65,54,51,51,50,49,51,51,50,49,49,50,51,46,57,82,97,108,107,108,111,110,109,109,109,107,110,110,112,109,105,83,54,33,28,28,29,28,27,26,27,27,27,27,25,23,22,25,22,21,28,41,58,82,94,105,104,107,109,110,110,107,108,110,110,111,110,109,109,109,109,109,109,109,109,109,110,111,111,111,112,109,110,108,94,70,54,49,48,50,49,49,50,50,49,50,49,47,47,47,48,51,69,87,100,110,0,0,0,0,0,0,0,0,0,0,0,0,0,0,0,0,0,0,0,0,0,0,0,0,0,0,0,0,0,0,0,0
0,0,0,0,0,0,0,0,0,0,0,0,0,0,0,0,0,0,0,0,0,0,0,0,0,0,0,0,0,0,0,0,0,154,149,110,72,53,48,49,49,50,49,51,50,50,50,50,49,51,41,69,96,100,111,113,110,110,109,109,110,110,108,109,110,109,106,94,64,40,30,30,27,25,26,26,27,26,26,27,26,26,23,23,25,23,29,49,69,87,99,103,106,105,106,108,107,110,108,108,108,110,110,110,110,110,109,109,109,110,109,109,109,109,110,111,110,109,109,110,109,104,87,67,53,48,50,50,49,50,50,48,49,48,46,47,47,48,48,58,72,91,106,108,0,0,0,0,0,0,0,0,0,0,0,0,0,0,0,0,0,0,0,0,0,0,0,0,0,0,0,0,0,0,0
0,0,0,0,0,0,0,0,0,0,0,0,0,0,0,0,0,0,0,0,0,0,0,0,0,0,0,0,0,0,0,0,149,155,129,86,60,51,47,48,49,48,47,50,49,49,50,51,49,51,56,83,101,109,109,106,109,109,109,110,110,111,110,109,109,108,101,79,47,30,27,28,24,26,27,27,27,26,26,27,26,24,26,25,24,29,47,70,87,99,103,106,108,106,107,110,110,109,109,110,108,110,109,109,111,110,109,109,109,109,109,109,109,109,109,110,110,109,109,109,108,107,102,83,62,50,48,49,49,50,50,47,48,47,46,48,48,49,48,51,60,81,97,100,0,0,0,0,0,0,0,0,0,0,0,0,0,0,0,0,0,0,0,0,0,0,0,0,0,0,0,0,0,0,0
0,0,0,0,0,0,0,0,0,0,0,0,0,0,0,0,0,0,0,0,0,0,0,0,0,0,0,0,0,0,0,0,160,140,106,69,56,53,49,49,50,47,46,50,49,49,50,52,51,56,72,93,107,109,110,108,111,110,111,110,108,110,111,108,110,109,96,65,37,28,28,27,24,27,28,27,27,25,26,28,27,26,30,28,29,44,73,94,104,105,109,107,107,106,108,107,110,110,108,109,109,109,111,110,110,109,109,109,109,109,109,109,109,108,109,109,109,110,108,108,110,110,111,96,74,57,50,50,49,50,50,47,48,48,47,48,47,49,50,49,51,68,85,94,107,0,0,0,0,0,0,0,0,0,0,0,0,0,0,0,0,0,0,0,0,0,0,0,0,0,0,0,0,0,0
0,0,0,0,0,0,0,0,0,0,0,0,0,0,0,0,0,0,0,0,0,0,0,0,0,0,0,0,0,0,0,155,147,120,80,57,52,52,50,50,48,47,49,50,48,46,50,51,52,63,88,104,108,109,107,108,110,111,111,113,110,109,110,108,110,105,83,55,35,29,28,25,26,26,27,28,24,26,28,27,27,28,29,31,36,61,92,107,106,109,109,109,109,109,109,109,109,109,109,109,109,109,109,109,109,109,109,109,109,109,109,109,109,107,108,109,109,108,108,107,110,109,109,104,88,64,53,50,51,50,48,50,50,49,49,47,49,49,49,50,48,54,69,86,99,102,0,0,0,0,0,0,0,0,0,0,0,0,0,0,0,0,0,0,0,0,0,0,0,0,0,0,0,0,0
0,0,0,0,0,0,0,0,0,0,0,0,0,0,0,0,0,0,0,0,0,0,0,0,0,0,0,0,0,0,143,157,138,95,64,52,52,51,50,48,50,49,51,49,47,50,49,47,57,76,96,107,107,108,109,108,109,110,109,111,110,108,110,109,111,98,67,41,30,28,28,26,28,26,28,28,24,22,27,27,26,26,27,35,56,91,108,106,108,109,109,109,109,109,109,109,109,109,109,109,109,109,109,109,109,109,109,109,109,109,109,109,109,108,108,109,108,108,108,107,109,108,108,110,103,80,54,51,48,48,48,49,50,49,49,47,49,50,48,49,48,48,59,77,94,98,0,0,0,0,0,0,0,0,0,0,0,0,0,0,0,0,0,0,0,0,0,0,0,0,0,0,0,0,0
0,0,0,0,0,0,0,0,0,0,0,0,0,0,0,0,0,0,0,0,0,0,0,0,0,0,0,0,0,0,155,148,115,74,56,51,54,50,49,47,48,49,51,48,47,50,48,49,64,91,104,108,107,109,111,110,110,109,108,109,109,108,111,110,109,89,53,31,28,28,26,23,27,26,25,26,24,23,29,29,25,27,31,54,84,104,106,111,108,109,109,109,109,109,109,109,109,109,109,109,109,109,109,109,109,109,109,109,109,109,109,109,109,108,108,109,108,109,108,108,109,109,109,111,111,94,65,55,48,48,50,50,50,49,48,46,48,47,46,50,49,46,51,66,83,94,98,0,0,0,0,0,0,0,0,0,0,0,0,0,0,0,0,0,0,0,0,0,0,0,0,0,0,0,0
0,0,0,0,0,0,0,0,0,0,0,0,0,0,0,0,0,0,0,0,0,0,0,0,0,0,0,0,0,145,158,128,91,60,55,51,53,49,50,51,47,46,49,47,48,50,48,57,78,101,106,107,108,111,112,110,110,109,110,109,107,109,112,109,101,74,42,29,28,28,26,23,28,27,25,31,27,26,25,27,24,29,46,85,98,106,106,109,112,109,109,109,109,109,109,109,109,109,109,109,109,109,109,109,109,109,109,109,109,109,109,109,109,108,108,109,108,108,107,108,109,109,110,109,110,105,86,62,48,49,51,49,49,48,49,48,49,47,48,49,47,46,50,58,69,85,100,0,0,0,0,0,0,0,0,0,0,0,0,0,0,0,0,0,0,0,0,0,0,0,0,0,0,0,0
0,0,0,0,0,0,0,0,0,0,0,0,0,0,0,0,0,0,0,0,0,0,0,0,0,0,0,0,0,155,145,107,71,53,53,51,50,48,50,52,46,46,50,46,50,52,51,69,97,106,107,107,108,111,112,109,109,111,111,109,106,110,111,105,91,57,37,28,26,25,26,24,27,26,24,31,27,27,26,28,26,41,71,100,100,108,110,108,110,109,109,109,109,109,109,109,109,109,109,109,109,109,109,109,109,109,109,109,109,109,109,109,109,109,109,109,109,106,106,107,109,110,111,110,107,108,101,76,55,51,51,49,48,48,51,51,50,49,50,49,47,49,50,50,54,73,97,92,0,0,0,0,0,0,0,0,0,0,0,0,0,0,0,0,0,0,0,0,0,0,0,0,0,0,0
0,0,0,0,0,0,0,0,0,0,0,0,0,0,0,0,0,0,0,0,0,0,0,0,0,0,0,0,153,155,125,85,58,51,49,52,49,48,50,48,46,47,49,47,49,50,61,84,106,106,107,108,108,110,112,109,108,110,110,108,106,109,110,103,82,47,36,29,23,23,25,23,24,25,25,26,24,23,25,24,25,59,91,100,102,106,109,109,106,109,109,109,109,109,109,109,109,109,109,109,109,109,109,109,109,109,109,109,109,109,109,109,109,108,109,109,109,106,106,108,109,111,111,110,106,107,105,93,73,53,49,51,50,49,50,50,49,49,49,47,47,51,49,45,47,62,83,88,93,0,0,0,0,0,0,0,0,0,0,0,0,0,0,0,0,0,0,0,0,0,0,0,0,0,0
0,0,0,0,0,0,0,0,0,0,0,0,0,0,0,0,0,0,0,0,0,0,0,0,0,0,0,125,156,147,105,66,54,50,47,51,49,49,50,47,48,47,47,49,47,51,75,97,106,106,107,108,108,110,111,110,109,109,109,108,108,107,111,101,69,38,33,29,24,23,25,24,24,25,28,27,27,24,26,28,40,71,99,106,106,108,111,106,109,109,109,109,109,109,109,109,109,109,109,109,109,109,109,109,109,109,109,109,109,109,109,109,109,108,108,109,109,107,106,108,109,110,110,110,109,106,108,104,91,62,50,52,51,50,50,51,50,50,47,45,46,49,47,46,49,53,66,83,94,0,0,0,0,0,0,0,0,0,0,0,0,0,0,0,0,0,0,0,0,0,0,0,0,0,0
0,0,0,0,0,0,0,0,0,0,0,0,0,0,0,0,0,0,0,0,0,0,0,0,0,0,0,147,155,125,82,57,52,50,49,49,48,49,49,48,49,49,49,50,48,59,88,104,108,107,107,109,110,110,110,109,109,108,110,109,109,104,111,97,56,32,30,29,26,23,22,23,24,27,27,24,24,22,22,27,47,83,105,112,111,107,107,108,106,109,109,109,109,109,109,109,109,109,109,109,109,109,109,109,109,109,109,109,109,109,109,109,109,108,108,109,109,108,106,109,108,110,110,108,109,105,111,109,105,81,56,51,50,50,51,50,48,50,47,46,48,48,47,48,49,50,55,73,90,92,0,0,0,0,0,0,0,0,0,0,0,0,0,0,0,0,0,0,0,0,0,0,0,0,0
0,0,0,0,0,0,0,0,0,0,0,0,0,0,0,0,0,0,0,0,0,0,0,0,0,0,133,154,137,92,63,51,49,51,48,49,49,46,48,50,50,50,49,49,50,77,99,100,108,109,108,108,108,109,110,109,109,109,109,109,110,108,112,91,50,30,30,27,25,25,24,24,25,24,26,23,25,25,27,27,70,94,106,110,108,109,111,109,109,109,109,109,109,109,109,109,109,109,109,109,109,109,109,109,109,108,108,108,108,108,108,108,108,108,108,108,108,108,108,108,108,109,109,109,109,110,109,107,108,94,69,57,48,48,50,51,48,48,48,46,46,46,46,47,49,49,46,61,78,91,89,0,0,0,0,0,0,0,0,0,0,0,0,0,0,0,0,0,0,0,0,0,0,0,0
0,0,0,0,0,0,0,0,0,0,0,0,0,0,0,0,0,0,0,0,0,0,0,0,0,0,147,149,117,73,54,46,50,50,48,48,46,46,47,49,50,53,50,49,61,92,103,106,109,109,108,108,108,109,110,109,109,110,110,110,111,109,109,85,46,30,29,27,25,25,24,24,25,24,25,24,26,26,25,35,82,101,107,109,108,111,111,110,109,109,109,109,109,109,109,109,109,109,109,109,109,109,109,109,109,108,108,108,108,108,108,108,108,108,108,108,108,108,108,108,108,109,109,110,108,109,108,107,107,103,86,63,48,51,50,48,48,48,48,47,48,48,46,48,49,48,50,54,65,83,91,0,0,0,0,0,0,0,0,0,0,0,0,0,0,0,0,0,0,0,0,0,0,0,0
0,0,0,0,0,0,0,0,0,0,0,0,0,0,0,0,0,0,0,0,0,0,0,0,0,132,152,132,91,58,55,48,46,48,48,48,46,49,48,50,51,50,47,54,81,100,106,109,110,108,107,108,108,107,109,109,109,110,110,110,111,110,104,76,41,29,29,27,25,25,24,24,25,26,27,27,28,27,24,46,91,101,107,112,111,110,108,109,111,109,109,109,109,109,109,109,109,109,109,109,109,109,109,109,109,108,108,108,108,108,108,108,108,108,108,108,108,108,108,108,108,108,108,110,108,109,108,108,105,105,101,77,56,53,50,48,50,49,48,48,49,49,45,48,49,48,51,50,52,75,92,91,0,0,0,0,0,0,0,0,0,0,0,0,0,0,0,0,0,0,0,0,0,0,0
0,0,0,0,0,0,0,0,0,0,0,0,0,0,0,0,0,0,0,0,0,0,0,0,126,150,142,105,70,51,51,48,49,51,51,49,47,50,49,50,49,47,47,67,97,100,108,109,111,107,106,108,108,107,109,110,109,109,109,108,110,110,101,68,38,29,29,27,25,25,24,24,25,25,25,26,25,25,25,59,96,102,107,110,109,109,109,109,108,109,109,109,109,109,109,109,109,109,109,109,109,109,109,109,109,108,108,108,108,108,108,108,108,108,108,108,108,108,108,108,108,108,107,110,109,110,109,109,104,105,107,95,73,57,50,49,49,49,48,47,48,48,46,49,48,48,48,48,46,62,80,90,90,0,0,0,0,0,0,0,0,0,0,0,0,0,0,0,0,0,0,0,0,0,0
0,0,0,0,0,0,0,0,0,0,0,0,0,0,0,0,0,0,0,0,0,0,0,0,147,152,125,79,55,51,48,48,51,52,51,48,47,48,50,50,50,48,54,83,102,102,108,110,110,108,107,109,109,109,110,110,110,109,108,107,108,110,99,63,36,29,28,27,25,25,24,24,25,24,23,26,25,26,28,68,95,108,109,109,109,109,111,110,108,109,109,109,109,109,109,109,109,109,109,109,109,109,109,109,109,108,108,108,108,108,108,108,108,108,108,108,108,108,108,108,108,108,107,108,109,108,109,110,106,108,108,103,92,68,49,50,49,48,48,46,47,46,47,48,47,46,46,49,48,51,60,88,91,0,0,0,0,0,0,0,0,0,0,0,0,0,0,0,0,0,0,0,0,0,0
0,0,0,0,0,0,0,0,0,0,0,0,0,0,0,0,0,0,0,0,0,0,0,129,153,139,104,63,47,54,50,50,49,50,49,47,47,46,50,48,50,52,73,95,106,105,108,108,109,110,108,110,110,110,111,110,110,110,109,108,108,110,98,59,35,29,28,26,25,25,24,24,25,27,24,27,26,27,28,71,94,106,107,107,109,107,108,108,109,109,109,109,109,109,109,109,109,109,109,109,109,109,109,109,109,108,108,108,108,108,108,108,108,108,108,108,108,108,108,108,108,108,107,107,109,108,108,109,107,107,106,103,104,83,54,50,50,48,47,47,47,47,49,47,47,45,47,50,48,48,50,75,91,94,0,0,0,0,0,0,0,0,0,0,0,0,0,0,0,0,0,0,0,0,0
0,0,0,0,0,0,0,0,0,0,0,0,0,0,0,0,0,0,0,0,0,0,0,148,143,117,80,55,48,52,47,49,50,49,50,50,49,46,49,44,51,64,94,104,109,109,108,108,110,110,109,110,110,110,110,110,110,110,110,109,108,109,96,57,35,29,27,25,24,24,24,24,25,26,24,23,21,25,29,74,98,105,107,109,110,110,110,109,110,109,109,109,109,109,109,109,109,109,109,109,109,109,109,109,109,108,108,108,108,108,108,108,108,108,108,108,108,108,108,108,108,108,108,108,109,108,107,108,107,107,107,104,108,96,72,54,48,49,48,50,49,49,50,46,47,48,48,49,44,47,48,58,80,93,94,0,0,0,0,0,0,0,0,0,0,0,0,0,0,0,0,0,0,0,0
0,0,0,0,0,0,0,0,0,0,0,0,0,0,0,0,0,0,0,0,0,0,139,153,134,93,59,51,49,46,47,52,48,47,50,52,49,47,50,46,58,78,104,107,106,110,106,110,110,110,110,110,110,110,110,110,111,110,110,110,109,107,94,56,35,28,26,24,23,23,23,23,24,23,25,24,21,27,32,75,97,103,107,110,108,109,109,110,109,109,109,109,109,109,109,109,109,109,109,109,109,109,109,109,109,108,108,108,108,108,108,108,108,108,108,108,108,108,108,108,108,109,109,110,109,109,106,108,108,109,107,106,107,105,95,63,49,50,48,52,49,50,49,44,47,48,49,49,47,50,50,51,59,92,93,0,0,0,0,0,0,0,0,0,0,0,0,0,0,0,0,0,0,0,0
0,0,0,0,0,0,0,0,0,0,0,0,0,0,0,0,0,0,0,0,0,111,153,148,110,81,60,54,49,48,47,47,47,47,48,51,48,49,50,50,67,99,102,106,109,109,109,109,110,110,110,110,110,110,110,110,110,110,110,112,110,106,94,56,32,27,28,24,21,23,26,23,24,25,23,24,25,25,33,74,99,103,108,110,109,109,109,109,109,109,109,109,109,109,109,109,109,109,109,109,109,109,109,109,109,109,108,108,108,108,108,109,108,108,108,108,108,108,108,108,108,108,108,108,108,108,107,104,107,108,108,105,109,105,106,83,55,51,49,50,49,49,46,44,47,48,50,49,46,49,48,50,61,66,83,93,0,0,0,0,0,0,0,0,0,0,0,0,0,0,0,0,0,0,0
0,0,0,0,0,0,0,0,0,0,0,0,0,0,0,0,0,0,0,0,0,145,152,126,88,62,45,48,49,50,48,48,49,48,49,47,45,48,46,58,79,101,104,107,110,110,109,110,110,110,110,110,110,110,110,110,110,110,110,112,110,107,94,57,32,29,25,25,25,21,24,28,28,26,26,24,23,25,30,73,96,103,107,109,109,109,109,109,109,109,109,109,109,109,109,109,109,109,109,109,109,109,109,109,109,110,109,108,106,107,108,108,108,108,108,108,108,108,108,108,108,108,108,108,107,108,108,107,108,108,108,109,109,105,109,96,71,57,49,48,50,48,46,47,48,48,48,49,49,50,45,45,56,56,75,89,93,0,0,0,0,0,0,0,0,0,0,0,0,0,0,0,0,0,0
0,0,0,0,0,0,0,0,0,0,0,0,0,0,0,0,0,0,0,0,128,151,140,102,72,54,42,47,48,47,46,47,50,49,49,48,49,48,45,70,94,103,105,109,110,111,110,110,110,110,110,110,110,110,110,110,110,110,110,112,110,107,96,58,33,29,26,24,25,24,24,25,26,27,25,25,25,27,32,72,99,104,108,109,109,109,109,109,109,109,109,109,109,109,109,109,109,109,109,109,109,109,109,109,109,109,110,108,105,109,108,107,108,108,108,108,108,108,108,108,108,108,108,109,107,108,109,109,110,108,108,111,108,106,110,107,91,70,53,46,50,48,45,48,48,49,47,47,46,49,47,45,49,51,63,80,89,0,0,0,0,0,0,0,0,0,0,0,0,0,0,0,0,0,0
0,0,0,0,0,0,0,0,0,0,0,0,0,0,0,0,0,0,0,0,154,150,120,83,53,50,48,49,50,46,47,47,50,49,50,49,47,47,61,91,104,105,107,110,111,111,110,110,111,110,110,110,110,110,110,110,110,110,110,111,110,108,97,60,35,30,26,24,28,27,26,25,23,23,23,22,25,25,30,68,97,105,108,108,109,109,109,109,109,109,109,109,109,109,109,109,109,109,109,109,109,109,109,109,109,109,110,107,105,110,109,106,108,108,108,108,108,108,108,108,108,108,108,109,108,108,108,108,109,108,108,109,107,107,108,108,103,86,63,48,48,48,45,48,47,46,48,49,44,45,47,48,47,49,51,68,82,90,0,0,0,0,0,0,0,0,0,0,0,0,0,0,0,0,0
0,0,0,0,0,0,0,0,0,0,0,0,0,0,0,0,0,0,0,125,152,142,98,65,52,49,52,49,47,48,47,48,49,49,50,50,46,51,80,102,106,107,108,110,111,110,110,110,110,110,110,110,110,110,110,110,110,110,110,111,110,109,98,62,36,26,26,22,24,28,35,38,34,31,31,27,28,28,29,66,96,105,107,108,109,109,109,109,109,109,109,109,109,109,109,109,109,109,109,109,109,109,109,109,109,109,110,107,105,109,108,107,109,109,109,109,109,109,109,109,109,108,108,108,108,107,107,106,107,108,109,108,108,106,107,106,108,99,79,56,46,48,47,48,47,46,47,49,47,47,46,48,47,45,45,57,71,84,90,0,0,0,0,0,0,0,0,0,0,0,0,0,0,0,0
0,0,0,0,0,0,0,0,0,0,0,0,0,0,0,0,0,0,111,150,147,112,75,56,51,50,50,46,43,50,46,48,48,50,50,47,47,63,92,102,108,108,109,110,110,109,109,109,110,110,110,110,110,110,110,110,110,110,110,110,109,109,99,62,36,26,29,21,22,39,65,74,63,40,23,26,27,27,28,65,97,105,108,109,109,109,109,109,109,109,109,109,109,109,109,109,109,109,109,109,109,109,109,109,109,108,109,108,106,109,108,108,109,109,109,109,109,109,109,109,109,108,108,108,109,107,107,106,108,109,109,110,111,103,107,108,108,105,95,72,51,48,50,50,48,48,46,49,48,48,46,48,46,44,47,49,57,78,92,0,0,0,0,0,0,0,0,0,0,0,0,0,0,0,0
0,0,0,0,0,0,0,0,0,0,0,0,0,0,0,0,0,0,143,150,128,87,58,50,48,47,46,46,45,52,48,47,48,49,49,46,50,79,103,108,110,109,110,110,110,109,109,109,110,110,110,110,110,110,110,110,110,110,110,110,109,109,99,63,36,28,26,24,39,63,90,101,88,71,39,35,29,28,27,63,95,106,110,110,109,108,108,108,108,109,109,109,109,109,109,109,109,109,109,109,109,109,109,109,109,109,108,109,108,108,108,109,108,109,109,109,109,109,109,109,109,108,108,108,108,109,109,107,109,109,109,110,110,104,108,108,107,106,105,90,65,51,48,49,50,48,47,50,47,46,45,48,47,46,49,46,49,67,84,91,0,0,0,0,0,0,0,0,0,0,0,0,0,0,0
0,0,0,0,0,0,0,0,0,0,0,0,0,0,0,0,0,117,146,137,108,71,49,50,47,47,45,48,48,50,49,46,48,47,47,50,64,94,105,108,108,109,110,110,110,109,109,109,109,110,110,110,110,110,110,110,110,110,110,110,109,110,100,65,38,28,29,34,65,92,101,105,107,98,71,42,30,30,27,65,94,106,110,110,109,108,108,108,107,109,109,109,109,109,109,109,109,109,109,109,109,109,109,109,109,110,107,109,108,106,107,111,109,109,109,109,109,109,109,109,109,108,108,109,107,109,109,108,109,109,109,109,108,106,108,106,105,105,107,102,77,53,44,46,50,51,47,48,45,47,45,48,46,45,48,47,49,56,70,86,91,0,0,0,0,0,0,0,0,0,0,0,0,0,0
0,0,0,0,0,0,0,0,0,0,0,0,0,0,0,0,0,141,152,127,88,58,48,48,47,47,44,47,50,48,47,48,49,48,46,62,87,99,107,109,111,110,109,109,108,109,109,109,109,109,110,109,108,111,110,109,110,110,112,110,111,110,103,67,37,29,37,62,88,105,109,108,106,106,99,80,54,35,30,65,96,106,104,105,108,108,109,107,108,107,108,109,109,109,109,109,109,109,109,109,109,109,109,109,109,109,109,109,108,108,107,109,108,110,110,111,109,109,109,109,109,108,108,107,109,108,110,108,107,107,109,107,106,105,107,107,106,105,104,104,97,72,50,48,50,49,48,45,46,47,47,47,47,48,47,46,49,50,61,74,86,0,0,0,0,0,0,0,0,0,0,0,0,0,0
0,0,0,0,0,0,0,0,0,0,0,0,0,0,0,0,129,149,138,98,61,55,49,45,48,47,46,46,47,49,49,48,49,48,48,73,99,106,108,110,112,110,109,109,108,109,109,109,109,109,110,109,108,110,109,109,110,109,110,109,113,110,101,67,38,37,65,91,104,106,109,109,110,109,107,101,81,54,35,65,95,103,108,104,109,107,107,110,108,108,108,109,109,109,109,109,109,109,109,109,109,109,109,109,109,108,109,109,109,109,108,109,108,109,108,110,109,110,109,108,109,108,108,108,108,108,107,107,106,107,107,105,106,106,108,109,108,106,106,107,105,91,60,46,48,49,47,46,47,47,48,48,48,46,46,46,46,46,54,64,78,89,0,0,0,0,0,0,0,0,0,0,0,0,0
0,0,0,0,0,0,0,0,0,0,0,0,0,0,0,106,145,154,112,76,56,52,44,48,47,46,45,46,46,50,51,50,51,48,57,85,104,109,108,110,109,110,109,109,109,109,109,109,109,109,110,109,108,110,109,109,109,110,109,106,114,113,99,72,47,58,88,104,108,108,111,109,109,107,108,108,104,90,62,70,92,104,107,105,110,108,110,107,108,108,108,109,109,109,109,109,109,109,109,109,109,109,109,109,109,110,110,108,108,107,108,109,109,111,111,111,109,109,109,109,109,109,109,109,109,109,109,108,108,106,107,106,108,109,109,108,108,110,111,110,108,101,80,58,48,49,46,49,50,48,48,48,47,48,48,47,47,46,49,54,68,85,87,0,0,0,0,0,0,0,0,0,0,0,0
0,0,0,0,0,0,0,0,0,0,0,0,0,0,0,132,152,136,94,56,51,50,49,47,48,49,44,46,45,47,49,50,49,52,74,98,104,110,108,110,108,110,109,109,109,109,109,109,109,109,110,109,108,110,109,108,109,109,110,110,109,111,108,80,68,87,104,108,107,111,111,109,108,108,110,105,107,111,92,86,99,106,109,104,109,109,109,108,108,108,108,109,109,109,109,109,109,109,109,109,109,109,109,109,109,109,109,107,110,109,110,110,110,108,110,112,109,110,111,110,108,109,110,108,111,108,111,108,110,111,109,106,108,108,108,109,110,107,108,107,107,105,98,71,46,49,44,49,51,48,48,48,48,48,48,48,48,48,48,48,57,75,86,0,0,0,0,0,0,0,0,0,0,0,0
0,0,0,0,0,0,0,0,0,0,0,0,0,0,114,156,152,115,73,54,54,51,45,44,45,45,46,50,48,47,49,47,48,63,92,106,107,110,107,108,109,109,109,109,109,109,109,109,109,109,110,109,108,110,109,108,109,110,111,108,111,112,108,94,92,99,108,106,106,108,108,106,104,107,109,105,105,109,108,106,107,105,109,108,109,109,109,108,108,108,108,109,109,109,109,109,109,110,110,110,110,110,110,110,110,109,109,107,111,111,110,109,110,112,111,110,106,105,107,108,108,107,108,106,108,106,108,104,107,110,110,108,109,109,109,108,107,105,103,103,104,106,104,86,68,58,49,49,50,47,47,47,48,48,47,49,49,48,48,46,49,63,78,84,0,0,0,0,0,0,0,0,0,0,0
0,0,0,0,0,0,0,0,0,0,0,0,0,0,150,158,131,90,56,50,44,46,47,47,44,45,49,51,46,47,49,47,55,82,101,106,108,110,108,107,109,109,109,109,109,109,109,109,109,109,110,109,108,110,109,108,109,111,111,111,111,109,110,104,106,106,108,105,109,109,111,108,106,106,108,110,110,108,111,112,110,108,106,110,108,109,111,106,108,108,108,108,109,109,109,109,109,110,110,110,110,110,110,110,110,109,107,106,109,109,108,108,109,108,107,109,109,110,109,109,110,109,109,109,109,110,110,107,109,110,110,106,106,105,106,106,105,106,104,108,107,108,106,99,84,67,55,49,48,47,47,47,48,48,48,50,50,47,48,48,46,51,66,81,83,0,0,0,0,0,0,0,0,0,0
0,0,0,0,0,0,0,0,0,0,0,0,0,113,156,147,110,68,52,49,50,45,48,45,47,45,46,49,49,51,49,46,63,96,107,106,106,110,112,107,109,109,109,109,109,109,109,109,109,109,110,109,108,110,109,108,109,111,110,108,111,109,108,107,109,111,109,108,110,109,109,109,109,110,111,113,112,108,108,111,112,112,109,105,108,110,107,109,109,108,108,108,108,108,108,108,108,109,109,109,108,108,108,108,108,106,106,106,107,108,107,107,106,108,107,107,106,106,105,105,105,102,101,102,101,102,101,98,100,98,98,96,95,94,94,93,91,92,89,89,85,85,84,83,68,59,52,46,46,47,47,48,50,48,48,49,49,48,48,49,46,47,56,72,82,0,0,0,0,0,0,0,0,0,0
0,0,0,0,0,0,0,0,0,0,0,0,99,151,156,120,83,56,50,46,46,48,47,47,47,45,43,48,52,47,45,54,87,97,110,108,103,107,112,105,108,109,109,109,109,109,109,109,109,109,110,109,108,110,109,108,109,109,109,109,105,107,112,104,106,107,106,108,105,104,105,108,109,110,107,107,105,106,110,114,111,111,109,109,110,109,109,108,108,108,108,108,108,108,108,107,107,106,106,106,105,105,105,105,104,100,100,97,94,93,92,92,91,92,92,91,86,84,84,83,80,82,81,79,78,76,76,70,72,71,70,66,65,63,64,63,63,64,64,61,58,59,54,55,55,49,48,45,47,48,47,48,48,48,49,49,50,50,49,50,46,48,51,63,78,82,0,0,0,0,0,0,0,0,0
0,0,0,0,0,0,0,0,0,0,0,0,127,146,138,103,62,54,48,45,46,46,46,47,46,45,43,48,49,47,51,70,97,100,110,107,105,106,113,109,110,110,108,108,108,109,110,108,108,110,109,110,109,110,107,105,108,109,111,104,109,109,106,109,105,106,108,108,110,106,105,101,106,96,101,103,101,99,102,101,98,97,93,93,93,92,91,93,92,90,90,88,87,87,85,84,84,83,83,81,80,80,75,75,73,72,71,70,69,71,69,64,64,65,65,65,62,63,61,56,59,61,62,61,59,56,53,54,56,56,56,58,58,57,58,56,48,56,56,51,47,47,48,51,53,48,47,48,47,48,48,48,48,48,48,49,47,47,47,49,49,49,50,57,74,83,78,0,0,0,0,0,0,0,0
0,0,0,0,0,0,0,0,0,0,0,100,146,148,123,81,57,49,48,47,46,45,46,48,45,43,46,50,51,50,59,83,107,105,108,106,108,107,108,105,107,109,108,106,107,109,112,108,105,105,108,110,103,108,107,104,100,96,92,97,95,96,99,89,91,91,92,89,88,85,86,82,83,81,81,81,78,77,76,76,76,71,69,69,66,65,66,67,64,63,64,62,59,60,61,59,55,56,58,57,55,54,51,53,52,55,55,54,52,51,50,49,52,55,54,53,50,50,49,47,50,50,51,52,52,50,48,48,49,50,49,49,49,47,48,48,47,49,51,50,50,50,50,50,50,49,48,48,48,48,47,48,48,48,48,47,47,46,48,49,50,50,49,54,66,81,83,0,0,0,0,0,0,0,0
0,0,0,0,0,0,0,0,0,0,0,126,154,134,95,57,49,45,46,46,46,46,46,47,46,46,48,48,49,49,57,79,96,88,90,91,91,90,90,90,88,85,87,86,86,83,81,80,79,77,74,75,74,72,71,72,72,69,68,69,69,69,69,64,64,62,63,62,61,61,62,58,56,57,56,57,57,58,55,56,56,57,56,57,55,56,54,52,45,51,52,50,48,49,52,49,45,48,50,50,49,49,49,52,51,51,51,50,49,48,48,47,48,48,48,49,48,48,48,46,49,49,49,48,49,49,47,48,49,48,50,50,49,49,48,48,49,48,50,49,49,49,49,49,49,48,48,48,47,48,47,47,48,48,48,47,48,47,48,47,47,49,49,51,60,80,88,77,0,0,0,0,0,0,0
0,0,0,0,0,0,0,0,0,0,111,143,141,108,74,54,49,49,48,47,47,47,46,46,46,49,49,47,47,47,50,61,68,62,61,63,63,62,61,61,60,59,58,57,57,57,52,54,54,58,55,55,56,51,51,51,51,52,51,51,50,50,51,49,51,50,48,49,50,51,51,50,50,49,49,49,49,50,50,50,49,50,48,49,48,47,47,48,48,50,49,49,49,50,50,50,49,49,50,49,49,49,49,50,50,52,50,50,50,50,50,49,48,49,48,49,49,49,50,50,51,51,50,49,49,49,48,49,50,47,49,49,47,48,49,49,49,49,50,50,50,49,48,49,48,48,49,49,49,49,48,48,49,48,48,48,49,48,47,45,45,46,48,49,60,82,90,80,72,0,0,0,0,0,0
0,0,0,0,0,0,0,0,0,93,132,146,125,83,56,47,49,49,49,47,47,46,47,47,47,49,50,51,49,49,51,52,52,52,53,53,53,54,53,52,52,51,48,47,48,51,47,50,50,48,49,50,47,53,52,52,51,50,51,50,50,49,49,48,49,50,48,50,51,51,50,49,50,49,50,49,50,51,53,52,50,50,50,51,52,51,50,50,51,49,48,49,49,49,49,49,50,51,51,50,50,50,49,50,49,49,49,48,47,47,48,49,49,50,49,49,49,49,49,49,49,49,48,47,49,49,48,48,48,47,47,48,47,47,49,50,49,48,49,49,49,48,47,48,47,48,48,48,48,47,47,47,47,48,48,48,48,49,48,48,48,48,49,49,67,89,92,83,71,0,0,0,0,0,0
0,0,0,0,0,0,0,0,0,110,143,135,104,65,55,47,45,47,47,46,47,47,46,49,50,50,50,52,49,49,51,49,51,51,53,53,53,53,53,51,51,49,50,50,50,49,49,50,50,49,50,48,48,50,48,48,49,51,49,52,50,50,51,46,47,47,47,49,49,51,50,48,47,48,49,48,50,51,53,52,51,54,53,50,51,49,50,48,48,50,50,50,50,50,50,50,50,48,48,47,48,47,47,47,48,49,50,49,49,49,49,50,49,49,48,49,49,49,49,48,47,47,47,47,48,49,47,48,48,47,45,47,49,48,47,47,47,48,48,47,48,48,47,48,48,49,49,48,48,48,48,48,49,49,48,49,49,50,49,50,50,50,49,54,81,98,95,84,67,57,0,0,0,0,0
0,0,0,0,0,0,0,0,88,122,140,123,88,53,48,46,49,49,48,48,49,48,47,49,50,52,51,51,48,49,50,47,52,53,50,49,52,52,49,46,47,48,49,48,48,47,50,48,49,49,51,51,53,47,49,50,47,46,48,46,49,50,48,48,47,47,48,48,47,49,51,49,49,50,49,48,48,47,48,49,50,49,51,49,49,46,47,47,47,48,48,49,49,48,49,49,48,48,48,47,47,46,47,46,46,48,48,47,47,49,49,48,46,48,48,47,47,48,48,48,48,48,48,47,49,49,48,49,49,49,47,47,49,47,46,48,49,47,49,48,49,50,48,48,48,48,48,47,48,47,48,48,49,49,49,49,49,49,48,48,49,48,49,66,97,104,96,83,65,53,51,0,0,0,0
0,0,0,0,0,0,0,0,98,125,125,99,68,49,50,50,46,47,47,47,47,46,49,51,49,50,52,51,48,51,54,51,51,50,49,49,49,51,51,51,48,50,48,48,48,49,49,48,50,51,50,50,50,49,47,48,47,49,49,49,49,49,49,46,48,47,49,49,49,50,51,48,49,48,50,51,48,48,48,49,48,47,47,47,47,47,47,46,47,48,48,49,50,49,48,48,48,49,48,46,47,48,51,50,48,49,50,47,46,48,48,49,49,49,50,50,50,51,50,49,49,49,49,49,50,50,49,49,49,48,48,47,48,48,49,49,49,50,50,49,49,51,49,48,49,47,48,47,48,47,47,48,49,49,49,49,49,47,47,47,49,52,54,81,108,104,91,77,62,54,49,0,0,0,0
0,0,0,0,0,0,0,67,94,109,105,86,57,48,47,51,47,48,48,47,47,47,49,50,51,50,50,49,49,50,50,50,50,50,51,51,50,50,51,50,49,51,50,49,48,48,48,49,49,49,49,50,47,47,46,49,49,49,49,49,50,49,48,49,50,48,49,50,50,51,49,48,49,49,48,48,49,49,48,49,47,48,49,47,49,50,48,49,49,49,48,51,50,50,46,47,47,48,47,46,47,48,50,52,49,50,50,47,46,47,46,47,49,50,49,47,48,49,49,48,49,49,48,48,49,49,50,49,49,47,45,47,48,46,48,51,49,51,49,49,50,50,49,49,48,45,48,49,48,49,50,49,49,48,48,49,48,48,49,46,52,64,82,101,108,97,78,64,61,53,50,53,0,0,0
0,0,0,0,0,0,55,62,83,96,94,81,49,49,46,46,47,47,48,48,47,45,45,47,49,50,49,49,49,49,50,51,50,51,52,52,50,49,51,51,50,49,49,49,49,48,48,47,47,46,46,47,46,46,46,47,47,47,47,48,48,48,48,47,48,48,47,45,44,46,47,47,48,47,51,51,49,49,49,47,43,44,44,47,50,49,48,48,48,49,49,47,50,46,47,45,46,49,47,45,46,46,45,48,49,49,49,47,46,47,47,47,49,48,48,48,48,47,48,49,50,48,49,49,50,51,51,50,47,45,45,47,48,46,46,48,49,49,48,48,49,49,48,48,48,48,48,49,49,50,49,47,46,43,43,44,44,46,51,57,66,98,110,113,100,81,68,59,54,51,50,54,0,0,0
0,0,0,0,0,0,51,56,72,89,91,84,45,45,42,44,47,45,45,46,46,48,49,50,49,51,50,50,50,50,51,51,49,48,48,48,47,47,51,51,48,49,50,49,49,48,49,49,49,50,50,50,50,49,50,49,49,49,48,48,49,50,50,50,49,47,48,48,47,48,49,48,47,49,48,47,49,48,48,49,48,50,50,51,50,47,46,46,46,47,45,49,46,51,46,48,46,48,47,45,46,48,50,50,49,49,49,49,48,48,48,47,49,49,47,47,49,49,47,47,48,48,48,49,50,50,48,47,49,49,48,47,48,50,48,46,46,48,48,48,50,51,51,51,53,51,54,57,57,56,58,66,76,79,80,83,85,89,93,102,108,114,111,98,79,63,57,51,48,46,46,49,50,0,0
0,0,0,0,0,52,51,55,68,80,91,94,60,47,41,45,44,46,42,42,45,49,49,49,49,53,51,51,51,50,50,50,48,50,50,51,51,51,53,52,50,48,48,47,47,49,49,50,50,50,50,50,49,49,49,49,49,49,49,50,49,48,47,47,49,47,48,48,47,47,48,48,48,48,48,49,50,46,48,49,46,47,48,50,48,48,51,48,47,47,46,50,47,50,45,47,45,48,49,47,45,43,46,48,47,49,48,48,45,44,44,44,48,46,48,48,47,47,48,50,52,51,50,50,54,58,59,60,62,64,70,75,79,80,81,85,92,98,97,96,99,104,109,112,115,115,114,115,119,122,121,119,119,120,119,120,121,118,112,110,105,96,85,71,60,52,47,46,47,47,46,47,45,47,0
0,0,0,0,0,50,52,57,65,70,82,91,78,60,48,49,47,47,47,46,46,46,49,49,48,48,48,49,50,50,50,50,49,47,47,50,51,50,49,49,50,51,49,49,48,51,48,48,48,49,48,49,48,50,49,51,50,50,50,50,50,50,50,50,51,49,48,48,47,46,47,48,48,46,47,49,50,46,46,46,45,46,49,50,47,48,48,47,50,46,47,48,49,49,50,52,54,53,56,58,59,60,64,67,68,69,72,78,83,87,90,91,94,96,96,97,101,106,105,106,112,108,112,115,116,117,118,118,118,120,120,120,120,118,116,115,117,116,115,113,113,114,112,109,107,109,108,105,103,101,98,95,94,92,89,89,90,89,85,83,76,67,61,54,49,45,44,0,0,0,0,0,0,0,0
0,0,0,0,48,48,52,60,59,59,72,84,94,77,54,49,46,45,47,46,44,43,47,47,46,47,48,50,51,51,51,50,49,48,47,48,50,50,49,48,49,50,48,48,47,50,48,48,48,46,44,44,43,45,44,45,44,45,45,44,44,44,44,43,42,44,46,50,52,51,51,52,53,53,54,56,60,64,65,66,74,75,77,80,82,85,87,90,98,99,100,104,104,107,108,114,115,114,117,118,119,119,123,121,119,118,118,118,118,118,118,118,118,115,113,108,107,111,112,111,112,110,108,103,99,99,99,98,97,98,97,96,94,92,89,87,86,86,85,83,82,80,79,79,0,0,0,0,0,0,0,0,0,0,0,0,0,0,0,0,0,0,0,0,0,0,0,0,0,0,0,0,0,0,0
0,0,0,49,49,47,49,56,52,54,59,70,89,92,79,64,46,48,45,44,45,45,44,45,47,48,49,49,47,47,46,46,48,47,47,48,50,53,53,51,52,49,51,51,51,54,57,59,60,62,63,67,70,76,79,82,83,85,88,92,95,96,98,102,105,104,107,110,112,112,114,116,116,115,116,117,115,117,118,118,120,121,119,117,119,119,116,114,114,112,111,110,109,104,104,103,101,101,103,101,97,94,96,93,91,91,91,89,89,88,86,85,83,81,80,80,83,83,79,76,0,0,0,0,0,0,0,0,0,0,0,0,0,0,0,0,0,0,0,0,0,0,0,0,0,0,0,0,0,0,0,0,0,0,0,0,0,0,0,0,0,0,0,0,0,0,0,0,0,0,0,0,0,0,0
0,0,0,51,50,47,46,51,48,49,49,56,69,89,102,100,75,55,55,54,50,51,54,59,61,63,63,60,56,58,61,65,71,79,83,88,91,97,99,100,105,109,113,113,113,114,119,119,122,123,124,124,124,122,121,120,121,120,119,118,117,117,117,115,114,112,110,107,105,104,105,104,100,106,100,100,98,93,90,90,87,84,83,82,82,80,80,81,77,78,76,75,77,72,76,75,72,0,0,0,0,0,0,0,0,0,0,0,0,0,0,0,0,0,0,0,0,0,0,0,0,0,0,0,0,0,0,0,0,0,0,0,0,0,0,0,0,0,0,0,0,0,0,0,0,0,0,0,0,0,0,0,0,0,0,0,0,0,0,0,0,0,0,0,0,0,0,0,0,0,0,0,0,0,0
0,0,49,50,55,55,50,42,44,44,45,47,49,57,73,94,107,112,114,116,121,125,126,125,120,111,107,99,93,88,88,92,98,111,113,115,116,114,112,111,111,111,108,108,107,107,104,103,99,99,95,94,94,93,94,92,88,86,85,83,82,82,80,82,80,79,77,77,76,74,71,70,70,0,0,0,0,0,0,0,0,0,0,0,0,0,0,0,0,0,0,0,0,0,0,0,0,0,0,0,0,0,0,0,0,0,0,0,0,0,0,0,0,0,0,0,0,0,0,0,0,0,0,0,0,0,0,0,0,0,0,0,0,0,0,0,0,0,0,0,0,0,0,0,0,0,0,0,0,0,0,0,0,0,0,0,0,0,0,0,0,0,0,0,0,0,0,0,0,0,0,0,0,0,0
0,0,44,47,51,47,45,44,49,49,50,49,50,51,57,64,76,84,92,100,103,104,105,103,99,95,93,88,83,77,75,77,81,84,84,82,81,79,79,79,79,78,76,76,76,75,75,74,73,69,0,0,0,0,0,0,0,0,0,0,0,0,0,0,0,0,0,0,0,0,0,0,0,0,0,0,0,0,0,0,0,0,0,0,0,0,0,0,0,0,0,0,0,0,0,0,0,0,0,0,0,0,0,0,0,0,0,0,0,0,0,0,0,0,0,0,0,0,0,0,0,0,0,0,0,0,0,0,0,0,0,0,0,0,0,0,0,0,0,0,0,0,0,0,0,0,0,0,0,0,0,0,0,0,0,0,0,0,0,0,0,0,0,0,0,0,0,0,0,0,0,0,0,0,0
0,56,50,53,58,56,57,60,59,61,57,59,59,57,58,56,60,60,64,71,72,71,70,69,72,69,0,0,0,0,0,0,0,0,0,0,0,0,0,0,0,0,0,0,0,0,0,0,0,0,0,0,0,0,0,0,0,0,0,0,0,0,0,0,0,0,0,0,0,0,0,0,0,0,0,0,0,0,0,0,0,0,0,0,0,0,0,0,0,0,0,0,0,0,0,0,0,0,0,0,0,0,0,0,0,0,0,0,0,0,0,0,0,0,0,0,0,0,0,0,0,0,0,0,0,0,0,0,0,0,0,0,0,0,0,0,0,0,0,0,0,0,0,0,0,0,0,0,0,0,0,0,0,0,0,0,0,0,0,0,0,0,0,0,0,0,0,0,0,0,0,0,0,0,0
67,66,64,0,0,0,0,0,0,0,0,0,0,0,0,0,0,0,0,0,0,0,0,0,0,0,0,0,0,0,0,0,0,0,0,0,0,0,0,0,0,0,0,0,0,0,0,0,0,0,0,0,0,0,0,0,0,0,0,0,0,0,0,0,0,0,0,0,0,0,0,0,0,0,0,0,0,0,0,0,0,0,0,0,0,0,0,0,0,0,0,0,0,0,0,0,0,0,0,0,0,0,0,0,0,0,0,0,0,0,0,0,0,0,0,0,0,0,0,0,0,0,0,0,0,0,0,0,0,0,0,0,0,0,0,0,0,0,0,0,0,0,0,0,0,0,0,0,0,0,0,0,0,0,0,0,0,0,0,0,0,0,0,0,0,0,0,0,0,0,0,0,0,0,0
